  -4.3256481e-01  -1.4440041e+00   1.0000000e+00   5.0000000e-01
  -1.6655844e+00   6.1234029e-01   1.0000000e+00   5.0000000e-01
   1.2533231e-01  -1.3235030e+00   1.0000000e+00   5.0000000e-01
   2.8767642e-01  -6.6157668e-01   1.0000000e+00   5.0000000e-01
  -1.1464714e+00  -1.4611451e-01   1.0000000e+00   5.0000000e-01
   1.1909155e+00   2.4808496e-01   1.0000000e+00   5.0000000e-01
   1.1891642e+00  -7.6632557e-02   1.0000000e+00   5.0000000e-01
  -3.7633277e-02   1.7381700e+00   1.0000000e+00   5.0000000e-01
   3.2729236e-01   1.6219719e+00   1.0000000e+00   5.0000000e-01
   1.7463914e-01   6.2643590e-01   1.0000000e+00   5.0000000e-01
  -1.8670858e-01   9.1813590e-02   1.0000000e+00   5.0000000e-01
   7.2579055e-01  -8.0760705e-01   1.0000000e+00   5.0000000e-01
  -5.8831654e-01  -4.6133709e-01   1.0000000e+00   5.0000000e-01
   2.1831858e+00  -1.4059692e+00   1.0000000e+00   5.0000000e-01
  -1.3639588e-01  -3.7452963e-01   1.0000000e+00   5.0000000e-01
   1.1393131e-01  -4.7091124e-01   1.0000000e+00   5.0000000e-01
   1.0667682e+00   1.7512956e+00   1.0000000e+00   5.0000000e-01
   5.9281461e-02   7.5322462e-01   1.0000000e+00   5.0000000e-01
  -9.5648405e-02   6.4989341e-02   1.0000000e+00   5.0000000e-01
  -8.3234946e-01  -2.9276426e-01   1.0000000e+00   5.0000000e-01
   2.9441082e-01   8.2822847e-02   1.0000000e+00   5.0000000e-01
  -1.3361819e+00   7.6619148e-01   1.0000000e+00   5.0000000e-01
   7.1432455e-01   2.2368499e+00   1.0000000e+00   5.0000000e-01
   1.6235621e+00   3.2688673e-01   1.0000000e+00   5.0000000e-01
  -6.9177570e-01   8.6330394e-01   1.0000000e+00   5.0000000e-01
   8.5799667e-01   6.7938660e-01   1.0000000e+00   5.0000000e-01
   1.2540014e+00   5.5475763e-01   1.0000000e+00   5.0000000e-01
  -1.5937296e+00   1.0016304e+00   1.0000000e+00   5.0000000e-01
  -1.4409644e+00   1.2593651e+00   1.0000000e+00   5.0000000e-01
   5.7114762e-01   4.4151065e-02   1.0000000e+00   5.0000000e-01
  -3.9988558e-01  -3.1413767e-01   1.0000000e+00   5.0000000e-01
   6.8999738e-01   2.2670764e-01   1.0000000e+00   5.0000000e-01
   8.1562229e-01   9.9669193e-01   1.0000000e+00   5.0000000e-01
   7.1190832e-01   1.2159117e+00   1.0000000e+00   5.0000000e-01
   1.2902498e+00  -5.4270242e-01   1.0000000e+00   5.0000000e-01
   6.6860051e-01   9.1222834e-01   1.0000000e+00   5.0000000e-01
   1.1908381e+00  -1.7214113e-01   1.0000000e+00   5.0000000e-01
  -1.2024571e+00  -3.3595464e-01   1.0000000e+00   5.0000000e-01
  -1.9789558e-02   5.4148678e-01   1.0000000e+00   5.0000000e-01
  -1.5671730e-01   9.3211121e-01   1.0000000e+00   5.0000000e-01
  -1.6040856e+00  -5.7025265e-01   1.0000000e+00   5.0000000e-01
   2.5730423e-01  -1.4986054e+00   1.0000000e+00   5.0000000e-01
  -1.0564729e+00  -5.0345644e-02   1.0000000e+00   5.0000000e-01
   1.4151415e+00   5.5302477e-01   1.0000000e+00   5.0000000e-01
  -8.0509040e-01   8.3497887e-02   1.0000000e+00   5.0000000e-01
   5.2874301e-01   1.5775235e+00   1.0000000e+00   5.0000000e-01
   2.1932067e-01  -3.3077420e-01   1.0000000e+00   5.0000000e-01
  -9.2190162e-01   7.9515483e-01   1.0000000e+00   5.0000000e-01
  -2.1706745e+00  -7.8480015e-01   1.0000000e+00   5.0000000e-01
  -5.9187825e-02  -1.2631215e+00   1.0000000e+00   5.0000000e-01
  -1.0106337e+00   6.6665499e-01   1.0000000e+00   5.0000000e-01
   6.1446305e-01  -1.3926322e+00   1.0000000e+00   5.0000000e-01
   5.0774079e-01  -1.3005625e+00   1.0000000e+00   5.0000000e-01
   1.6924299e+00  -6.0502216e-01   1.0000000e+00   5.0000000e-01
   5.9128259e-01  -1.4885645e+00   1.0000000e+00   5.0000000e-01
  -6.4359520e-01   5.5854296e-01   1.0000000e+00   5.0000000e-01
   3.8033725e-01  -2.7735429e-01   1.0000000e+00   5.0000000e-01
  -1.0091155e+00  -1.2936848e+00   1.0000000e+00   5.0000000e-01
  -1.9510670e-02  -8.8843518e-01   1.0000000e+00   5.0000000e-01
  -4.8220789e-02  -9.8652008e-01   1.0000000e+00   5.0000000e-01
   4.3191842e-05  -7.1617644e-02   1.0000000e+00   5.0000000e-01
  -3.1785945e-01  -2.4145909e+00   1.0000000e+00   5.0000000e-01
   1.0950037e+00  -6.9434901e-01   1.0000000e+00   5.0000000e-01
  -1.8739903e+00  -1.3913890e+00   1.0000000e+00   5.0000000e-01
   4.2818327e-01   3.2964780e-01   1.0000000e+00   5.0000000e-01
   8.9563847e-01   5.9854448e-01   1.0000000e+00   5.0000000e-01
   7.3095734e-01   1.4717540e-01   1.0000000e+00   5.0000000e-01
   5.7785735e-01  -1.0143899e-01   1.0000000e+00   5.0000000e-01
   4.0314032e-02  -2.6349808e+00   1.0000000e+00   5.0000000e-01
   6.7708919e-01   2.8053414e-02   1.0000000e+00   5.0000000e-01
   5.6890021e-01  -8.7631013e-01   1.0000000e+00   5.0000000e-01
  -2.5564542e-01  -2.6547745e-01   1.0000000e+00   5.0000000e-01
  -3.7746896e-01  -3.2757791e-01   1.0000000e+00   5.0000000e-01
  -2.9588711e-01  -1.1582475e+00   1.0000000e+00   5.0000000e-01
  -1.4751345e+00   5.8005321e-01   1.0000000e+00   5.0000000e-01
  -2.3400405e-01   2.3975573e-01   1.0000000e+00   5.0000000e-01
   1.1844484e-01  -3.5088492e-01   1.0000000e+00   5.0000000e-01
   3.1480904e-01   8.9209848e-01   1.0000000e+00   5.0000000e-01
   1.4435082e+00   1.5782988e+00   1.0000000e+00   5.0000000e-01
  -3.5097474e-01  -1.1081739e+00   1.0000000e+00   5.0000000e-01
   6.2323385e-01  -2.5931047e-02   1.0000000e+00   5.0000000e-01
   7.9904862e-01  -1.1106277e+00   1.0000000e+00   5.0000000e-01
   9.4088994e-01   7.5083418e-01   1.0000000e+00   5.0000000e-01
  -9.9209174e-01   5.0016703e-01   1.0000000e+00   5.0000000e-01
   2.1203515e-01  -5.1726088e-01   1.0000000e+00   5.0000000e-01
   2.3788207e-01  -5.5920949e-01   1.0000000e+00   5.0000000e-01
  -1.0077634e+00  -7.5337062e-01   1.0000000e+00   5.0000000e-01
  -7.4204475e-01   9.2581269e-01   1.0000000e+00   5.0000000e-01
   1.0822950e+00  -2.4852032e-01   1.0000000e+00   5.0000000e-01
  -1.3149970e-01  -1.4983452e-01   1.0000000e+00   5.0000000e-01
   3.8988049e-01  -1.2584154e+00   1.0000000e+00   5.0000000e-01
   8.7987107e-02   3.1261988e-01   1.0000000e+00   5.0000000e-01
  -6.3546523e-01   2.6902769e+00   1.0000000e+00   5.0000000e-01
  -5.5957330e-01   2.8969629e-01   1.0000000e+00   5.0000000e-01
   4.4365349e-01  -1.4228030e+00   1.0000000e+00   5.0000000e-01
  -9.4990380e-01   2.4678572e-01   1.0000000e+00   5.0000000e-01
   7.8118162e-01  -1.4357729e+00   1.0000000e+00   5.0000000e-01
   5.6896065e-01   1.4857313e-01   1.0000000e+00   5.0000000e-01
  -8.2171429e-01  -1.6930726e+00   1.0000000e+00   5.0000000e-01
  -2.6560685e-01   7.1918848e-01   1.0000000e+00   5.0000000e-01
  -1.1877770e+00   1.1417728e+00   1.0000000e+00   5.0000000e-01
  -2.2023207e+00   1.5519363e+00   1.0000000e+00   5.0000000e-01
   9.8633739e-01   1.3836301e+00   1.0000000e+00   5.0000000e-01
  -5.1863507e-01  -7.5809225e-01   1.0000000e+00   5.0000000e-01
   3.2736756e-01   4.4266274e-01   1.0000000e+00   5.0000000e-01
   2.3405701e-01   9.1109790e-01   1.0000000e+00   5.0000000e-01
   2.1466139e-02  -1.0740856e+00   1.0000000e+00   5.0000000e-01
  -1.0039445e+00   2.0176191e-01   1.0000000e+00   5.0000000e-01
  -9.4714606e-01   7.6286322e-01   1.0000000e+00   5.0000000e-01
  -3.7442920e-01  -1.2881872e+00   1.0000000e+00   5.0000000e-01
  -1.1858862e+00  -9.5296182e-01   1.0000000e+00   5.0000000e-01
  -1.0559029e+00   7.7817450e-01   1.0000000e+00   5.0000000e-01
   1.4724799e+00  -6.3310696e-03   1.0000000e+00   5.0000000e-01
   5.5743832e-02   5.2448681e-01   1.0000000e+00   5.0000000e-01
  -1.2173175e+00   1.3642718e+00   1.0000000e+00   5.0000000e-01
  -4.1227134e-02   4.8203933e-01   1.0000000e+00   5.0000000e-01
  -1.1283439e+00  -7.8706585e-01   1.0000000e+00   5.0000000e-01
  -1.3492775e+00   7.5199927e-01   1.0000000e+00   5.0000000e-01
  -2.6110162e-01  -1.6688791e-01   1.0000000e+00   5.0000000e-01
   9.5346545e-01  -8.1622811e-01   1.0000000e+00   5.0000000e-01
   1.2864443e-01   2.0940652e+00   1.0000000e+00   5.0000000e-01
   6.5646751e-01   8.0152532e-02   1.0000000e+00   5.0000000e-01
  -1.1678194e+00  -9.3729507e-01   1.0000000e+00   5.0000000e-01
  -4.6060518e-01   6.3573878e-01   1.0000000e+00   5.0000000e-01
  -2.6243995e-01   1.6820280e+00   1.0000000e+00   5.0000000e-01
  -1.2131521e+00   5.9363417e-01   1.0000000e+00   5.0000000e-01
  -1.3194370e+00   7.9015288e-01   1.0000000e+00   5.0000000e-01
   9.3121751e-01   1.0525385e-01   1.0000000e+00   5.0000000e-01
   1.1244896e-02  -1.5857856e-01   1.0000000e+00   5.0000000e-01
  -6.4514582e-01   8.7090745e-01   1.0000000e+00   5.0000000e-01
   8.0572879e-01  -1.9475893e-01   1.0000000e+00   5.0000000e-01
   2.3162601e-01   7.5474485e-02   1.0000000e+00   5.0000000e-01
  -9.8975967e-01  -5.2663484e-01   1.0000000e+00   5.0000000e-01
   1.3395857e+00  -6.8548438e-01   1.0000000e+00   5.0000000e-01
   2.8950203e-01  -2.6838765e-01   1.0000000e+00   5.0000000e-01
   1.4789171e+00  -1.1883460e+00   1.0000000e+00   5.0000000e-01
   1.1380280e+00   2.4857898e-01   1.0000000e+00   5.0000000e-01
  -6.8413859e-01   1.0245162e-01   1.0000000e+00   5.0000000e-01
  -1.2919360e+00  -4.1006877e-02   1.0000000e+00   5.0000000e-01
  -7.2926276e-02  -2.2475823e+00   1.0000000e+00   5.0000000e-01
  -3.3059888e-01  -5.1077648e-01   1.0000000e+00   5.0000000e-01
  -8.4362764e-01   2.4924264e-01   1.0000000e+00   5.0000000e-01
   4.9776966e-01   3.6919671e-01   1.0000000e+00   5.0000000e-01
   1.4884905e+00   1.7919662e-01   1.0000000e+00   5.0000000e-01
  -5.4647589e-01  -3.7283412e-02   1.0000000e+00   5.0000000e-01
  -8.4675816e-01  -1.6033099e+00   1.0000000e+00   5.0000000e-01
  -2.4633653e-01   3.3937204e-01   1.0000000e+00   5.0000000e-01
   6.6302415e-01  -1.3113481e-01   1.0000000e+00   5.0000000e-01
  -8.5419737e-01   4.8518979e-01   1.0000000e+00   5.0000000e-01
  -1.2013148e+00   5.9875070e-01   1.0000000e+00   5.0000000e-01
  -1.1986943e-01  -8.6030887e-02   1.0000000e+00   5.0000000e-01
  -6.5294015e-02   3.2529205e-01   1.0000000e+00   5.0000000e-01
   4.8529556e-01  -3.3514323e-01   1.0000000e+00   5.0000000e-01
  -5.9549090e-01  -3.2244920e-01   1.0000000e+00   5.0000000e-01
  -1.4966774e-01  -3.8237413e-01   1.0000000e+00   5.0000000e-01
  -4.3475193e-01  -9.5337093e-01   1.0000000e+00   5.0000000e-01
  -7.9330223e-02   2.3357560e-01   1.0000000e+00   5.0000000e-01
   1.5351523e+00   1.2352447e+00   1.0000000e+00   5.0000000e-01
  -6.0648286e-01  -5.7853160e-01   1.0000000e+00   5.0000000e-01
  -1.3473627e+00  -5.0153737e-01   1.0000000e+00   5.0000000e-01
   4.6938312e-01   7.2286352e-01   1.0000000e+00   5.0000000e-01
  -9.0356694e-01   3.9498485e-02   1.0000000e+00   5.0000000e-01
   3.5879639e-02   1.5412788e+00   1.0000000e+00   5.0000000e-01
  -6.2753122e-01  -1.7010528e+00   1.0000000e+00   5.0000000e-01
   5.3539795e-01  -1.0337413e+00   1.0000000e+00   5.0000000e-01
   5.5288352e-01  -7.6370764e-01   1.0000000e+00   5.0000000e-01
  -2.0369048e-01   2.1764260e+00   1.0000000e+00   5.0000000e-01
  -2.0543247e+00   4.3161210e-01   1.0000000e+00   5.0000000e-01
   1.3256073e-01  -4.4376518e-01   1.0000000e+00   5.0000000e-01
   1.5929407e+00   2.9995868e-02   1.0000000e+00   5.0000000e-01
   1.0184118e+00  -3.1567087e-01   1.0000000e+00   5.0000000e-01
  -1.5804025e+00   9.7784570e-01   1.0000000e+00   5.0000000e-01
  -7.8661919e-02   1.8294874e-02   1.0000000e+00   5.0000000e-01
  -6.8165686e-01   8.1796283e-01   1.0000000e+00   5.0000000e-01
  -1.0245531e+00   7.0234110e-01   1.0000000e+00   5.0000000e-01
  -1.2343535e+00  -2.3127056e-01   1.0000000e+00   5.0000000e-01
   2.8880702e-01  -1.1368958e-01   1.0000000e+00   5.0000000e-01
  -4.2930300e-01   1.2794052e-01   1.0000000e+00   5.0000000e-01
   5.5801190e-02  -7.9940970e-01   1.0000000e+00   5.0000000e-01
  -3.6787357e-01  -2.3861196e-01   1.0000000e+00   5.0000000e-01
  -4.6497337e-01  -8.9463238e-02   1.0000000e+00   5.0000000e-01
   3.7096058e-01  -1.0232642e+00   1.0000000e+00   5.0000000e-01
   7.2828293e-01   9.3753792e-01   1.0000000e+00   5.0000000e-01
   2.1121602e+00  -1.1317193e+00   1.0000000e+00   5.0000000e-01
  -1.3572977e+00  -7.1070209e-01   1.0000000e+00   5.0000000e-01
  -1.0226101e+00  -1.1695009e+00   1.0000000e+00   5.0000000e-01
   1.0378342e+00   1.0654371e+00   1.0000000e+00   5.0000000e-01
  -3.8979955e-01  -6.8039374e-01   1.0000000e+00   5.0000000e-01
  -1.3812656e+00  -1.7257727e+00   1.0000000e+00   5.0000000e-01
   3.1554263e-01   8.1319960e-01   1.0000000e+00   5.0000000e-01
   1.5532426e+00   1.4418666e+00   1.0000000e+00   5.0000000e-01
   7.0789388e-01   6.7227220e-01   1.0000000e+00   5.0000000e-01
   1.9573848e+00   1.3866496e-01   1.0000000e+00   5.0000000e-01
   5.0454235e-01  -8.5953393e-01   1.0000000e+00   5.0000000e-01
   1.8645290e+00  -7.5225056e-01   1.0000000e+00   5.0000000e-01
  -3.3981178e-01   1.2296151e+00   1.0000000e+00   5.0000000e-01
  -1.1397794e+00   1.1507544e+00   1.0000000e+00   5.0000000e-01
  -2.1112348e-01  -6.0802501e-01   1.0000000e+00   5.0000000e-01
   1.1902449e+00   8.0615792e-01   1.0000000e+00   5.0000000e-01
  -1.1162088e+00   2.1713285e-01   1.0000000e+00   5.0000000e-01
   6.3527413e-01  -3.7346107e-01   1.0000000e+00   5.0000000e-01
  -6.0141213e-01  -8.3203043e-01   1.0000000e+00   5.0000000e-01
   5.5118471e-01   2.8686630e-01   1.0000000e+00   5.0000000e-01
  -1.0998405e+00  -1.8188916e+00   1.0000000e+00   5.0000000e-01
   8.5990593e-02  -1.5730514e+00   1.0000000e+00   5.0000000e-01
  -2.0045633e+00   2.0156657e+00   1.0000000e+00   5.0000000e-01
  -4.9308792e-01  -7.1982024e-02   1.0000000e+00   5.0000000e-01
   4.6204801e-01   2.6289094e+00   1.0000000e+00   5.0000000e-01
  -3.2100469e-01  -2.4331695e-01   1.0000000e+00   5.0000000e-01
   1.2365557e+00   1.7327649e-01   1.0000000e+00   5.0000000e-01
  -6.3127966e-01   9.2320708e-01   1.0000000e+00   5.0000000e-01
  -2.3252111e+00  -1.7855300e-01   1.0000000e+00   5.0000000e-01
  -1.2316365e+00  -5.2170491e-01   1.0000000e+00   5.0000000e-01
   1.0556484e+00   1.4319620e+00   1.0000000e+00   5.0000000e-01
  -1.1322399e-01  -8.7011745e-01   1.0000000e+00   5.0000000e-01
   3.7922362e-01   8.0754179e-01   1.0000000e+00   5.0000000e-01
   9.4419973e-01  -5.1063464e-01   1.0000000e+00   5.0000000e-01
  -2.1204267e+00   7.4351413e-01   1.0000000e+00   5.0000000e-01
  -6.4467892e-01   8.4789830e-01   1.0000000e+00   5.0000000e-01
  -7.0430173e-01  -8.2990072e-01   1.0000000e+00   5.0000000e-01
  -1.0181372e+00   5.3299443e-01   1.0000000e+00   5.0000000e-01
  -1.8208187e-01   1.0328484e+00   1.0000000e+00   5.0000000e-01
   1.5210132e+00  -1.0520240e+00   1.0000000e+00   5.0000000e-01
  -3.8438764e-02   3.6211374e-01   1.0000000e+00   5.0000000e-01
   1.2274480e+00  -3.6786617e-02   1.0000000e+00   5.0000000e-01
  -6.9620480e-01  -1.2276356e+00   1.0000000e+00   5.0000000e-01
   7.5244865e-03  -2.7509887e-01   1.0000000e+00   5.0000000e-01
  -7.8289304e-01  -1.6043524e-01   1.0000000e+00   5.0000000e-01
   5.8693856e-01  -1.0835748e+00   1.0000000e+00   5.0000000e-01
  -2.5120737e-01  -1.9542127e+00   1.0000000e+00   5.0000000e-01
   4.8013582e-01  -9.0948726e-01   1.0000000e+00   5.0000000e-01
   6.6815503e-01  -5.5787277e-03   1.0000000e+00   5.0000000e-01
  -7.8321196e-02  -1.7234899e+00   1.0000000e+00   5.0000000e-01
   8.8917262e-01   1.2630773e+00   1.0000000e+00   5.0000000e-01
   2.3092875e+00  -6.0043337e-01   1.0000000e+00   5.0000000e-01
   5.2463868e-01  -2.0639248e+00   1.0000000e+00   5.0000000e-01
  -1.1787324e-02   1.1091094e-01   1.0000000e+00   5.0000000e-01
   9.1314082e-01   1.4876143e+00   1.0000000e+00   5.0000000e-01
   5.5940679e-02   5.3002142e-02   1.0000000e+00   5.0000000e-01
  -1.1070699e+00   1.6198074e-01   1.0000000e+00   5.0000000e-01
   4.8549771e-01  -2.6877919e-02   1.0000000e+00   5.0000000e-01
  -5.0050738e-03   1.7357619e-01   1.0000000e+00   5.0000000e-01
  -2.7621786e-01   8.8216775e-01   1.0000000e+00   5.0000000e-01
   1.2764525e+00   1.8229442e-01   1.0000000e+00   5.0000000e-01
   1.8634006e+00   7.5529542e-01   1.0000000e+00   5.0000000e-01
  -5.2255930e-01   5.0803455e-01   1.0000000e+00   5.0000000e-01
   1.0342445e-01   1.3188014e-01   1.0000000e+00   5.0000000e-01
  -8.0764913e-01   2.8010411e-01   1.0000000e+00   5.0000000e-01
   6.8043858e-01  -9.8284756e-01   1.0000000e+00   5.0000000e-01
  -2.3645898e+00  -9.4408743e-01   1.0000000e+00   5.0000000e-01
   9.9011487e-01  -1.3057516e-02   1.0000000e+00   5.0000000e-01
   2.1889912e-01   3.5434528e-01   1.0000000e+00   5.0000000e-01
   2.6166246e-01  -8.9470883e-01   1.0000000e+00   5.0000000e-01
   1.2134445e+00   8.1211102e-01   1.0000000e+00   5.0000000e-01
  -2.7466699e-01   1.0953735e-01   1.0000000e+00   5.0000000e-01
  -1.3313445e-01   2.7316440e+00   1.0000000e+00   5.0000000e-01
  -1.2705002e+00   4.1107915e-01   1.0000000e+00   5.0000000e-01
  -1.6636065e+00  -1.3068620e+00   1.0000000e+00   5.0000000e-01
  -7.0355426e-01   3.8380649e-01   1.0000000e+00   5.0000000e-01
   2.8088049e-01   4.9950368e-01   1.0000000e+00   5.0000000e-01
  -5.4120933e-01  -5.1078559e-01   1.0000000e+00   5.0000000e-01
  -1.3335307e+00   2.3492205e-01   1.0000000e+00   5.0000000e-01
   1.0726863e+00  -5.9782511e-01   1.0000000e+00   5.0000000e-01
  -7.1208545e-01   2.0770819e-02   1.0000000e+00   5.0000000e-01
  -1.1285561e-02   4.1944276e-01   1.0000000e+00   5.0000000e-01
  -8.1702920e-04   1.1911037e+00   1.0000000e+00   5.0000000e-01
  -2.4943628e-01   7.7121425e-01   1.0000000e+00   5.0000000e-01
   3.9657532e-01  -2.6442219e+00   1.0000000e+00   5.0000000e-01
  -2.6401335e-01   2.8542990e-01   1.0000000e+00   5.0000000e-01
  -1.6640109e+00   8.2609262e-01   1.0000000e+00   5.0000000e-01
  -1.0289751e+00  -8.1224925e-03   1.0000000e+00   5.0000000e-01
   2.4309470e-01   8.5843816e-01   1.0000000e+00   5.0000000e-01
  -1.2565901e+00   7.7478824e-01   1.0000000e+00   5.0000000e-01
  -3.4718319e-01   1.3059453e+00   1.0000000e+00   5.0000000e-01
  -9.4137219e-01   1.2315025e+00   1.0000000e+00   5.0000000e-01
  -1.1745603e+00   9.5856367e-01   1.0000000e+00   5.0000000e-01
  -1.0211417e+00  -1.6545477e+00   1.0000000e+00   5.0000000e-01
  -4.0166673e-01  -9.9039601e-01   1.0000000e+00   5.0000000e-01
   1.7366567e-01   6.8523602e-01   1.0000000e+00   5.0000000e-01
  -1.1611849e-01  -9.7487001e-01   1.0000000e+00   5.0000000e-01
   1.0641191e+00  -6.0672564e-01   1.0000000e+00   5.0000000e-01
  -2.4538630e-01   6.8679374e-01   1.0000000e+00   5.0000000e-01
  -1.5175391e+00   2.0048856e-02   1.0000000e+00   5.0000000e-01
   9.7341591e-03   1.0638006e+00   1.0000000e+00   5.0000000e-01
   7.1372865e-02  -1.3410499e+00   1.0000000e+00   5.0000000e-01
   3.1653581e-01   4.7951044e-01   1.0000000e+00   5.0000000e-01
   4.9982567e-01  -1.6339740e+00   1.0000000e+00   5.0000000e-01
   1.2780841e+00  -1.4426650e+00   1.0000000e+00   5.0000000e-01
  -5.4781615e-01   2.9378142e-01   1.0000000e+00   5.0000000e-01
   2.6080840e-01  -1.4036408e-01   1.0000000e+00   5.0000000e-01
  -1.3176672e-02  -1.1303407e+00   1.0000000e+00   5.0000000e-01
  -5.8026400e-01  -2.9253805e-01   1.0000000e+00   5.0000000e-01
   2.1363084e+00  -5.8253587e-01   1.0000000e+00   5.0000000e-01
  -2.5761712e-01  -8.9634828e-01   1.0000000e+00   5.0000000e-01
  -1.4095285e+00   2.4860108e-01   1.0000000e+00   5.0000000e-01
   1.7701009e+00  -1.4896634e+00   1.0000000e+00   5.0000000e-01
   3.2554598e-01   3.1350866e-01   1.0000000e+00   5.0000000e-01
  -1.1190396e+00  -2.0250844e+00   1.0000000e+00   5.0000000e-01
   6.2035014e-01   5.2898970e-01   1.0000000e+00   5.0000000e-01
   1.2697818e+00   3.4347090e-01   1.0000000e+00   5.0000000e-01
  -8.9604251e-01   7.5819261e-01   1.0000000e+00   5.0000000e-01
   1.3517544e-01  -6.9194018e-01   1.0000000e+00   5.0000000e-01
  -1.3904001e-01   6.8017855e-01   1.0000000e+00   5.0000000e-01
  -1.1633953e+00  -1.0725410e+00   1.0000000e+00   5.0000000e-01
   1.1837195e+00   8.9977209e-01   1.0000000e+00   5.0000000e-01
  -1.5429662e-02  -2.1230924e+00   1.0000000e+00   5.0000000e-01
   5.3621869e-01   2.8471227e-01   1.0000000e+00   5.0000000e-01
  -7.1642862e-01  -7.3332293e-01   1.0000000e+00   5.0000000e-01
  -6.5555939e-01  -7.7337563e-01   1.0000000e+00   5.0000000e-01
   3.1436276e-01   1.5184172e-01   1.0000000e+00   5.0000000e-01
   1.0681408e-01  -3.3684313e-01   1.0000000e+00   5.0000000e-01
   1.8482162e+00   9.7076072e-01   1.0000000e+00   5.0000000e-01
  -2.7510568e-01  -1.0723636e-01   1.0000000e+00   5.0000000e-01
   2.2125541e+00   1.0134919e+00   1.0000000e+00   5.0000000e-01
   1.5085258e+00  -4.7534676e-01   1.0000000e+00   5.0000000e-01
  -1.9450786e+00   6.8948145e-02   1.0000000e+00   5.0000000e-01
  -1.6805428e+00   3.9859207e-01   1.0000000e+00   5.0000000e-01
  -5.7353413e-01   1.1163262e+00   1.0000000e+00   5.0000000e-01
  -1.8581653e-01   6.2045113e-01   1.0000000e+00   5.0000000e-01
   8.9341157e-03  -2.8767448e-01   1.0000000e+00   5.0000000e-01
   8.3694989e-01  -1.3717733e+00   1.0000000e+00   5.0000000e-01
  -7.2227067e-01  -6.8586843e-01   1.0000000e+00   5.0000000e-01
  -7.2149048e-01   3.3168474e-01   1.0000000e+00   5.0000000e-01
  -2.0118100e-01  -9.9772182e-01   1.0000000e+00   5.0000000e-01
  -2.0464161e-02   2.9141810e-01   1.0000000e+00   5.0000000e-01
   2.7889000e-01   1.1070784e+00   1.0000000e+00   5.0000000e-01
   1.0582948e+00   2.4495861e-01   1.0000000e+00   5.0000000e-01
   6.2167328e-01   1.6497578e-01   1.0000000e+00   5.0000000e-01
  -1.7506153e+00   4.0623134e-01   1.0000000e+00   5.0000000e-01
   6.9734755e-01   1.2159812e+00   1.0000000e+00   5.0000000e-01
   8.1148586e-01   1.4484243e+00   1.0000000e+00   5.0000000e-01
   6.3634495e-01  -1.0251375e+00   1.0000000e+00   5.0000000e-01
   1.3100803e+00   2.0541801e-01   1.0000000e+00   5.0000000e-01
   3.2709752e-01   5.8888219e-01   1.0000000e+00   5.0000000e-01
  -6.7299316e-01  -2.6402362e-01   1.0000000e+00   5.0000000e-01
  -1.4932750e-01   2.4953178e+00   1.0000000e+00   5.0000000e-01
  -2.4490178e+00   8.5594767e-01   1.0000000e+00   5.0000000e-01
   4.7328561e-01  -8.5095363e-01   1.0000000e+00   5.0000000e-01
   1.1694566e-01   8.1187884e-01   1.0000000e+00   5.0000000e-01
  -5.9110384e-01   7.0024172e-01   1.0000000e+00   5.0000000e-01
  -6.5470768e-01   7.5993833e-01   1.0000000e+00   5.0000000e-01
  -1.0806619e+00  -1.7129092e+00   1.0000000e+00   5.0000000e-01
  -4.7730865e-02   1.5370212e+00   1.0000000e+00   5.0000000e-01
   3.7934454e-01  -1.6098468e+00   1.0000000e+00   5.0000000e-01
  -3.3036105e-01   1.1095260e+00   1.0000000e+00   5.0000000e-01
  -4.9989825e-01  -1.1097040e+00   1.0000000e+00   5.0000000e-01
  -3.5978608e-02   3.8546939e-01   1.0000000e+00   5.0000000e-01
  -1.7476033e-01   9.6523079e-01   1.0000000e+00   5.0000000e-01
  -9.5726508e-01   8.1829723e-01   1.0000000e+00   5.0000000e-01
   1.2925479e+00   3.7048779e-02   1.0000000e+00   5.0000000e-01
   4.4090964e-01  -9.2601240e-01   1.0000000e+00   5.0000000e-01
   1.2809409e+00  -1.1191866e-01   1.0000000e+00   5.0000000e-01
  -4.9772981e-01  -8.0302969e-01   1.0000000e+00   5.0000000e-01
  -1.1187166e+00  -1.6650059e+00   1.0000000e+00   5.0000000e-01
   8.0764962e-01  -9.0140060e-01   1.0000000e+00   5.0000000e-01
   4.1199579e-02   5.8834967e-01   1.0000000e+00   5.0000000e-01
  -7.5620861e-01   5.5415928e-01   1.0000000e+00   5.0000000e-01
  -8.9129148e-02  -4.1517261e-01   1.0000000e+00   5.0000000e-01
  -2.0088503e+00   6.1794859e-02   1.0000000e+00   5.0000000e-01
   1.0839180e+00   4.5743157e-01   1.0000000e+00   5.0000000e-01
  -9.8119056e-01   1.9901391e-01   1.0000000e+00   5.0000000e-01
  -6.8848864e-01   2.5755782e-01   1.0000000e+00   5.0000000e-01
   1.3394795e+00   2.0807298e+00   1.0000000e+00   5.0000000e-01
  -9.0924316e-01  -2.2772365e+00   1.0000000e+00   5.0000000e-01
  -4.1285773e-01   3.3902243e-01   1.0000000e+00   5.0000000e-01
  -5.0616319e-01   2.8989389e-01   1.0000000e+00   5.0000000e-01
   1.6197478e+00   6.6226085e-01   1.0000000e+00   5.0000000e-01
   8.0900711e-02  -5.8086023e-01   1.0000000e+00   5.0000000e-01
  -1.0810565e+00   8.8775191e-01   1.0000000e+00   5.0000000e-01
  -1.1245178e+00   1.7187104e-01   1.0000000e+00   5.0000000e-01
   1.7356763e+00   8.4882144e-01   1.0000000e+00   5.0000000e-01
   1.9374586e+00   9.6376903e-01   1.0000000e+00   5.0000000e-01
   1.6350682e+00   1.3219180e+00   1.0000000e+00   5.0000000e-01
  -1.2559402e+00  -6.4344903e-02   1.0000000e+00   5.0000000e-01
  -2.1353751e-01   1.3170531e+00   1.0000000e+00   5.0000000e-01
  -1.9893205e-01   2.2801733e-01   1.0000000e+00   5.0000000e-01
   3.0749918e-01  -1.4296372e+00   1.0000000e+00   5.0000000e-01
  -5.7232546e-01  -1.4970100e-01   1.0000000e+00   5.0000000e-01
  -9.7764837e-01  -5.0496756e-01   1.0000000e+00   5.0000000e-01
  -4.4680941e-01  -1.7291415e+00   1.0000000e+00   5.0000000e-01
   1.0820919e+00  -4.1747222e-01   1.0000000e+00   5.0000000e-01
   2.3726479e+00  -6.1496852e-01   1.0000000e+00   5.0000000e-01
   2.2928834e-01   7.2077668e-01   1.0000000e+00   5.0000000e-01
  -2.6662314e-01   3.3936379e-01   1.0000000e+00   5.0000000e-01
   7.0167218e-01   8.8284508e-01   1.0000000e+00   5.0000000e-01
  -4.8759049e-01   2.8424521e-01   1.0000000e+00   5.0000000e-01
   1.8624797e+00  -1.4554135e-01   1.0000000e+00   5.0000000e-01
   1.1068511e+00  -8.9645900e-02   1.0000000e+00   5.0000000e-01
  -1.2275657e+00   2.8916087e-01   1.0000000e+00   5.0000000e-01
  -6.6988511e-01   1.1648308e+00   1.0000000e+00   5.0000000e-01
   1.3409295e+00   8.0572935e-01   1.0000000e+00   5.0000000e-01
   3.8808332e-01  -1.3556435e+00   1.0000000e+00   5.0000000e-01
   3.9305893e-01   1.2089290e-01   1.0000000e+00   5.0000000e-01
  -1.7073336e+00  -2.2217791e-01   1.0000000e+00   5.0000000e-01
   2.2785864e-01   5.7173234e-01   1.0000000e+00   5.0000000e-01
   6.8563286e-01  -3.0014043e-01   1.0000000e+00   5.0000000e-01
  -6.3679011e-01   1.1342768e+00   1.0000000e+00   5.0000000e-01
  -1.0026056e+00  -1.7935641e-01   1.0000000e+00   5.0000000e-01
  -1.8562067e-01  -1.4670667e+00   1.0000000e+00   5.0000000e-01
  -1.0540327e+00   1.3953457e+00   1.0000000e+00   5.0000000e-01
  -7.1539489e-02   4.4083567e-01   1.0000000e+00   5.0000000e-01
   2.7919842e-01   5.6538405e-01   1.0000000e+00   5.0000000e-01
   1.3732753e+00  -6.9362259e-01   1.0000000e+00   5.0000000e-01
   1.7984103e-01   8.3386925e-01   1.0000000e+00   5.0000000e-01
  -5.4201656e-01  -2.2373784e+00   1.0000000e+00   5.0000000e-01
   1.6341906e+00   1.0976441e+00   1.0000000e+00   5.0000000e-01
   8.2521515e-01  -1.6169159e-03   1.0000000e+00   5.0000000e-01
   2.3076114e-01  -1.6145733e+00   1.0000000e+00   5.0000000e-01
   6.7163395e-01  -1.2287268e+00   1.0000000e+00   5.0000000e-01
  -5.0807788e-01   2.0740458e-01   1.0000000e+00   5.0000000e-01
   8.5635160e-01   2.2094200e-01   1.0000000e+00   5.0000000e-01
   2.6850345e-01  -1.0060731e+00   1.0000000e+00   5.0000000e-01
   6.2497518e-01  -4.5306709e-01   1.0000000e+00   5.0000000e-01
  -1.0473379e+00   1.3994533e+00   1.0000000e+00   5.0000000e-01
   1.5356704e+00  -4.6196398e-01   1.0000000e+00   5.0000000e-01
   4.3442574e-01   3.2715905e-02   1.0000000e+00   5.0000000e-01
  -1.9171359e+00   7.9878320e-01   1.0000000e+00   5.0000000e-01
   4.6993952e-01   8.9681579e-01   1.0000000e+00   5.0000000e-01
   1.2743511e+00   1.3789173e-01   1.0000000e+00   5.0000000e-01
   6.3854245e-01  -1.6191464e+00   1.0000000e+00   5.0000000e-01
   1.3807825e+00  -1.6466057e+00   1.0000000e+00   5.0000000e-01
   1.3198429e+00   4.2870688e-01   1.0000000e+00   5.0000000e-01
  -9.0942924e-01  -7.3723084e-01   1.0000000e+00   5.0000000e-01
  -2.3056051e+00   5.6492614e-01   1.0000000e+00   5.0000000e-01
   1.7887302e+00  -1.3841667e+00   1.0000000e+00   5.0000000e-01
   3.9079781e-01   4.6026799e-01   1.0000000e+00   5.0000000e-01
   2.0323676e-02   6.2938365e-01   1.0000000e+00   5.0000000e-01
  -4.0597700e-01   3.7984731e-01   1.0000000e+00   5.0000000e-01
  -1.5348945e+00  -1.0133299e+00   1.0000000e+00   5.0000000e-01
   2.2137310e-01  -3.4724278e-01   1.0000000e+00   5.0000000e-01
  -1.3744787e+00   4.4191230e-01   1.0000000e+00   5.0000000e-01
  -8.3928553e-01  -1.5902403e+00   1.0000000e+00   5.0000000e-01
  -2.0864256e-01  -7.0141671e-01   1.0000000e+00   5.0000000e-01
   7.5591300e-01  -1.0776006e+00   1.0000000e+00   5.0000000e-01
   3.7573445e-01   1.0022197e+00   1.0000000e+00   5.0000000e-01
  -1.3454130e+00   1.7294805e+00   1.0000000e+00   5.0000000e-01
   1.4818762e+00   7.0903221e-01   1.0000000e+00   5.0000000e-01
   3.2736138e-02  -7.4789686e-01   1.0000000e+00   5.0000000e-01
   1.8704528e+00   2.2886239e-01   1.0000000e+00   5.0000000e-01
  -1.2089905e+00  -2.2349661e-01   1.0000000e+00   5.0000000e-01
  -7.8263187e-01  -8.5327526e-01   1.0000000e+00   5.0000000e-01
  -7.6729852e-01   3.4562680e-01   1.0000000e+00   5.0000000e-01
  -1.0720010e-01   1.0976448e-01   1.0000000e+00   5.0000000e-01
  -9.7705667e-01  -1.1330390e+00   1.0000000e+00   5.0000000e-01
  -9.6398812e-01  -6.8312354e-01   1.0000000e+00   5.0000000e-01
  -2.3791724e+00  -2.7785623e-01   1.0000000e+00   5.0000000e-01
  -8.3818791e-01   6.5478985e-01   1.0000000e+00   5.0000000e-01
   2.5734563e-01  -1.2483940e+00   1.0000000e+00   5.0000000e-01
  -1.8383400e-01  -5.9753903e-01   1.0000000e+00   5.0000000e-01
  -1.6761530e-01  -4.8181255e-01   1.0000000e+00   5.0000000e-01
  -1.1698891e-01   9.8337217e-01   1.0000000e+00   5.0000000e-01
   1.6848817e-01   1.7621207e+00   1.0000000e+00   5.0000000e-01
  -5.0120630e-01   1.4274017e+00   1.0000000e+00   5.0000000e-01
  -7.0507642e-01   9.1176303e-01   1.0000000e+00   5.0000000e-01
   5.0816468e-01   3.2682265e-01   1.0000000e+00   5.0000000e-01
  -4.2092154e-01   6.9618540e-02   1.0000000e+00   5.0000000e-01
   2.2913337e-01  -1.4997627e+00   1.0000000e+00   5.0000000e-01
  -9.5949703e-01  -4.1822319e-01   1.0000000e+00   5.0000000e-01
  -1.4604259e-01  -2.1036798e-02   1.0000000e+00   5.0000000e-01
   7.4453803e-01   2.2842453e-01   1.0000000e+00   5.0000000e-01
  -8.9049603e-01  -1.0081958e+00   1.0000000e+00   5.0000000e-01
   1.3906186e-01  -6.6462217e-01   1.0000000e+00   5.0000000e-01
  -2.3614430e-01   5.5817658e-01   1.0000000e+00   5.0000000e-01
  -7.5459129e-02  -1.1885421e+00   1.0000000e+00   5.0000000e-01
  -3.5857191e-01  -7.7548150e-01   1.0000000e+00   5.0000000e-01
  -2.0776349e+00   2.7104207e-01   1.0000000e+00   5.0000000e-01
  -1.4354571e-01   1.5349757e+00   1.0000000e+00   5.0000000e-01
   1.3933415e+00  -1.0522827e+00   1.0000000e+00   5.0000000e-01
   6.5180409e-01   6.2555857e-01   1.0000000e+00   5.0000000e-01
  -3.7713356e-01  -7.9762607e-01   1.0000000e+00   5.0000000e-01
  -6.6144306e-01  -3.1352199e-01   1.0000000e+00   5.0000000e-01
   2.4895798e-01  -6.0220975e-01   1.0000000e+00   5.0000000e-01
  -3.8351616e-01   1.2590603e+00   1.0000000e+00   5.0000000e-01
  -5.2847980e-01   8.5848425e-01   1.0000000e+00   5.0000000e-01
   5.5388364e-02  -2.1052919e+00   1.0000000e+00   5.0000000e-01
   1.2537686e+00  -3.6093718e-01   1.0000000e+00   5.0000000e-01
  -2.5200036e+00   5.5355672e-01   1.0000000e+00   5.0000000e-01
   5.8485612e-01  -1.5563838e+00   1.0000000e+00   5.0000000e-01
  -1.0080644e+00  -2.0666572e-01   1.0000000e+00   5.0000000e-01
   9.4428482e-01  -4.2556755e-01   1.0000000e+00   5.0000000e-01
  -2.4239571e+00   4.9377825e-01   1.0000000e+00   5.0000000e-01
  -2.2383143e-01  -8.7090761e-01   1.0000000e+00   5.0000000e-01
   5.8069883e-02   7.9827658e-02   1.0000000e+00   5.0000000e-01
  -4.2461402e-01  -5.2161914e-01   1.0000000e+00   5.0000000e-01
  -2.0291795e-01  -1.4138609e+00   1.0000000e+00   5.0000000e-01
  -1.5130770e+00  -3.8429318e-01   1.0000000e+00   5.0000000e-01
  -1.1263519e+00  -4.5792222e-01   1.0000000e+00   5.0000000e-01
  -8.1500216e-01  -2.9147069e-01   1.0000000e+00   5.0000000e-01
   3.6661427e-01  -3.0122401e-01   1.0000000e+00   5.0000000e-01
  -5.8610676e-01  -1.5885938e+00   1.0000000e+00   5.0000000e-01
   1.5374090e+00   1.0942867e+00   1.0000000e+00   5.0000000e-01
   1.4007153e-01   1.3241669e+00   1.0000000e+00   5.0000000e-01
  -1.8627667e+00  -1.2647963e-01   1.0000000e+00   5.0000000e-01
  -4.5419310e-01  -7.3716382e-01   1.0000000e+00   5.0000000e-01
  -6.5207411e-01   2.1371884e-01   1.0000000e+00   5.0000000e-01
   1.0331788e-01  -4.0052913e-01   1.0000000e+00   5.0000000e-01
  -2.2063162e-01   6.4937747e-02   1.0000000e+00   5.0000000e-01
  -2.7904337e-01  -1.7579956e+00   1.0000000e+00   5.0000000e-01
  -7.3366201e-01   1.6867480e+00   1.0000000e+00   5.0000000e-01
  -6.4533580e-02   3.2740021e-01   1.0000000e+00   5.0000000e-01
   2.7159668e+00  -1.0374708e-01   0.0000000e+00   5.0000000e-01
   3.5986479e+00   1.3353156e+00   0.0000000e+00   5.0000000e-01
  -6.4740906e-02   3.4501097e+00   0.0000000e+00   5.0000000e-01
   1.2563684e+00   1.6701945e+00   0.0000000e+00   5.0000000e-01
   2.1761845e+00   4.7018725e+00   0.0000000e+00   5.0000000e-01
   2.5278388e+00   3.6506112e-01   0.0000000e+00   5.0000000e-01
   1.4468474e+00   1.4636748e+00   0.0000000e+00   5.0000000e-01
   2.2982798e+00   2.5472227e+00   0.0000000e+00   5.0000000e-01
   7.7339320e-01   3.4926031e+00   0.0000000e+00   5.0000000e-01
   1.8103239e+00   1.5447567e+00   0.0000000e+00   5.0000000e-01
   1.6982867e+00   1.5035843e+00   0.0000000e+00   5.0000000e-01
   2.9569560e+00   3.2352603e+00   0.0000000e+00   5.0000000e-01
   1.4666341e+00   2.0409263e+00   0.0000000e+00   5.0000000e-01
   1.0989182e+00   2.7484673e+00   0.0000000e+00   5.0000000e-01
   1.1074485e+00   3.2307636e+00   0.0000000e+00   5.0000000e-01
   2.2787165e+00   2.3049028e+00   0.0000000e+00   5.0000000e-01
   1.2541933e+00   3.0777711e+00   0.0000000e+00   5.0000000e-01
   3.6034635e+00   2.7651510e+00   0.0000000e+00   5.0000000e-01
   2.5742696e+00   6.8041987e-01   0.0000000e+00   5.0000000e-01
   2.3206546e+00   1.4908086e+00   0.0000000e+00   5.0000000e-01
   1.8486170e+00   2.5551158e+00   0.0000000e+00   5.0000000e-01
   2.3157622e+00   4.2374638e-02   0.0000000e+00   5.0000000e-01
   3.3437026e+00   1.2395468e+00   0.0000000e+00   5.0000000e-01
  -2.3783196e-01  -4.4388639e-01   0.0000000e+00   5.0000000e-01
   3.2929064e+00   1.3406343e+00   0.0000000e+00   5.0000000e-01
   1.6215411e+00   1.8852207e+00   0.0000000e+00   5.0000000e-01
   2.0025214e+00   2.3000795e+00   0.0000000e+00   5.0000000e-01
   2.8846408e+00   1.4160044e+00   0.0000000e+00   5.0000000e-01
   2.5824504e+00  -1.0737446e+00   0.0000000e+00   5.0000000e-01
   3.8575609e-01   3.5510416e+00   0.0000000e+00   5.0000000e-01
   4.9633447e-01   1.5926312e+00   0.0000000e+00   5.0000000e-01
   2.5735859e+00   3.4280953e+00   0.0000000e+00   5.0000000e-01
   1.0894630e+00   6.4675779e-01   0.0000000e+00   5.0000000e-01
   3.6872264e-01   2.9039700e+00   0.0000000e+00   5.0000000e-01
   1.6408617e+00   2.5416708e+00   0.0000000e+00   5.0000000e-01
   1.6023839e+00   1.5349798e+00   0.0000000e+00   5.0000000e-01
   8.3869292e-01   4.4304155e+00   0.0000000e+00   5.0000000e-01
   8.9016182e-01   4.0204793e+00   0.0000000e+00   5.0000000e-01
   2.2906724e+00   2.7972872e+00   0.0000000e+00   5.0000000e-01
   8.9761356e-02   2.0309964e+00   0.0000000e+00   5.0000000e-01
   3.3147683e+00   2.5407383e+00   0.0000000e+00   5.0000000e-01
   2.6653193e+00   2.6839215e+00   0.0000000e+00   5.0000000e-01
   1.7248854e+00   1.4099483e+00   0.0000000e+00   5.0000000e-01
   1.9769784e+00   1.7389157e+00   0.0000000e+00   5.0000000e-01
   1.0920235e+00   3.5170684e+00   0.0000000e+00   5.0000000e-01
   9.5634306e-01   3.0072587e+00   0.0000000e+00   5.0000000e-01
   2.3735157e+00   2.3034211e+00   0.0000000e+00   5.0000000e-01
   2.9015324e+00   1.1829195e+00   0.0000000e+00   5.0000000e-01
   3.2785392e+00   1.5088079e+00   0.0000000e+00   5.0000000e-01
   1.8715437e+00   2.8674666e+00   0.0000000e+00   5.0000000e-01
   2.6128214e+00   2.3607897e+00   0.0000000e+00   5.0000000e-01
   3.9565181e+00   1.9196292e+00   0.0000000e+00   5.0000000e-01
   4.2663265e+00   2.7493009e+00   0.0000000e+00   5.0000000e-01
   1.6260414e+00   2.0803182e-01   0.0000000e+00   5.0000000e-01
   4.2380388e+00   3.2132255e+00   0.0000000e+00   5.0000000e-01
   1.8404199e+00   1.9394760e+00   0.0000000e+00   5.0000000e-01
   1.2967187e+00   1.6074797e+00   0.0000000e+00   5.0000000e-01
   2.5634770e+00   2.6095469e+00   0.0000000e+00   5.0000000e-01
   1.9497036e+00   2.6435797e+00   0.0000000e+00   5.0000000e-01
   3.1635927e+00   3.0195211e+00   0.0000000e+00   5.0000000e-01
   2.6588084e+00   2.9344367e+00   0.0000000e+00   5.0000000e-01
   4.4991133e-01   3.2285824e+00   0.0000000e+00   5.0000000e-01
  -1.0291182e+00   1.7505136e+00   0.0000000e+00   5.0000000e-01
   2.5405782e+00   1.2924174e+00   0.0000000e+00   5.0000000e-01
   9.9100160e-01   1.4061756e+00   0.0000000e+00   5.0000000e-01
   2.9080472e+00   1.7376896e+00   0.0000000e+00   5.0000000e-01
   3.5823033e+00   3.2428474e+00   0.0000000e+00   5.0000000e-01
   1.0209118e+00   4.5109782e-01   0.0000000e+00   5.0000000e-01
   3.0079021e+00   1.6132397e+00   0.0000000e+00   5.0000000e-01
   2.1584914e+00   2.2750983e+00   0.0000000e+00   5.0000000e-01
   1.4130728e+00   2.8261542e+00   0.0000000e+00   5.0000000e-01
   3.5740817e+00   1.0207213e+00   0.0000000e+00   5.0000000e-01
   1.4833509e+00   1.8957032e+00   0.0000000e+00   5.0000000e-01
   3.2277999e+00   2.1278490e+00   0.0000000e+00   5.0000000e-01
   3.5838758e+00   2.0625436e+00   0.0000000e+00   5.0000000e-01
  -8.8950383e-02   2.3716241e+00   0.0000000e+00   5.0000000e-01
   4.9495453e+00   1.8960375e+00   0.0000000e+00   5.0000000e-01
   3.3561249e+00   1.3032246e+00   0.0000000e+00   5.0000000e-01
   3.0500679e+00   1.6131773e+00   0.0000000e+00   5.0000000e-01
   1.2328299e+00   2.0161337e+00   0.0000000e+00   5.0000000e-01
   1.7423472e+00   3.3692118e+00   0.0000000e+00   5.0000000e-01
   6.2815481e-01   2.4168773e+00   0.0000000e+00   5.0000000e-01
   7.3234428e-01   2.0687409e+00   0.0000000e+00   5.0000000e-01
   1.1050517e+00   2.2941873e+00   0.0000000e+00   5.0000000e-01
   2.5890889e+00   2.4726327e+00   0.0000000e+00   5.0000000e-01
   3.8426293e+00   3.7827347e+00   0.0000000e+00   5.0000000e-01
   3.3479673e+00   2.2605770e+00   0.0000000e+00   5.0000000e-01
   1.5087473e+00   3.5107278e+00   0.0000000e+00   5.0000000e-01
  -1.7756794e-01   2.3169684e+00   0.0000000e+00   5.0000000e-01
   2.2369995e+00   2.8034727e+00   0.0000000e+00   5.0000000e-01
   1.2645888e+00   2.5808736e+00   0.0000000e+00   5.0000000e-01
   2.2058054e-01   3.7785845e+00   0.0000000e+00   5.0000000e-01
   2.4480303e+00   1.0619251e+00   0.0000000e+00   5.0000000e-01
   2.5812141e+00   1.0833276e+00   0.0000000e+00   5.0000000e-01
   2.8566074e+00   2.3760059e+00   0.0000000e+00   5.0000000e-01
   1.7337368e+00   2.9097798e+00   0.0000000e+00   5.0000000e-01
   1.5825299e+00   2.1542499e+00   0.0000000e+00   5.0000000e-01
   1.7941939e+00   1.7977359e+00   0.0000000e+00   5.0000000e-01
   1.8256770e+00   3.4887076e+00   0.0000000e+00   5.0000000e-01
   2.2175771e+00   1.3783613e+00   0.0000000e+00   5.0000000e-01
   3.6842947e+00   2.8095371e+00   0.0000000e+00   5.0000000e-01
   2.1195283e+00   3.9287932e+00   0.0000000e+00   5.0000000e-01
   2.6506675e+00   2.3960570e+00   0.0000000e+00   5.0000000e-01
   4.0800608e+00   1.1386009e+00   0.0000000e+00   5.0000000e-01
   1.6607751e+00   4.4319358e+00   0.0000000e+00   5.0000000e-01
   2.7301128e+00   1.1594824e+00   0.0000000e+00   5.0000000e-01
   2.2939690e+00   2.2804509e+00   0.0000000e+00   5.0000000e-01
   1.1508911e+00   2.8204160e+00   0.0000000e+00   5.0000000e-01
  -5.3385839e-01   3.2278279e+00   0.0000000e+00   5.0000000e-01
  -3.7894147e-01   1.9364350e+00   0.0000000e+00   5.0000000e-01
   1.6537242e+00   2.6452649e+00   0.0000000e+00   5.0000000e-01
   1.3890627e+00   2.2868250e-01   0.0000000e+00   5.0000000e-01
   1.5918083e+00   2.0596116e+00   0.0000000e+00   5.0000000e-01
   5.8438886e-01   1.2398227e+00   0.0000000e+00   5.0000000e-01
   2.2271224e+00   3.0909858e-01   0.0000000e+00   5.0000000e-01
   2.2079740e+00   3.1036721e+00   0.0000000e+00   5.0000000e-01
   1.2802817e+00   3.4624997e+00   0.0000000e+00   5.0000000e-01
   2.7577618e+00   2.2362129e+00   0.0000000e+00   5.0000000e-01
   3.5686458e-01   9.0230946e-01   0.0000000e+00   5.0000000e-01
   9.4318697e-01   4.4152325e+00   0.0000000e+00   5.0000000e-01
   1.7483382e+00   1.5978876e+00   0.0000000e+00   5.0000000e-01
   7.0155937e-01   2.9141309e+00   0.0000000e+00   5.0000000e-01
   3.2332550e+00   1.8640408e+00   0.0000000e+00   5.0000000e-01
   3.4946247e+00   3.3141929e+00   0.0000000e+00   5.0000000e-01
   2.2359383e+00   2.3223611e+00   0.0000000e+00   5.0000000e-01
   5.9564103e-01   1.5235039e+00   0.0000000e+00   5.0000000e-01
   2.6587910e+00   2.0761615e+00   0.0000000e+00   5.0000000e-01
  -5.5661349e-01   1.8948531e+00   0.0000000e+00   5.0000000e-01
   1.4650546e+00   3.4170134e+00   0.0000000e+00   5.0000000e-01
   5.2025246e+00   2.7079106e+00   0.0000000e+00   5.0000000e-01
   2.4391976e+00   2.3679177e+00   0.0000000e+00   5.0000000e-01
   8.5009863e-01   1.3971555e+00   0.0000000e+00   5.0000000e-01
   2.8867647e+00   1.1478902e+00   0.0000000e+00   5.0000000e-01
   1.7166135e+00   2.6551223e+00   0.0000000e+00   5.0000000e-01
   3.0353362e+00   3.4701840e+00   0.0000000e+00   5.0000000e-01
   1.6351221e+00   1.1895965e+00   0.0000000e+00   5.0000000e-01
   3.3419874e+00   7.2384269e-01   0.0000000e+00   5.0000000e-01
   3.0088717e+00   3.7222681e+00   0.0000000e+00   5.0000000e-01
   2.2138744e+00   2.1018776e+00   0.0000000e+00   5.0000000e-01
   1.7007361e+00   1.1980029e+00   0.0000000e+00   5.0000000e-01
   2.2558492e+00   7.4916251e-01   0.0000000e+00   5.0000000e-01
   1.8091743e+00   3.2377172e+00   0.0000000e+00   5.0000000e-01
   1.9209395e+00   3.5281646e+00   0.0000000e+00   5.0000000e-01
   2.6998512e+00   3.7769228e+00   0.0000000e+00   5.0000000e-01
   1.2034599e+00   2.6311675e+00   0.0000000e+00   5.0000000e-01
   1.1987165e+00   2.0832585e+00   0.0000000e+00   5.0000000e-01
   1.9924014e+00   4.1400434e+00   0.0000000e+00   5.0000000e-01
   1.2731896e+00   3.2634693e+00   0.0000000e+00   5.0000000e-01
   5.0909837e-01   2.4935485e-01   0.0000000e+00   5.0000000e-01
   2.8703345e+00   1.9855676e+00   0.0000000e+00   5.0000000e-01
   1.7343250e+00   4.4681019e+00   0.0000000e+00   5.0000000e-01
   4.3330455e-01   1.3308416e+00   0.0000000e+00   5.0000000e-01
   1.6053635e+00   2.2599266e+00   0.0000000e+00   5.0000000e-01
   1.8561452e+00   1.6276722e+00   0.0000000e+00   5.0000000e-01
  -3.3424718e-01   3.3185535e+00   0.0000000e+00   5.0000000e-01
   6.4246068e-01   1.3469189e+00   0.0000000e+00   5.0000000e-01
   1.8431148e-01   2.0621795e+00   0.0000000e+00   5.0000000e-01
   3.1084218e+00   1.2641266e+00   0.0000000e+00   5.0000000e-01
   1.8578852e+00   1.8206761e+00   0.0000000e+00   5.0000000e-01
   3.1127567e+00   3.0846748e+00   0.0000000e+00   5.0000000e-01
   2.5592640e+00   2.1369146e+00   0.0000000e+00   5.0000000e-01
   2.4783697e+00   1.9843918e+00   0.0000000e+00   5.0000000e-01
   1.3206154e+00   1.0615089e+00   0.0000000e+00   5.0000000e-01
   2.2849667e+00   5.2191463e-01   0.0000000e+00   5.0000000e-01
   6.6706486e-01   2.3619309e+00   0.0000000e+00   5.0000000e-01
   1.2760198e+00   2.4777914e+00   0.0000000e+00   5.0000000e-01
   1.3363996e+00   2.3217416e+00   0.0000000e+00   5.0000000e-01
   2.1984432e+00   1.2242551e-01   0.0000000e+00   5.0000000e-01
   2.0513165e-01   2.6805258e+00   0.0000000e+00   5.0000000e-01
   6.1232748e-01   2.2333980e+00   0.0000000e+00   5.0000000e-01
   2.1977684e+00   3.2394916e+00   0.0000000e+00   5.0000000e-01
   3.4693277e+00   2.1256610e+00   0.0000000e+00   5.0000000e-01
   2.3664932e+00   2.1797206e+00   0.0000000e+00   5.0000000e-01
   1.5572246e+00   1.3949391e+00   0.0000000e+00   5.0000000e-01
   1.9514374e+00   9.6314954e-01   0.0000000e+00   5.0000000e-01
   2.0777085e+00   1.7047218e+00   0.0000000e+00   5.0000000e-01
   3.9579102e+00   3.4561145e+00   0.0000000e+00   5.0000000e-01
   1.9271521e+00   3.8025250e+00   0.0000000e+00   5.0000000e-01
   2.9388099e+00   6.6638642e-01   0.0000000e+00   5.0000000e-01
   1.9203918e+00   2.3872572e+00   0.0000000e+00   5.0000000e-01
   1.1990409e+00   1.9771914e+00   0.0000000e+00   5.0000000e-01
   2.3094241e+00   2.1105961e+00   0.0000000e+00   5.0000000e-01
   3.0518264e+00   2.8128107e+00   0.0000000e+00   5.0000000e-01
   3.3578877e-01   9.9090137e-01   0.0000000e+00   5.0000000e-01
   9.0920798e-01   9.9542798e-01   0.0000000e+00   5.0000000e-01
   1.8082692e+00   2.2829582e+00   0.0000000e+00   5.0000000e-01
   2.4634013e+00   2.2897503e+00   0.0000000e+00   5.0000000e-01
   1.0758530e+00   1.7527034e+00   0.0000000e+00   5.0000000e-01
   1.3503427e+00   1.7811357e+00   0.0000000e+00   5.0000000e-01
   2.6228932e+00   2.8986871e+00   0.0000000e+00   5.0000000e-01
   6.6489258e-01   1.3577867e+00   0.0000000e+00   5.0000000e-01
   3.0476888e+00   1.8195552e+00   0.0000000e+00   5.0000000e-01
   2.8633273e+00   2.7179129e+00   0.0000000e+00   5.0000000e-01
   1.3575887e+00   2.3013862e+00   0.0000000e+00   5.0000000e-01
   2.6600103e+00   3.5488950e+00   0.0000000e+00   5.0000000e-01
   3.2941158e+00   1.9557576e+00   0.0000000e+00   5.0000000e-01
   2.3145791e+00   1.9703493e+00   0.0000000e+00   5.0000000e-01
   2.8595730e+00   1.6178903e+00   0.0000000e+00   5.0000000e-01
   2.1286700e+00   1.4460708e+00   0.0000000e+00   5.0000000e-01
   2.0165679e+00   2.9323583e+00   0.0000000e+00   5.0000000e-01
   1.9271991e+00   6.8416015e-01   0.0000000e+00   5.0000000e-01
   1.0056902e+00   1.6984805e+00   0.0000000e+00   5.0000000e-01
   1.2526417e+00  -5.9958843e-01   0.0000000e+00   5.0000000e-01
   1.9691861e+00   2.7800777e+00   0.0000000e+00   5.0000000e-01
   2.9883546e+00   2.6029410e+00   0.0000000e+00   5.0000000e-01
   1.4009834e+00   2.9427989e+00   0.0000000e+00   5.0000000e-01
   3.4766436e+00   9.7608683e-01   0.0000000e+00   5.0000000e-01
   1.1861989e+00   1.9321702e+00   0.0000000e+00   5.0000000e-01
   2.6450396e+00   2.0817603e+00   0.0000000e+00   5.0000000e-01
   6.9008063e-01   2.3297319e-01   0.0000000e+00   5.0000000e-01
   1.1325749e+00   2.1873602e-01   0.0000000e+00   5.0000000e-01
   1.5257667e+00   1.3396463e+00   0.0000000e+00   5.0000000e-01
   2.2224174e+00   3.3514167e+00   0.0000000e+00   5.0000000e-01
   3.8713228e+00   4.1363695e+00   0.0000000e+00   5.0000000e-01
   2.1100015e+00   2.1667834e+00   0.0000000e+00   5.0000000e-01
   1.5886591e+00   2.9477255e-01   0.0000000e+00   5.0000000e-01
   2.5112417e+00   2.2765282e+00   0.0000000e+00   5.0000000e-01
   8.0088348e-01   2.3945122e+00   0.0000000e+00   5.0000000e-01
   1.9036394e+00   1.9014449e+00   0.0000000e+00   5.0000000e-01
   2.4458173e+00   2.1764499e+00   0.0000000e+00   5.0000000e-01
   1.7041752e+00   1.6214558e-01   0.0000000e+00   5.0000000e-01
   1.8320037e+00   4.9770887e-01   0.0000000e+00   5.0000000e-01
   2.1795433e+00   2.8191972e+00   0.0000000e+00   5.0000000e-01
   2.4211182e+00   1.7654322e+00   0.0000000e+00   5.0000000e-01
   3.6776784e+00   3.6840211e-01   0.0000000e+00   5.0000000e-01
   3.9969489e+00   1.6820613e+00   0.0000000e+00   5.0000000e-01
   2.6969642e+00   1.2037113e+00   0.0000000e+00   5.0000000e-01
   6.3361780e-01   2.6908002e+00   0.0000000e+00   5.0000000e-01
   2.3630451e+00   1.9579899e+00   0.0000000e+00   5.0000000e-01
   1.4329555e+00   2.3240412e+00   0.0000000e+00   5.0000000e-01
   9.5584608e-01   2.5064564e+00   0.0000000e+00   5.0000000e-01
   2.6971392e+00   9.7141045e-01   0.0000000e+00   5.0000000e-01
   2.4840259e+00   2.0994263e+00   0.0000000e+00   5.0000000e-01
   1.8062490e+00   1.8836494e+00   0.0000000e+00   5.0000000e-01
   1.6219045e+00   2.6892389e+00   0.0000000e+00   5.0000000e-01
   1.1136261e+00   3.8832908e+00   0.0000000e+00   5.0000000e-01
   1.5980289e-01   2.3254346e+00   0.0000000e+00   5.0000000e-01
   3.7180484e-01   1.9047873e+00   0.0000000e+00   5.0000000e-01
   8.2621138e-01   2.0311716e+00   0.0000000e+00   5.0000000e-01
   1.5845891e+00   1.3862004e+00   0.0000000e+00   5.0000000e-01
   2.1750878e+00   2.6874151e-01   0.0000000e+00   5.0000000e-01
   2.2294333e+00   2.4787751e+00   0.0000000e+00   5.0000000e-01
   7.5911140e-01   1.5521646e+00   0.0000000e+00   5.0000000e-01
   2.7000040e+00   2.3868146e+00   0.0000000e+00   5.0000000e-01
   2.4268769e+00   2.0529588e+00   0.0000000e+00   5.0000000e-01
   3.4548035e+00   1.5139148e+00   0.0000000e+00   5.0000000e-01
   1.4898138e+00   2.2444731e+00   0.0000000e+00   5.0000000e-01
   1.9933433e+00   2.7183091e+00   0.0000000e+00   5.0000000e-01
   1.4745038e+00   2.1534852e+00   0.0000000e+00   5.0000000e-01
   2.7176981e+00   2.1337829e+00   0.0000000e+00   5.0000000e-01
   3.0883736e+00   9.9380611e-01   0.0000000e+00   5.0000000e-01
   2.5005523e+00   3.3064695e+00   0.0000000e+00   5.0000000e-01
   4.7717897e+00   3.1991371e+00   0.0000000e+00   5.0000000e-01
   1.8396908e+00  -5.7733557e-01   0.0000000e+00   5.0000000e-01
   2.4294885e+00  -8.6270217e-02   0.0000000e+00   5.0000000e-01
   3.3182541e-02   2.3861319e+00   0.0000000e+00   5.0000000e-01
   1.4539814e+00   1.1389687e+00   0.0000000e+00   5.0000000e-01
   1.1160527e-01   7.6919236e-01   0.0000000e+00   5.0000000e-01
   1.8920475e+00   4.6415544e+00   0.0000000e+00   5.0000000e-01
   6.8385606e-01   1.0955964e+00   0.0000000e+00   5.0000000e-01
   1.3273682e+00   7.7666162e-01   0.0000000e+00   5.0000000e-01
   1.0976352e+00   2.3032049e+00   0.0000000e+00   5.0000000e-01
   1.8452017e+00   1.2699026e+00   0.0000000e+00   5.0000000e-01
   2.9472423e+00   8.5642970e-01   0.0000000e+00   5.0000000e-01
   3.5503751e+00   5.8680711e-01   0.0000000e+00   5.0000000e-01
   2.4290399e+00   1.4081821e+00   0.0000000e+00   5.0000000e-01
   1.4392054e+00   2.5188876e+00   0.0000000e+00   5.0000000e-01
   2.1793043e+00   5.0718881e-01   0.0000000e+00   5.0000000e-01
   1.2284911e+00   1.9133158e+00   0.0000000e+00   5.0000000e-01
   1.0566101e+00   1.9873797e+00   0.0000000e+00   5.0000000e-01
   5.9243060e-01   1.6541421e+00   0.0000000e+00   5.0000000e-01
   9.3869158e-02   2.9863110e+00   0.0000000e+00   5.0000000e-01
   1.9347070e+00   2.6432562e+00   0.0000000e+00   5.0000000e-01
   2.6721488e+00   4.9199442e+00   0.0000000e+00   5.0000000e-01
   2.2061469e+00   7.5141505e-01   0.0000000e+00   5.0000000e-01
   1.9918758e+00   2.1571148e+00   0.0000000e+00   5.0000000e-01
   2.0200418e+00   2.7887335e+00   0.0000000e+00   5.0000000e-01
   1.4415534e+00   1.4229171e+00   0.0000000e+00   5.0000000e-01
   3.8860791e+00   2.5276343e+00   0.0000000e+00   5.0000000e-01
   1.7800249e+00   3.6716941e+00   0.0000000e+00   5.0000000e-01
   5.8560468e-01   2.8000795e+00   0.0000000e+00   5.0000000e-01
   1.6971887e+00   2.8837870e+00   0.0000000e+00   5.0000000e-01
   1.4304261e+00   1.7758149e+00   0.0000000e+00   5.0000000e-01
   1.8785052e+00   2.2969912e+00   0.0000000e+00   5.0000000e-01
   1.6098294e+00   1.4789925e+00   0.0000000e+00   5.0000000e-01
   1.1557129e+00   1.8446406e+00   0.0000000e+00   5.0000000e-01
   2.6224322e-01   1.9015017e+00   0.0000000e+00   5.0000000e-01
   1.5504798e+00   2.9971703e+00   0.0000000e+00   5.0000000e-01
   4.5206703e-01   2.4344697e+00   0.0000000e+00   5.0000000e-01
   1.9042238e+00   1.9742791e+00   0.0000000e+00   5.0000000e-01
   2.9077144e+00   1.6200659e+00   0.0000000e+00   5.0000000e-01
   4.3696020e+00   1.7576045e+00   0.0000000e+00   5.0000000e-01
   2.5197680e+00   8.3488585e-01   0.0000000e+00   5.0000000e-01
   2.4105251e+00   2.7566051e+00   0.0000000e+00   5.0000000e-01
   3.0525851e+00   3.1641623e+00   0.0000000e+00   5.0000000e-01
   2.4287838e+00   9.7654542e-01   0.0000000e+00   5.0000000e-01
   3.2950877e+00   3.7015895e+00   0.0000000e+00   5.0000000e-01
   1.8139473e+00   1.5058275e+00   0.0000000e+00   5.0000000e-01
   2.1307334e+00   2.1727135e+00   0.0000000e+00   5.0000000e-01
   1.3423731e+00   2.3540614e+00   0.0000000e+00   5.0000000e-01
   1.2407325e+00   1.7537419e+00   0.0000000e+00   5.0000000e-01
   1.4048302e+00   1.8542592e+00   0.0000000e+00   5.0000000e-01
   2.8123996e+00   8.3099222e-01   0.0000000e+00   5.0000000e-01
   2.0695408e+00   1.9779889e+00   0.0000000e+00   5.0000000e-01
   1.6631294e-01   2.6182777e+00   0.0000000e+00   5.0000000e-01
   3.8273628e+00   3.8658650e+00   0.0000000e+00   5.0000000e-01
   2.6540751e+00   2.0818748e+00   0.0000000e+00   5.0000000e-01
   4.5523067e-01   3.6079945e+00   0.0000000e+00   5.0000000e-01
   1.6248910e+00   1.6193337e+00   0.0000000e+00   5.0000000e-01
   2.2076883e+00   7.0041188e-01   0.0000000e+00   5.0000000e-01
   1.2343855e+00   1.2760417e+00   0.0000000e+00   5.0000000e-01
   1.8936448e+00   1.4350165e+00   0.0000000e+00   5.0000000e-01
   2.3387694e+00   2.6216641e+00   0.0000000e+00   5.0000000e-01
   3.0334614e+00   6.6452882e-01   0.0000000e+00   5.0000000e-01
   5.9517753e-01   1.8768920e+00   0.0000000e+00   5.0000000e-01
   9.6942987e-01   8.9718512e-01   0.0000000e+00   5.0000000e-01
   1.3566280e+00  -7.5317595e-01   0.0000000e+00   5.0000000e-01
   2.1707866e+00   2.2520169e+00   0.0000000e+00   5.0000000e-01
   3.3448392e+00   1.1418518e+00   0.0000000e+00   5.0000000e-01
   3.9362731e+00   3.1353634e+00   0.0000000e+00   5.0000000e-01
   2.7413357e+00   1.7020924e+00   0.0000000e+00   5.0000000e-01
   2.8119796e+00   3.1543307e+00   0.0000000e+00   5.0000000e-01
   1.8571916e+00   3.0460756e+00   0.0000000e+00   5.0000000e-01
   1.9001415e+00   4.1268742e+00   0.0000000e+00   5.0000000e-01
   1.1998685e+00   1.3442264e+00   0.0000000e+00   5.0000000e-01
   2.4932490e+00   8.5763189e-01   0.0000000e+00   5.0000000e-01
   3.2375738e+00   2.9490388e+00   0.0000000e+00   5.0000000e-01
   3.2959513e+00   1.5953917e+00   0.0000000e+00   5.0000000e-01
   1.7218039e+00   1.6156709e+00   0.0000000e+00   5.0000000e-01
   2.2171272e+00   2.4820203e+00   0.0000000e+00   5.0000000e-01
   2.6307280e+00   2.4437743e+00   0.0000000e+00   5.0000000e-01
   1.4514514e+00   2.3811002e+00   0.0000000e+00   5.0000000e-01
   2.2296316e+00   3.1023484e+00   0.0000000e+00   5.0000000e-01
   2.3553112e+00   2.8564469e+00   0.0000000e+00   5.0000000e-01
   2.5212841e+00   8.2149118e-01   0.0000000e+00   5.0000000e-01
   1.3840294e+00   2.4019696e+00   0.0000000e+00   5.0000000e-01
   3.3458034e+00   1.4157723e+00   0.0000000e+00   5.0000000e-01
   2.9749224e+00   1.0205138e+00   0.0000000e+00   5.0000000e-01
  -3.7793385e-01   2.1151062e+00   0.0000000e+00   5.0000000e-01
   9.0768106e-01   2.0684709e+00   0.0000000e+00   5.0000000e-01
   1.6742904e+00   1.4700996e+00   0.0000000e+00   5.0000000e-01
  -1.2227761e-02   2.5411118e+00   0.0000000e+00   5.0000000e-01
   3.5676605e+00   2.6817200e+00   0.0000000e+00   5.0000000e-01
   2.2333372e+00   2.5385645e+00   0.0000000e+00   5.0000000e-01
   2.6464197e+00   1.4899646e+00   0.0000000e+00   5.0000000e-01
   8.7058803e-01   6.7788926e-01   0.0000000e+00   5.0000000e-01
   2.1970383e+00   1.3893410e+00   0.0000000e+00   5.0000000e-01
   3.6968696e+00   1.4346909e+00   0.0000000e+00   5.0000000e-01
   2.7260336e+00   2.0861750e+00   0.0000000e+00   5.0000000e-01
   2.7925258e+00   2.6915014e+00   0.0000000e+00   5.0000000e-01
   2.6033566e+00   4.1337509e+00   0.0000000e+00   5.0000000e-01
   1.9415946e+00   1.9971361e+00   0.0000000e+00   5.0000000e-01
   8.9133382e-01   1.9104769e+00   0.0000000e+00   5.0000000e-01
   4.1442294e+00   1.7450181e+00   0.0000000e+00   5.0000000e-01
   6.4717855e-01   1.1257879e+00   0.0000000e+00   5.0000000e-01
   2.4570213e+00   2.4229279e+00   0.0000000e+00   5.0000000e-01
   2.3911748e+00   1.8666007e+00   0.0000000e+00   5.0000000e-01
   4.0730133e+00   2.5395785e+00   0.0000000e+00   5.0000000e-01
   1.6766816e+00   2.8751710e+00   0.0000000e+00   5.0000000e-01
   3.4681324e+00   7.4922430e-01   0.0000000e+00   5.0000000e-01
   1.4976013e+00   2.8683105e+00   0.0000000e+00   5.0000000e-01
   2.2095933e+00   1.1951939e+00   0.0000000e+00   5.0000000e-01
   2.7548000e+00   1.2473068e+00   0.0000000e+00   5.0000000e-01
   1.0518109e+00   1.2541876e+00   0.0000000e+00   5.0000000e-01
   2.6131567e+00   1.6903463e+00   0.0000000e+00   5.0000000e-01
   3.7605029e+00   4.7810892e-01   0.0000000e+00   5.0000000e-01
   2.0887623e+00   2.8265310e+00   0.0000000e+00   5.0000000e-01
   4.5955695e+00   1.3870127e+00   0.0000000e+00   5.0000000e-01
   1.3245302e+00   2.9597283e+00   0.0000000e+00   5.0000000e-01
   4.7868042e+00   3.9729875e+00   0.0000000e+00   5.0000000e-01
   1.9831732e+00   2.2949579e+00   0.0000000e+00   5.0000000e-01
   2.2716509e+00   1.6073485e+00   0.0000000e+00   5.0000000e-01
   1.0858977e+00   2.5759266e+00   0.0000000e+00   5.0000000e-01
   4.8629128e-02   8.5858072e-01   0.0000000e+00   5.0000000e-01
   1.6825818e+00   2.0610689e+00   0.0000000e+00   5.0000000e-01
   2.5883334e+00   2.0123177e+00   0.0000000e+00   5.0000000e-01
   2.8289964e+00   1.8318821e+00   0.0000000e+00   5.0000000e-01
   3.2514944e-01   1.3126512e+00   0.0000000e+00   5.0000000e-01
   7.7706548e-02   1.0093500e+00   0.0000000e+00   5.0000000e-01
   1.5633379e+00   1.9502383e+00   0.0000000e+00   5.0000000e-01
   2.0449741e+00   2.7193006e+00   0.0000000e+00   5.0000000e-01
   4.4166091e+00   1.7169366e+00   0.0000000e+00   5.0000000e-01
   1.6901082e+00   5.7503383e-01   0.0000000e+00   5.0000000e-01
   2.1875830e+00   2.4615488e+00   0.0000000e+00   5.0000000e-01
   2.9476989e+00   3.0914839e+00   0.0000000e+00   5.0000000e-01
   1.4742972e+00   9.5570504e-01   0.0000000e+00   5.0000000e-01
   8.8439469e-01  -8.4278408e-01   0.0000000e+00   5.0000000e-01
   4.0768015e-01   2.9968241e+00   0.0000000e+00   5.0000000e-01
   3.1748441e+00   2.0765342e+00   0.0000000e+00   5.0000000e-01
   2.4851439e+00   1.3326321e-01   0.0000000e+00   5.0000000e-01
   3.6454805e+00   1.3863860e+00   0.0000000e+00   5.0000000e-01
   1.5457668e+00   3.1693535e+00   0.0000000e+00   5.0000000e-01
   3.0087682e+00   1.4249870e+00   0.0000000e+00   5.0000000e-01
   4.0494034e+00   1.7352051e+00   0.0000000e+00   5.0000000e-01
   2.6020201e+00   2.0047222e+00   0.0000000e+00   5.0000000e-01
   2.0178596e+00   1.9605898e+00   0.0000000e+00   5.0000000e-01
   3.8957423e-01   1.4946075e+00   0.0000000e+00   5.0000000e-01
   3.2387520e+00   8.4216788e-01   0.0000000e+00   5.0000000e-01
   2.6835869e+00   2.7104273e+00   0.0000000e+00   5.0000000e-01
   1.2192842e+00   2.7281720e+00   0.0000000e+00   5.0000000e-01
   2.5309792e+00   2.8668839e+00   0.0000000e+00   5.0000000e-01
   4.1344977e+00   4.4315693e+00   0.0000000e+00   5.0000000e-01
   2.3543607e+00   2.1102036e+00   0.0000000e+00   5.0000000e-01
   2.2316998e+00   2.0264491e+00   0.0000000e+00   5.0000000e-01
   3.2879805e+00   2.9703238e+00   0.0000000e+00   5.0000000e-01
   1.9865117e+00   1.9947403e+00   0.0000000e+00   5.0000000e-01
   6.6665510e-01   3.4095418e+00   0.0000000e+00   5.0000000e-01
   1.4436571e+00   3.7578506e+00   0.0000000e+00   5.0000000e-01
   2.7555966e+00   2.8850115e+00   0.0000000e+00   5.0000000e-01
   1.0881462e+00   3.1408620e+00   0.0000000e+00   5.0000000e-01
   3.3716836e+00   2.4032161e+00   0.0000000e+00   5.0000000e-01
   2.2455801e+00   2.1910086e+00   0.0000000e+00   5.0000000e-01
   2.1188445e+00   1.3063734e+00   0.0000000e+00   5.0000000e-01
   2.3846900e+00   2.0110362e+00   0.0000000e+00   5.0000000e-01
   1.9298476e+00   8.9441363e-01   0.0000000e+00   5.0000000e-01
   1.4216905e+00   3.9079734e+00   0.0000000e+00   5.0000000e-01
   2.4693078e+00   1.8345884e+00   0.0000000e+00   5.0000000e-01
   3.2996875e+00   1.2675703e+00   0.0000000e+00   5.0000000e-01
   3.6347980e+00   1.0092593e+00   0.0000000e+00   5.0000000e-01
   1.2971914e+00   2.8943053e+00   0.0000000e+00   5.0000000e-01
   2.8072529e+00   2.4482267e+00   0.0000000e+00   5.0000000e-01
   9.7254882e-01   2.8892187e+00   0.0000000e+00   5.0000000e-01
   3.2944961e+00   3.0733368e+00   0.0000000e+00   5.0000000e-01
   2.0149304e+00   1.8952656e+00   0.0000000e+00   5.0000000e-01
   2.2187051e+00   3.5473190e+00   0.0000000e+00   5.0000000e-01
   3.7131885e+00   2.1698340e+00   0.0000000e+00   5.0000000e-01
  -7.8804965e-02   2.8040482e+00   0.0000000e+00   5.0000000e-01
   2.1129168e+00   2.7597061e-01   0.0000000e+00   5.0000000e-01
   9.1350860e-01   2.1741330e+00   0.0000000e+00   5.0000000e-01
   4.4168942e-01   1.5159153e+00   0.0000000e+00   5.0000000e-01
   2.6374056e+00   1.2683728e+00   0.0000000e+00   5.0000000e-01
   1.5954238e+00  -1.3190462e-01   0.0000000e+00   5.0000000e-01
   1.5966747e+00   1.8963414e-01   0.0000000e+00   5.0000000e-01
   2.0840764e+00   1.9476617e+00   0.0000000e+00   5.0000000e-01
   1.5646509e+00   1.9137876e+00   0.0000000e+00   5.0000000e-01
   1.4373774e+00   8.1026245e-01   0.0000000e+00   5.0000000e-01
   2.8780623e+00   1.2458588e+00   0.0000000e+00   5.0000000e-01
   1.1853501e+00   2.9472780e+00   0.0000000e+00   5.0000000e-01
   1.7416371e+00   1.8173721e+00   0.0000000e+00   5.0000000e-01
   2.4932993e+00   1.9337323e+00   0.0000000e+00   5.0000000e-01
   1.1973062e+00   2.9050178e+00   0.0000000e+00   5.0000000e-01
   1.9916714e+00   3.4582160e+00   0.0000000e+00   5.0000000e-01
   2.6275710e+00   8.8201596e-01   0.0000000e+00   5.0000000e-01
   2.1543817e+00   3.8132950e+00   0.0000000e+00   5.0000000e-01
   4.5807346e+00   2.1507531e+00   0.0000000e+00   5.0000000e-01
   6.9375373e-01   1.7170063e+00   0.0000000e+00   5.0000000e-01
   3.0235262e+00   3.6501223e+00   0.0000000e+00   5.0000000e-01
   2.7777955e+00   2.6663783e+00   0.0000000e+00   5.0000000e-01
   1.1661156e+00   1.6536384e+00   0.0000000e+00   5.0000000e-01
   1.4133367e+00   1.7359582e+00   0.0000000e+00   5.0000000e-01
   2.0656638e+00   1.3556515e+00   0.0000000e+00   5.0000000e-01
   1.9876583e+00   1.0944597e+00   0.0000000e+00   5.0000000e-01
   1.9230135e+00   2.7166794e+00   0.0000000e+00   5.0000000e-01
   4.4141285e-01   1.9926636e+00   0.0000000e+00   5.0000000e-01
   3.7026066e+00  -8.1479932e-01   0.0000000e+00   5.0000000e-01
   1.5310155e+00   1.8504544e+00   0.0000000e+00   5.0000000e-01
   2.0946189e+00   2.5774946e+00   0.0000000e+00   5.0000000e-01
   2.2870714e+00   2.7531166e+00   0.0000000e+00   5.0000000e-01
   2.9193536e+00   1.8330151e+00   0.0000000e+00   5.0000000e-01
   2.5101361e+00   1.4181840e+00   0.0000000e+00   5.0000000e-01
   2.2454396e+00   2.3657577e+00   0.0000000e+00   5.0000000e-01
   5.9948109e-01   1.4510806e+00   0.0000000e+00   5.0000000e-01
   2.9695706e+00   2.5787367e+00   0.0000000e+00   5.0000000e-01
   3.5936977e+00   4.4200920e-02   0.0000000e+00   5.0000000e-01
   5.6208278e-01   2.5220062e+00   0.0000000e+00   5.0000000e-01
   4.6576965e-01   3.6011355e+00   0.0000000e+00   5.0000000e-01
   1.9252905e+00   2.7325593e+00   0.0000000e+00   5.0000000e-01
   2.0814594e+00   2.5557472e+00   0.0000000e+00   5.0000000e-01
   1.1567601e+00   1.1866540e+00   0.0000000e+00   5.0000000e-01
   1.4353598e+00   1.4610255e+00   0.0000000e+00   5.0000000e-01
   1.9717935e+00   3.3078765e+00   0.0000000e+00   5.0000000e-01
   7.5629794e-01   1.5174215e+00   0.0000000e+00   5.0000000e-01
   2.7330394e+00   2.4755302e-01   0.0000000e+00   5.0000000e-01
   2.0595799e+00   1.0734302e+00   0.0000000e+00   5.0000000e-01
   2.1491439e+00   2.9224395e+00   0.0000000e+00   5.0000000e-01
   3.5958571e+00   2.0410014e+00   0.0000000e+00   5.0000000e-01
   1.2227497e+00   2.4136473e+00   0.0000000e+00   5.0000000e-01
   3.5502774e+00   2.5972440e+00   0.0000000e+00   5.0000000e-01
   3.0550016e+00   3.9242701e+00   0.0000000e+00   5.0000000e-01
   1.8333458e+00   2.7141189e+00   0.0000000e+00   5.0000000e-01
   2.3144838e+00  -3.1233715e-01   0.0000000e+00   5.0000000e-01
   3.4195709e+00   3.3807154e+00   0.0000000e+00   5.0000000e-01
   2.3273478e+00   3.3907030e+00   0.0000000e+00   5.0000000e-01
   2.4756530e+00   1.5460961e+00   0.0000000e+00   5.0000000e-01
   2.3987539e+00   1.3716953e+00   0.0000000e+00   5.0000000e-01
   1.9272299e+00   3.0232248e+00   0.0000000e+00   5.0000000e-01
   3.3147838e+00   1.5108893e+00   0.0000000e+00   5.0000000e-01
   2.9782794e+00   1.5975951e+00   0.0000000e+00   5.0000000e-01
   3.7221142e+00   3.3996826e+00   0.0000000e+00   5.0000000e-01
   1.5876982e+00   2.2805611e+00   0.0000000e+00   5.0000000e-01
   2.5651331e+00   3.8808723e+00   0.0000000e+00   5.0000000e-01
   2.7398509e+00   1.2003267e+00   0.0000000e+00   5.0000000e-01
   2.2201383e+00   1.4393012e+00   0.0000000e+00   5.0000000e-01
   3.3128070e+00   3.7088745e+00   0.0000000e+00   5.0000000e-01
   2.6291516e+00   1.3551900e+00   0.0000000e+00   5.0000000e-01
   8.9201271e-01   5.7750438e-01   0.0000000e+00   5.0000000e-01
   1.5529986e+00   1.2440632e+00   0.0000000e+00   5.0000000e-01
   1.2740073e+00   2.1575199e+00   0.0000000e+00   5.0000000e-01
   2.3540454e+00   2.3783462e+00   0.0000000e+00   5.0000000e-01
   1.4932280e+00   2.1786648e+00   0.0000000e+00   5.0000000e-01
