16 1 0.11207
3 3 0.9096
12 3 0.89951
16 3 0.29156
10 4 0.67427
19 4 0.042898
10 5 0.9271
14 5 0.29989
19 5 0.0058848
1 6 0.23192
8 6 0.199
17 6 0.94423
12 7 0.69276
16 7 0.097447
10 9 0.34382
16 9 0.39745
1 10 0.47866
5 10 0.76755
1 11 0.52652
19 11 0.57442
20 11 0.7439
10 12 0.59449
13 12 0.60971
16 12 0.33331
6 13 0.94734
3 14 0.9222
6 14 0.81331
7 14 0.92383
18 14 0.25843
1 15 0.79272
2 16 0.19301
11 16 0.0033741
14 16 0.85604
12 18 0.43965
4 19 0.013266
11 19 0.98201
17 19 0.83856
10 20 0.61549
12 20 0.70102
