Running 1 test case...
1   1.79769e+308  3525.86
2   3525.86  3284.12
3   3284.12  3059.7
4   3059.7  2924.65
5   2924.65  2773.34
6   2773.34  2685.71
7   2685.71  2604.87
8   2604.87  2552.91
9   2552.91  2491.71
10   2491.71  2441.64
11   2441.64  2422.02
12   2422.02  2370.98
13   2370.98  2345.9
14   2345.9  2311.17
15   2311.17  2289.95
16   2289.95  2261.88
17   2261.88  2249.6
18   2249.6  2234.78
19   2234.78  2213.55
20   2213.55  2199.72
21   2199.72  2187.48
22   2187.48  2176.47
23   2176.47  2166.8
24   2166.8  2156.41
25   2156.41  2146.9
26   2146.9  2140.61
27   2140.61  2134.6
28   2134.6  2125.74
29   2125.74  2117.6
30   2117.6  2109.13
31   2109.13  2102.92
32   2102.92  2095.58
33   2095.58  2088.56
34   2088.56  2086.01
35   2086.01  2081.16
36   2081.16  2075.04
37   2075.04  2071.31
38   2071.31  2065.07
39   2065.07  2059.63
40   2059.63  2055.02
41   2055.02  2050.65
42   2050.65  2047.92
43   2047.92  2045.75
44   2045.75  2041.77
45   2041.77  2037.49
46   2037.49  2033
47   2033  2028.6
48   2028.6  2025.49
49   2025.49  2022.13
50   2022.13  2018.85
51   2018.85  2012.63
52   2012.63  2008.3
53   2008.3  2003.96
54   2003.96  2001.52
55   2001.52  1999.22
56   1999.22  1996.54
57   1996.54  1992.76
58   1992.76  1990.31
59   1990.31  1988.14
60   1988.14  1984.5
61   1984.5  1982.35
62   1982.35  1979.48
63   1979.48  1977.18
64   1977.18  1973.99
65   1973.99  1970.9
66   1970.9  1968.59
67   1968.59  1965.71
68   1965.71  1962.71
69   1962.71  1961.24
70   1961.24  1958.8
71   1958.8  1955.86
72   1955.86  1952.98
73   1952.98  1951.35
74   1951.35  1947.31
75   1947.31  1943.55
76   1943.55  1940.39
77   1940.39  1937.96
78   1937.96  1935.58
79   1935.58  1934.08
80   1934.08  1932.43
81   1932.43  1928.78
82   1928.78  1925.85
83   1925.85  1922.41
84   1922.41  1919.07
85   1919.07  1916.13
86   1916.13  1914.46
87   1914.46  1911.78
88   1911.78  1910.12
89   1910.12  1907.77
90   1907.77  1905.15
91   1905.15  1902.08
92   1902.08  1899.79
93   1899.79  1896.16
94   1896.16  1893.52
95   1893.52  1891.03
96   1891.03  1888.83
97   1888.83  1886.29
98   1886.29  1884.83
99   1884.83  1881.21
1000   633.698  632.938
2000   188.359  188.132
3000   57.4049  57.3534
4000   17.6065  17.6015
5000   5.49923  5.49293
6000   1.68321  1.68169
7000   0.507558  0.507083
8000   0.154031  0.153892
9000   0.0441448  0.0441308
10000   0.0113479  0.0113399
11000   0.00169201  0.00168957
12000   -0.00125471  -0.00125657
13000   -0.00212136  -0.00212191
14000   -0.00238833  -0.0023885
15000   -0.00247221  -0.00247224
16000   -0.00249823  -0.00249825
17000   -0.0025074  -0.0025074
18000   -0.00251147  -0.00251147
19000   -0.00251404  -0.00251404
20000   -0.00251608  -0.00251608
21000   -0.00251803  -0.00251803
22000   -0.00251989  -0.0025199
23000   -0.00252182  -0.00252182
24000   -0.00252377  -0.00252377
25000   -0.00252571  -0.00252572
26000   -0.0025276  -0.0025276
27000   -0.00252954  -0.00252954
28000   -0.00253148  -0.00253148
29000   -0.00253339  -0.00253339
30000   -0.00253532  -0.00253533
31000   -0.00253722  -0.00253722
32000   -0.00253917  -0.00253917
33000   -0.00254106  -0.00254106
34000   -0.002543  -0.002543
35000   -0.00254493  -0.00254493
36000   -0.00254693  -0.00254693
37000   -0.00254887  -0.00254887
38000   -0.0025508  -0.0025508
39000   -0.00255273  -0.00255273
40000   -0.00255466  -0.00255466
41000   -0.00255661  -0.00255661
42000   -0.00255855  -0.00255855
43000   -0.00256051  -0.00256052
44000   -0.00256251  -0.00256251
45000   -0.00256449  -0.00256449
46000   -0.00256646  -0.00256646
47000   -0.00256844  -0.00256844
48000   -0.00257044  -0.00257045
49000   -0.00257243  -0.00257243
50000   -0.00257438  -0.00257439
51000   -0.00257637  -0.00257637
52000   -0.00257839  -0.00257839
53000   -0.00258038  -0.00258038
54000   -0.00258238  -0.00258239
55000   -0.00258437  -0.00258437
56000   -0.00258635  -0.00258636
57000   -0.00258834  -0.00258834
58000   -0.00259034  -0.00259034
59000   -0.00259237  -0.00259237
60000   -0.0025944  -0.0025944
61000   -0.00259644  -0.00259645
62000   -0.00259843  -0.00259844
63000   -0.00260048  -0.00260048
64000   -0.00260253  -0.00260253
65000   -0.00260461  -0.00260462
66000   -0.00260664  -0.00260664
67000   -0.00260871  -0.00260871
68000   -0.00261074  -0.00261074
69000   -0.00261278  -0.00261278
70000   -0.00261482  -0.00261482
71000   -0.00261685  -0.00261685
72000   -0.00261888  -0.00261888
73000   -0.00262092  -0.00262092
74000   -0.00262299  -0.00262299
75000   -0.00262502  -0.00262502
76000   -0.00262707  -0.00262707
77000   -0.00262917  -0.00262917
78000   -0.00263125  -0.00263125
79000   -0.00263339  -0.00263339
80000   -0.00263549  -0.00263549
81000   -0.00263756  -0.00263757
82000   -0.00263966  -0.00263967
83000   -0.00264181  -0.00264182
84000   -0.00264389  -0.00264389
85000   -0.00264596  -0.00264596
86000   -0.00264806  -0.00264806
87000   -0.00265018  -0.00265019
88000   -0.00265232  -0.00265232
89000   -0.00265442  -0.00265442
90000   -0.00265652  -0.00265652
91000   -0.00265863  -0.00265863
92000   -0.00266076  -0.00266076
93000   -0.00266287  -0.00266288
94000   -0.00266501  -0.00266501
95000   -0.00266715  -0.00266715
96000   -0.00266927  -0.00266927
97000   -0.00267135  -0.00267135
98000   -0.00267346  -0.00267347
99000   -0.00267564  -0.00267564
100000   -0.00267777  -0.00267777
101000   -0.00267992  -0.00267992
102000   -0.00268206  -0.00268207
103000   -0.0026842  -0.0026842
104000   -0.00268635  -0.00268635
105000   -0.0026885  -0.0026885
106000   -0.00269064  -0.00269065
107000   -0.00269279  -0.0026928
108000   -0.00269496  -0.00269496
109000   -0.0026971  -0.0026971
110000   -0.00269923  -0.00269923
111000   -0.00270145  -0.00270145
112000   -0.00270364  -0.00270364
113000   -0.00270579  -0.00270579
114000   -0.00270799  -0.002708
115000   -0.00271018  -0.00271019
116000   -0.00271238  -0.00271238
117000   -0.00271462  -0.00271463
118000   -0.00271684  -0.00271685
119000   -0.00271906  -0.00271906
120000   -0.00272125  -0.00272125
121000   -0.00272357  -0.00272357
122000   -0.00272579  -0.00272579
123000   -0.00272806  -0.00272807
124000   -0.00273029  -0.00273029
125000   -0.00273248  -0.00273248
126000   -0.00273466  -0.00273466
127000   -0.00273684  -0.00273685
128000   -0.00273912  -0.00273913
129000   -0.00274135  -0.00274135
130000   -0.00274354  -0.00274354
131000   -0.00274575  -0.00274575
132000   -0.00274802  -0.00274802
133000   -0.00275031  -0.00275031
134000   -0.00275255  -0.00275255
135000   -0.00275489  -0.0027549
136000   -0.00275719  -0.00275719
137000   -0.00275949  -0.00275949
138000   -0.00276177  -0.00276178
139000   -0.00276406  -0.00276406
140000   -0.00276639  -0.00276639
141000   -0.00276861  -0.00276861
142000   -0.00277094  -0.00277094
143000   -0.00277323  -0.00277324
144000   -0.00277555  -0.00277555
145000   -0.00277781  -0.00277781
146000   -0.00278014  -0.00278014
147000   -0.00278249  -0.00278249
148000   -0.00278483  -0.00278483
149000   -0.00278714  -0.00278714
150000   -0.0027895  -0.0027895
151000   -0.00279183  -0.00279183
152000   -0.00279416  -0.00279416
153000   -0.00279653  -0.00279653
154000   -0.00279892  -0.00279892
155000   -0.00280127  -0.00280128
156000   -0.00280359  -0.00280359
157000   -0.00280595  -0.00280595
158000   -0.00280831  -0.00280831
159000   -0.00281061  -0.00281062
160000   -0.00281302  -0.00281303
161000   -0.00281541  -0.00281541
162000   -0.0028178  -0.0028178
163000   -0.00282018  -0.00282019
164000   -0.00282251  -0.00282251
165000   -0.0028249  -0.0028249
166000   -0.00282733  -0.00282733
167000   -0.0028297  -0.0028297
168000   -0.00283207  -0.00283207
169000   -0.00283445  -0.00283446
170000   -0.00283685  -0.00283685
171000   -0.00283926  -0.00283926
172000   -0.00284165  -0.00284166
173000   -0.0028441  -0.0028441
174000   -0.00284655  -0.00284656
175000   -0.002849  -0.002849
176000   -0.00285142  -0.00285143
177000   -0.00285388  -0.00285388
178000   -0.00285635  -0.00285635
179000   -0.00285878  -0.00285878
180000   -0.00286129  -0.00286129
181000   -0.00286373  -0.00286373
182000   -0.00286619  -0.0028662
183000   -0.00286865  -0.00286866
184000   -0.00287113  -0.00287114
185000   -0.00287365  -0.00287365
186000   -0.00287613  -0.00287614
187000   -0.00287865  -0.00287866
188000   -0.00288113  -0.00288113
189000   -0.00288363  -0.00288363
190000   -0.0028861  -0.0028861
191000   -0.00288864  -0.00288864
192000   -0.00289117  -0.00289117
193000   -0.00289373  -0.00289373
194000   -0.00289621  -0.00289621
195000   -0.00289876  -0.00289876
196000   -0.00290133  -0.00290133
197000   -0.0029038  -0.0029038
198000   -0.0029063  -0.00290631
199000   -0.00290884  -0.00290884
200000   -0.00291132  -0.00291132
201000   -0.00291385  -0.00291385
202000   -0.00291643  -0.00291643
203000   -0.00291895  -0.00291895
204000   -0.00292148  -0.00292148
205000   -0.00292402  -0.00292402
206000   -0.00292654  -0.00292654
207000   -0.00292913  -0.00292913
208000   -0.00293174  -0.00293174
209000   -0.00293438  -0.00293438
210000   -0.00293695  -0.00293695
211000   -0.00293952  -0.00293953
212000   -0.00294214  -0.00294214
213000   -0.00294471  -0.00294472
214000   -0.00294732  -0.00294733
215000   -0.00294991  -0.00294991
216000   -0.00295252  -0.00295252
217000   -0.00295513  -0.00295513
218000   -0.00295775  -0.00295775
219000   -0.00296039  -0.00296039
220000   -0.00296299  -0.00296299
221000   -0.0029656  -0.0029656
222000   -0.00296828  -0.00296828
223000   -0.00297094  -0.00297094
224000   -0.0029736  -0.0029736
225000   -0.00297625  -0.00297625
226000   -0.00297894  -0.00297894
227000   -0.00298151  -0.00298151
228000   -0.00298419  -0.00298419
229000   -0.00298684  -0.00298685
230000   -0.00298955  -0.00298956
231000   -0.00299227  -0.00299228
232000   -0.00299494  -0.00299494
233000   -0.00299761  -0.00299762
234000   -0.00300032  -0.00300032
235000   -0.00300298  -0.00300298
236000   -0.00300571  -0.00300571
237000   -0.00300848  -0.00300848
238000   -0.00301121  -0.00301121
239000   -0.00301397  -0.00301397
240000   -0.0030167  -0.0030167
241000   -0.00301947  -0.00301947
242000   -0.00302221  -0.00302222
243000   -0.00302504  -0.00302505
244000   -0.00302785  -0.00302785
245000   -0.00303057  -0.00303057
246000   -0.00303335  -0.00303335
247000   -0.00303617  -0.00303617
248000   -0.00303887  -0.00303888
249000   -0.00304166  -0.00304166
250000   -0.00304448  -0.00304449
251000   -0.00304726  -0.00304726
252000   -0.00305007  -0.00305007
253000   -0.00305291  -0.00305291
254000   -0.00305566  -0.00305566
255000   -0.00305845  -0.00305845
256000   -0.00306127  -0.00306127
257000   -0.00306408  -0.00306408
258000   -0.00306691  -0.00306691
259000   -0.00306974  -0.00306974
260000   -0.00307258  -0.00307258
261000   -0.00307541  -0.00307541
262000   -0.00307834  -0.00307834
263000   -0.00308121  -0.00308122
264000   -0.00308413  -0.00308413
265000   -0.00308695  -0.00308696
266000   -0.00308973  -0.00308973
267000   -0.00309259  -0.0030926
268000   -0.00309545  -0.00309545
269000   -0.00309834  -0.00309835
270000   -0.00310117  -0.00310117
271000   -0.00310401  -0.00310402
272000   -0.00310694  -0.00310694
273000   -0.00310979  -0.00310979
274000   -0.00311267  -0.00311267
275000   -0.00311561  -0.00311561
276000   -0.00311854  -0.00311854
277000   -0.00312156  -0.00312156
278000   -0.00312451  -0.00312451
279000   -0.00312746  -0.00312747
280000   -0.00313034  -0.00313034
281000   -0.00313321  -0.00313322
282000   -0.00313614  -0.00313615
283000   -0.00313903  -0.00313903
284000   -0.00314202  -0.00314202
285000   -0.00314495  -0.00314495
286000   -0.00314794  -0.00314795
287000   -0.00315088  -0.00315088
288000   -0.00315386  -0.00315386
289000   -0.00315683  -0.00315683
290000   -0.00315985  -0.00315985
291000   -0.00316287  -0.00316288
292000   -0.00316588  -0.00316589
293000   -0.00316891  -0.00316892
294000   -0.00317194  -0.00317194
295000   -0.00317493  -0.00317493
296000   -0.00317794  -0.00317794
297000   -0.003181  -0.00318101
298000   -0.00318408  -0.00318408
299000   -0.0031871  -0.0031871
300000   -0.00319008  -0.00319008
301000   -0.00319314  -0.00319314
302000   -0.00319622  -0.00319623
303000   -0.00319928  -0.00319928
304000   -0.00320235  -0.00320235
305000   -0.00320545  -0.00320545
306000   -0.00320856  -0.00320857
307000   -0.00321171  -0.00321172
308000   -0.00321477  -0.00321478
309000   -0.00321797  -0.00321797
310000   -0.00322109  -0.00322109
311000   -0.00322414  -0.00322415
312000   -0.00322731  -0.00322732
313000   -0.00323044  -0.00323045
314000   -0.00323356  -0.00323357
315000   -0.00323668  -0.00323669
316000   -0.00323982  -0.00323983
317000   -0.00324293  -0.00324293
318000   -0.00324609  -0.0032461
319000   -0.00324931  -0.00324932
320000   -0.0032525  -0.0032525
321000   -0.0032557  -0.00325571
322000   -0.00325879  -0.0032588
323000   -0.00326198  -0.00326199
324000   -0.00326521  -0.00326521
325000   -0.00326842  -0.00326842
326000   -0.00327164  -0.00327164
327000   -0.00327485  -0.00327485
328000   -0.00327809  -0.00327809
329000   -0.00328127  -0.00328128
330000   -0.0032845  -0.0032845
331000   -0.00328775  -0.00328776
332000   -0.00329091  -0.00329091
333000   -0.00329418  -0.00329418
334000   -0.00329742  -0.00329743
335000   -0.00330066  -0.00330066
336000   -0.00330391  -0.00330391
337000   -0.00330725  -0.00330725
338000   -0.00331057  -0.00331057
339000   -0.00331383  -0.00331384
340000   -0.00331715  -0.00331715
341000   -0.00332043  -0.00332043
342000   -0.00332374  -0.00332375
343000   -0.00332707  -0.00332707
344000   -0.00333041  -0.00333041
345000   -0.00333368  -0.00333368
346000   -0.00333707  -0.00333707
347000   -0.00334044  -0.00334044
348000   -0.00334372  -0.00334372
349000   -0.00334709  -0.00334709
350000   -0.0033504  -0.00335041
351000   -0.0033538  -0.0033538
352000   -0.00335718  -0.00335718
353000   -0.00336058  -0.00336058
354000   -0.00336393  -0.00336394
355000   -0.00336734  -0.00336734
356000   -0.00337069  -0.00337069
357000   -0.00337415  -0.00337416
358000   -0.00337759  -0.0033776
359000   -0.00338104  -0.00338104
360000   -0.00338442  -0.00338443
361000   -0.00338792  -0.00338793
362000   -0.00339138  -0.00339138
363000   -0.00339479  -0.00339479
364000   -0.00339825  -0.00339825
365000   -0.00340167  -0.00340167
366000   -0.00340521  -0.00340521
367000   -0.00340863  -0.00340863
368000   -0.00341207  -0.00341208
369000   -0.00341558  -0.00341558
370000   -0.0034191  -0.00341911
371000   -0.00342259  -0.00342259
372000   -0.00342609  -0.00342609
373000   -0.00342954  -0.00342954
374000   -0.00343302  -0.00343302
375000   -0.00343655  -0.00343656
376000   -0.00344014  -0.00344014
377000   -0.00344364  -0.00344364
378000   -0.00344724  -0.00344724
379000   -0.00345078  -0.00345079
380000   -0.00345433  -0.00345434
381000   -0.00345792  -0.00345793
382000   -0.00346144  -0.00346144
383000   -0.00346506  -0.00346506
384000   -0.00346872  -0.00346872
385000   -0.00347227  -0.00347227
386000   -0.00347596  -0.00347596
387000   -0.00347952  -0.00347952
388000   -0.00348316  -0.00348316
389000   -0.00348683  -0.00348684
390000   -0.00349054  -0.00349054
391000   -0.00349429  -0.00349429
392000   -0.00349794  -0.00349795
393000   -0.00350164  -0.00350164
394000   -0.00350535  -0.00350535
395000   -0.003509  -0.00350901
396000   -0.00351275  -0.00351275
397000   -0.00351649  -0.00351649
398000   -0.00352018  -0.00352019
399000   -0.00352387  -0.00352388
400000   -0.00352758  -0.00352759
401000   -0.00353128  -0.00353128
402000   -0.00353503  -0.00353503
403000   -0.00353879  -0.00353879
404000   -0.0035425  -0.0035425
405000   -0.00354626  -0.00354626
406000   -0.00355006  -0.00355006
407000   -0.00355388  -0.00355388
408000   -0.00355775  -0.00355776
409000   -0.00356144  -0.00356144
410000   -0.00356538  -0.00356538
411000   -0.0035692  -0.0035692
412000   -0.00357306  -0.00357307
413000   -0.00357686  -0.00357687
414000   -0.00358074  -0.00358074
415000   -0.00358457  -0.00358457
416000   -0.00358837  -0.00358838
417000   -0.00359225  -0.00359225
418000   -0.00359602  -0.00359603
419000   -0.00359994  -0.00359995
420000   -0.00360384  -0.00360384
421000   -0.00360768  -0.00360768
422000   -0.00361161  -0.00361162
423000   -0.00361559  -0.00361559
424000   -0.00361947  -0.00361947
425000   -0.00362341  -0.00362341
426000   -0.00362729  -0.00362729
427000   -0.00363131  -0.00363131
428000   -0.0036353  -0.0036353
429000   -0.00363926  -0.00363927
430000   -0.00364323  -0.00364323
431000   -0.0036472  -0.0036472
432000   -0.00365116  -0.00365117
433000   -0.00365518  -0.00365519
434000   -0.00365914  -0.00365914
435000   -0.00366308  -0.00366308
436000   -0.00366706  -0.00366706
437000   -0.00367107  -0.00367108
438000   -0.00367522  -0.00367523
439000   -0.00367921  -0.00367922
440000   -0.00368325  -0.00368325
441000   -0.00368732  -0.00368733
442000   -0.00369139  -0.0036914
443000   -0.00369547  -0.00369547
444000   -0.00369948  -0.00369948
445000   -0.00370359  -0.00370359
446000   -0.00370772  -0.00370772
447000   -0.00371176  -0.00371176
448000   -0.00371585  -0.00371586
449000   -0.00371998  -0.00371998
450000   -0.00372417  -0.00372417
451000   -0.00372839  -0.00372839
452000   -0.00373259  -0.0037326
453000   -0.0037368  -0.0037368
454000   -0.00374095  -0.00374095
455000   -0.00374516  -0.00374517
456000   -0.00374943  -0.00374943
457000   -0.00375362  -0.00375362
458000   -0.00375791  -0.00375791
459000   -0.00376213  -0.00376213
460000   -0.00376639  -0.00376639
461000   -0.00377062  -0.00377063
462000   -0.0037749  -0.0037749
463000   -0.00377912  -0.00377913
464000   -0.00378341  -0.00378342
465000   -0.00378774  -0.00378774
466000   -0.0037921  -0.0037921
467000   -0.00379643  -0.00379643
468000   -0.00380083  -0.00380083
469000   -0.00380522  -0.00380523
470000   -0.00380964  -0.00380964
471000   -0.00381403  -0.00381403
472000   -0.00381838  -0.00381839
473000   -0.00382282  -0.00382283
474000   -0.00382723  -0.00382724
475000   -0.00383167  -0.00383168
476000   -0.00383604  -0.00383604
477000   -0.00384047  -0.00384048
478000   -0.00384483  -0.00384484
479000   -0.00384922  -0.00384923
480000   -0.0038537  -0.00385371
481000   -0.00385817  -0.00385817
482000   -0.00386264  -0.00386265
483000   -0.00386715  -0.00386716
484000   -0.00387164  -0.00387164
485000   -0.00387616  -0.00387617
486000   -0.0038807  -0.00388071
487000   -0.00388524  -0.00388524
488000   -0.00388982  -0.00388983
489000   -0.00389437  -0.00389437
490000   -0.00389894  -0.00389895
491000   -0.0039035  -0.00390351
492000   -0.00390813  -0.00390814
493000   -0.0039127  -0.0039127
494000   -0.00391732  -0.00391732
495000   -0.00392201  -0.00392202
496000   -0.00392663  -0.00392663
497000   -0.0039312  -0.00393121
498000   -0.00393588  -0.00393589
499000   -0.00394059  -0.0039406
500000   -0.00394528  -0.00394528
501000   -0.00394989  -0.0039499
502000   -0.00395456  -0.00395456
503000   -0.00395925  -0.00395926
504000   -0.00396403  -0.00396404
505000   -0.00396872  -0.00396873
506000   -0.00397329  -0.00397329
507000   -0.00397794  -0.00397794
508000   -0.00398271  -0.00398271
509000   -0.00398749  -0.0039875
510000   -0.00399219  -0.00399219
511000   -0.00399709  -0.0039971
512000   -0.00400179  -0.00400179
513000   -0.00400658  -0.00400658
514000   -0.00401147  -0.00401147
515000   -0.00401625  -0.00401625
516000   -0.00402101  -0.00402101
517000   -0.00402575  -0.00402576
518000   -0.00403056  -0.00403056
519000   -0.0040354  -0.00403541
520000   -0.00404037  -0.00404037
521000   -0.00404527  -0.00404527
522000   -0.00405017  -0.00405018
523000   -0.00405513  -0.00405514
524000   -0.00406018  -0.00406018
525000   -0.0040651  -0.00406511
526000   -0.00407  -0.00407001
527000   -0.00407505  -0.00407506
528000   -0.00408009  -0.0040801
529000   -0.0040851  -0.00408511
530000   -0.00409014  -0.00409014
531000   -0.00409516  -0.00409517
532000   -0.00410012  -0.00410012
533000   -0.00410532  -0.00410533
534000   -0.00411034  -0.00411035
535000   -0.00411539  -0.00411539
536000   -0.0041204  -0.00412041
537000   -0.0041255  -0.0041255
538000   -0.00413061  -0.00413062
539000   -0.00413566  -0.00413567
540000   -0.00414079  -0.00414079
541000   -0.00414605  -0.00414606
542000   -0.00415132  -0.00415132
543000   -0.00415661  -0.00415661
544000   -0.00416182  -0.00416183
545000   -0.00416699  -0.004167
546000   -0.00417226  -0.00417226
547000   -0.00417747  -0.00417748
548000   -0.00418265  -0.00418266
549000   -0.00418793  -0.00418793
550000   -0.0041931  -0.0041931
551000   -0.00419834  -0.00419834
552000   -0.0042036  -0.0042036
553000   -0.0042089  -0.00420891
554000   -0.00421424  -0.00421425
555000   -0.00421955  -0.00421955
556000   -0.00422488  -0.00422488
557000   -0.00423029  -0.0042303
558000   -0.00423567  -0.00423568
559000   -0.00424101  -0.00424101
560000   -0.00424637  -0.00424638
561000   -0.00425187  -0.00425187
562000   -0.00425719  -0.0042572
563000   -0.00426268  -0.00426269
564000   -0.00426807  -0.00426808
565000   -0.00427366  -0.00427366
566000   -0.00427915  -0.00427916
567000   -0.00428463  -0.00428464
568000   -0.00429013  -0.00429014
569000   -0.00429557  -0.00429558
570000   -0.00430103  -0.00430104
571000   -0.00430661  -0.00430661
572000   -0.00431223  -0.00431224
573000   -0.00431778  -0.00431779
574000   -0.00432339  -0.00432339
575000   -0.00432896  -0.00432896
576000   -0.00433459  -0.00433459
577000   -0.00434015  -0.00434016
578000   -0.00434579  -0.00434579
579000   -0.00435146  -0.00435147
580000   -0.00435712  -0.00435712
581000   -0.00436271  -0.00436271
582000   -0.00436834  -0.00436834
583000   -0.00437406  -0.00437407
584000   -0.00437975  -0.00437976
585000   -0.00438539  -0.0043854
586000   -0.00439121  -0.00439121
587000   -0.00439699  -0.00439699
588000   -0.0044028  -0.0044028
589000   -0.0044086  -0.00440861
590000   -0.00441442  -0.00441442
591000   -0.00442029  -0.0044203
592000   -0.00442608  -0.00442609
593000   -0.00443199  -0.004432
594000   -0.00443785  -0.00443786
595000   -0.00444374  -0.00444375
596000   -0.00444953  -0.00444953
597000   -0.00445543  -0.00445544
598000   -0.00446144  -0.00446145
599000   -0.00446738  -0.00446739
600000   -0.00447338  -0.00447338
601000   -0.0044794  -0.0044794
602000   -0.00448547  -0.00448548
603000   -0.00449157  -0.00449158
604000   -0.00449768  -0.00449768
605000   -0.00450373  -0.00450373
606000   -0.00450982  -0.00450982
607000   -0.00451603  -0.00451604
608000   -0.00452211  -0.00452212
609000   -0.00452827  -0.00452827
610000   -0.00453427  -0.00453427
611000   -0.00454036  -0.00454037
612000   -0.00454655  -0.00454656
613000   -0.0045527  -0.00455271
614000   -0.00455893  -0.00455894
615000   -0.00456511  -0.00456511
616000   -0.00457124  -0.00457124
617000   -0.00457754  -0.00457754
618000   -0.00458381  -0.00458382
619000   -0.00459016  -0.00459016
620000   -0.00459651  -0.00459651
621000   -0.00460288  -0.00460288
622000   -0.00460917  -0.00460918
623000   -0.00461548  -0.00461549
624000   -0.00462184  -0.00462185
625000   -0.00462838  -0.00462839
626000   -0.004635  -0.00463501
627000   -0.00464144  -0.00464145
628000   -0.00464801  -0.00464802
629000   -0.00465452  -0.00465453
630000   -0.00466115  -0.00466115
631000   -0.00466758  -0.00466759
632000   -0.0046742  -0.0046742
633000   -0.00468079  -0.0046808
634000   -0.00468741  -0.00468741
635000   -0.00469396  -0.00469397
636000   -0.00470054  -0.00470054
637000   -0.00470722  -0.00470723
638000   -0.00471401  -0.00471402
639000   -0.0047206  -0.0047206
640000   -0.00472705  -0.00472706
641000   -0.0047337  -0.00473371
642000   -0.00474042  -0.00474043
643000   -0.00474697  -0.00474697
644000   -0.00475365  -0.00475365
645000   -0.00476038  -0.00476038
646000   -0.00476725  -0.00476726
647000   -0.00477421  -0.00477422
648000   -0.00478114  -0.00478114
649000   -0.00478796  -0.00478797
650000   -0.00479489  -0.00479489
651000   -0.00480169  -0.00480169
652000   -0.0048086  -0.0048086
653000   -0.00481544  -0.00481544
654000   -0.00482231  -0.00482231
655000   -0.00482925  -0.00482925
656000   -0.00483614  -0.00483615
657000   -0.00484302  -0.00484303
658000   -0.00485006  -0.00485006
659000   -0.0048571  -0.0048571
660000   -0.00486426  -0.00486427
661000   -0.0048713  -0.00487131
662000   -0.00487848  -0.00487848
663000   -0.00488557  -0.00488558
664000   -0.0048929  -0.0048929
665000   -0.00490023  -0.00490024
666000   -0.00490749  -0.0049075
667000   -0.00491465  -0.00491465
668000   -0.00492188  -0.00492189
669000   -0.00492911  -0.00492911
670000   -0.00493658  -0.00493658
671000   -0.00494392  -0.00494393
672000   -0.00495117  -0.00495118
673000   -0.00495854  -0.00495855
674000   -0.00496611  -0.00496612
675000   -0.00497357  -0.00497357
676000   -0.00498108  -0.00498108
677000   -0.00498842  -0.00498843
678000   -0.00499572  -0.00499572
679000   -0.00500338  -0.00500338
680000   -0.00501094  -0.00501095
681000   -0.00501852  -0.00501853
682000   -0.00502618  -0.00502618
683000   -0.0050339  -0.00503391
684000   -0.00504157  -0.00504158
685000   -0.00504929  -0.0050493
686000   -0.00505709  -0.0050571
687000   -0.00506497  -0.00506498
688000   -0.00507261  -0.00507262
689000   -0.00508026  -0.00508027
690000   -0.00508799  -0.005088
691000   -0.0050958  -0.00509581
692000   -0.00510357  -0.00510358
693000   -0.00511144  -0.00511145
694000   -0.00511939  -0.0051194
695000   -0.00512741  -0.00512742
696000   -0.00513542  -0.00513543
697000   -0.00514331  -0.00514332
698000   -0.00515109  -0.0051511
699000   -0.00515897  -0.00515898
700000   -0.00516692  -0.00516693
701000   -0.00517501  -0.00517501
702000   -0.00518321  -0.00518321
703000   -0.00519141  -0.00519142
704000   -0.0051993  -0.00519931
705000   -0.0052074  -0.0052074
706000   -0.00521557  -0.00521558
707000   -0.00522347  -0.00522348
708000   -0.0052318  -0.00523181
709000   -0.00524002  -0.00524004
710000   -0.00524842  -0.00524843
711000   -0.00525681  -0.00525682
712000   -0.00526514  -0.00526515
713000   -0.00527347  -0.00527348
714000   -0.00528188  -0.00528189
715000   -0.00529041  -0.00529042
716000   -0.00529888  -0.00529889
717000   -0.00530736  -0.00530737
718000   -0.00531598  -0.00531598
719000   -0.00532455  -0.00532456
720000   -0.00533313  -0.00533314
721000   -0.00534161  -0.00534162
722000   -0.00535025  -0.00535025
723000   -0.00535888  -0.00535889
724000   -0.00536739  -0.0053674
725000   -0.00537611  -0.00537612
726000   -0.00538465  -0.00538465
727000   -0.00539344  -0.00539345
728000   -0.00540224  -0.00540225
729000   -0.00541109  -0.0054111
730000   -0.00541967  -0.00541968
731000   -0.00542833  -0.00542834
732000   -0.00543713  -0.00543714
733000   -0.00544602  -0.00544602
734000   -0.00545491  -0.00545492
735000   -0.00546374  -0.00546375
736000   -0.00547275  -0.00547276
737000   -0.00548176  -0.00548177
738000   -0.00549077  -0.00549078
739000   -0.00549985  -0.00549986
740000   -0.00550907  -0.00550908
741000   -0.00551824  -0.00551825
742000   -0.00552746  -0.00552747
743000   -0.00553679  -0.00553679
744000   -0.00554638  -0.00554639
745000   -0.00555556  -0.00555557
746000   -0.00556502  -0.00556503
747000   -0.00557425  -0.00557426
748000   -0.00558377  -0.00558378
749000   -0.00559321  -0.00559322
750000   -0.0056029  -0.00560292
751000   -0.00561221  -0.00561222
752000   -0.00562149  -0.0056215
753000   -0.00563101  -0.00563102
754000   -0.00564028  -0.0056403
755000   -0.0056499  -0.00564991
756000   -0.00565957  -0.00565958
757000   -0.00566923  -0.00566925
758000   -0.0056789  -0.00567891
759000   -0.00568842  -0.00568844
760000   -0.00569796  -0.00569796
761000   -0.005708  -0.00570801
762000   -0.00571788  -0.00571789
763000   -0.00572771  -0.00572771
764000   -0.00573767  -0.00573767
765000   -0.00574741  -0.00574743
766000   -0.00575739  -0.0057574
767000   -0.00576715  -0.00576715
768000   -0.00577723  -0.00577724
769000   -0.00578718  -0.00578719
770000   -0.00579678  -0.00579679
771000   -0.00580669  -0.00580671
772000   -0.00581684  -0.00581686
773000   -0.00582697  -0.00582698
774000   -0.00583697  -0.00583698
775000   -0.00584712  -0.00584713
776000   -0.00585742  -0.00585743
777000   -0.00586769  -0.00586771
778000   -0.00587823  -0.00587824
779000   -0.00588878  -0.00588879
780000   -0.00589936  -0.00589937
781000   -0.00590972  -0.00590973
782000   -0.00592012  -0.00592013
783000   -0.00593054  -0.00593054
784000   -0.00594099  -0.005941
785000   -0.00595127  -0.00595127
786000   -0.00596192  -0.00596194
787000   -0.00597271  -0.00597271
788000   -0.00598338  -0.00598339
789000   -0.00599432  -0.00599432
790000   -0.00600515  -0.00600516
791000   -0.00601614  -0.00601615
792000   -0.0060267  -0.00602671
793000   -0.00603791  -0.00603791
794000   -0.00604889  -0.0060489
795000   -0.00606002  -0.00606002
796000   -0.00607113  -0.00607114
797000   -0.0060824  -0.00608241
798000   -0.00609358  -0.00609359
799000   -0.00610495  -0.00610496
800000   -0.00611607  -0.00611608
801000   -0.00612728  -0.0061273
802000   -0.00613864  -0.00613865
803000   -0.00615015  -0.00615016
804000   -0.00616146  -0.00616146
805000   -0.00617278  -0.00617279
806000   -0.00618438  -0.00618438
807000   -0.00619585  -0.00619586
808000   -0.00620743  -0.00620744
809000   -0.00621913  -0.00621914
810000   -0.00623059  -0.0062306
811000   -0.00624205  -0.00624206
812000   -0.0062541  -0.00625411
813000   -0.00626612  -0.00626613
814000   -0.00627798  -0.00627799
815000   -0.0062896  -0.00628961
816000   -0.00630145  -0.00630148
817000   -0.00631302  -0.00631304
818000   -0.00632475  -0.00632475
819000   -0.00633692  -0.00633693
820000   -0.00634923  -0.00634923
821000   -0.00636161  -0.00636162
822000   -0.00637376  -0.00637377
823000   -0.00638592  -0.00638592
824000   -0.00639801  -0.00639802
825000   -0.00641025  -0.00641025
826000   -0.00642231  -0.00642232
827000   -0.00643468  -0.0064347
828000   -0.00644708  -0.00644709
829000   -0.00645963  -0.00645964
830000   -0.00647223  -0.00647224
831000   -0.00648491  -0.00648492
832000   -0.00649781  -0.00649783
833000   -0.00651027  -0.0065103
834000   -0.00652289  -0.0065229
835000   -0.00653548  -0.00653549
836000   -0.00654834  -0.00654834
837000   -0.0065612  -0.00656121
838000   -0.00657407  -0.00657408
839000   -0.00658715  -0.00658717
840000   -0.00660009  -0.0066001
841000   -0.00661292  -0.00661293
842000   -0.00662595  -0.00662596
843000   -0.00663916  -0.00663918
844000   -0.00665217  -0.00665219
845000   -0.00666533  -0.00666534
846000   -0.00667874  -0.00667874
847000   -0.00669225  -0.00669227
848000   -0.00670574  -0.00670574
849000   -0.0067193  -0.00671931
850000   -0.00673285  -0.00673286
851000   -0.00674628  -0.0067463
852000   -0.00675983  -0.00675984
853000   -0.00677387  -0.00677388
854000   -0.00678768  -0.00678769
855000   -0.00680162  -0.00680163
856000   -0.00681553  -0.00681554
857000   -0.00682942  -0.00682943
858000   -0.00684336  -0.00684338
859000   -0.00685743  -0.00685744
860000   -0.00687153  -0.00687155
861000   -0.00688561  -0.00688563
862000   -0.00690001  -0.00690002
863000   -0.00691432  -0.00691434
864000   -0.0069288  -0.00692882
865000   -0.00694288  -0.0069429
866000   -0.0069575  -0.00695753
867000   -0.00697208  -0.00697209
868000   -0.00698679  -0.00698681
869000   -0.00700155  -0.00700157
870000   -0.00701601  -0.00701603
871000   -0.00703078  -0.0070308
872000   -0.00704589  -0.0070459
873000   -0.00706123  -0.00706125
874000   -0.00707585  -0.00707587
875000   -0.00709088  -0.00709089
876000   -0.0071058  -0.00710582
877000   -0.00712145  -0.00712146
878000   -0.00713659  -0.0071366
879000   -0.00715219  -0.00715221
880000   -0.00716781  -0.00716782
881000   -0.00718295  -0.00718297
882000   -0.00719866  -0.00719867
883000   -0.00721416  -0.00721417
884000   -0.00722971  -0.00722973
885000   -0.00724542  -0.00724544
886000   -0.00726127  -0.00726128
887000   -0.00727708  -0.0072771
888000   -0.00729341  -0.00729342
889000   -0.0073095  -0.00730952
890000   -0.00732562  -0.00732563
891000   -0.00734175  -0.00734176
892000   -0.00735819  -0.00735821
893000   -0.00737435  -0.00737436
894000   -0.00739064  -0.00739064
895000   -0.00740714  -0.00740716
896000   -0.00742364  -0.00742365
897000   -0.0074399  -0.00743991
898000   -0.00745649  -0.00745651
899000   -0.00747293  -0.00747293
900000   -0.00748998  -0.00748999
901000   -0.00750686  -0.00750687
902000   -0.00752384  -0.00752386
903000   -0.00754088  -0.0075409
904000   -0.00755817  -0.00755819
905000   -0.00757537  -0.00757538
906000   -0.00759246  -0.00759246
907000   -0.00760986  -0.00760987
908000   -0.00762743  -0.00762745
909000   -0.00764498  -0.007645
910000   -0.00766244  -0.00766246
911000   -0.00767987  -0.00767989
912000   -0.0076974  -0.00769743
913000   -0.00771546  -0.00771549
914000   -0.00773327  -0.0077333
915000   -0.00775148  -0.00775151
916000   -0.00776935  -0.00776937
917000   -0.00778731  -0.00778733
918000   -0.00780515  -0.00780516
919000   -0.00782396  -0.00782398
920000   -0.00784197  -0.00784199
921000   -0.00785995  -0.00785996
922000   -0.00787852  -0.00787852
923000   -0.00789752  -0.00789755
924000   -0.00791672  -0.00791674
925000   -0.00793515  -0.00793516
926000   -0.00795413  -0.00795415
927000   -0.00797307  -0.00797307
928000   -0.00799212  -0.00799213
929000   -0.00801169  -0.00801171
930000   -0.00803093  -0.00803094
931000   -0.00805016  -0.00805018
932000   -0.00806942  -0.00806944
933000   -0.00808945  -0.00808947
934000   -0.0081092  -0.00810922
935000   -0.00812921  -0.00812923
936000   -0.00814973  -0.00814975
937000   -0.00816951  -0.00816953
938000   -0.00818964  -0.00818966
939000   -0.00821018  -0.00821019
940000   -0.00823016  -0.00823018
941000   -0.00825089  -0.00825091
942000   -0.00827155  -0.00827158
943000   -0.00829248  -0.0082925
944000   -0.00831341  -0.00831343
945000   -0.00833412  -0.00833414
946000   -0.00835525  -0.00835526
947000   -0.00837606  -0.00837608
948000   -0.00839717  -0.00839718
949000   -0.00841854  -0.00841856
950000   -0.00843981  -0.00843982
951000   -0.00846109  -0.0084611
952000   -0.00848279  -0.0084828
953000   -0.00850446  -0.00850449
954000   -0.00852618  -0.0085262
955000   -0.00854851  -0.00854853
956000   -0.00857068  -0.0085707
957000   -0.00859285  -0.00859289
958000   -0.00861548  -0.00861551
959000   -0.00863771  -0.00863773
960000   -0.0086603  -0.00866033
961000   -0.00868298  -0.008683
962000   -0.00870557  -0.0087056
963000   -0.00872849  -0.00872852
964000   -0.00875174  -0.00875178
965000   -0.00877465  -0.00877467
966000   -0.0087977  -0.00879773
967000   -0.00882097  -0.00882099
968000   -0.00884403  -0.00884407
969000   -0.00886751  -0.00886754
970000   -0.00889166  -0.00889169
971000   -0.00891551  -0.00891554
972000   -0.00893898  -0.008939
973000   -0.00896368  -0.00896371
974000   -0.00898793  -0.00898796
975000   -0.00901248  -0.00901252
976000   -0.00903714  -0.00903715
977000   -0.00906223  -0.00906225
978000   -0.00908645  -0.00908646
979000   -0.00911068  -0.0091107
980000   -0.00913586  -0.00913588
981000   -0.00916112  -0.00916116
982000   -0.00918633  -0.00918636
983000   -0.009212  -0.00921202
984000   -0.0092374  -0.00923742
985000   -0.00926308  -0.00926311
986000   -0.00928925  -0.00928927
987000   -0.00931515  -0.00931519
988000   -0.00934146  -0.00934148
989000   -0.00936783  -0.00936785
990000   -0.00939383  -0.00939385
991000   -0.00942058  -0.00942061
992000   -0.00944703  -0.00944705
993000   -0.00947385  -0.0094739
994000   -0.00950049  -0.00950051
995000   -0.00952815  -0.00952817
996000   -0.00955531  -0.00955534
997000   -0.00958276  -0.00958282
998000   -0.00961062  -0.00961064
999000   -0.00963835  -0.00963836
1000000   -0.00966612  -0.00966616
1001000   -0.00969445  -0.00969447
1002000   -0.00972264  -0.00972267
1003000   -0.00975084  -0.00975085
1004000   -0.00977908  -0.00977913
1005000   -0.00980723  -0.00980726
1006000   -0.00983693  -0.00983695
1007000   -0.00986576  -0.00986577
1008000   -0.00989603  -0.00989605
1009000   -0.00992523  -0.00992524
1010000   -0.00995488  -0.0099549
1011000   -0.00998516  -0.00998517
1012000   -0.0100151  -0.0100151
1013000   -0.0100461  -0.0100461
1014000   -0.0100771  -0.0100772
1015000   -0.010108  -0.010108
1016000   -0.0101384  -0.0101384
1017000   -0.0101685  -0.0101685
1018000   -0.0101996  -0.0101996
1019000   -0.0102305  -0.0102306
1020000   -0.0102618  -0.0102618
1021000   -0.0102932  -0.0102933
1022000   -0.0103246  -0.0103246
1023000   -0.0103568  -0.0103568
1024000   -0.0103882  -0.0103883
1025000   -0.0104205  -0.0104205
1026000   -0.0104528  -0.0104528
1027000   -0.0104864  -0.0104864
1028000   -0.0105202  -0.0105203
1029000   -0.0105535  -0.0105535
1030000   -0.0105877  -0.0105877
1031000   -0.0106214  -0.0106214
1032000   -0.0106552  -0.0106553
1033000   -0.0106889  -0.0106889
1034000   -0.0107225  -0.0107226
1035000   -0.0107577  -0.0107577
1036000   -0.0107916  -0.0107916
1037000   -0.0108274  -0.0108274
1038000   -0.0108621  -0.0108621
1039000   -0.0108977  -0.0108977
1040000   -0.0109334  -0.0109334
1041000   -0.0109691  -0.0109692
1042000   -0.0110061  -0.0110061
1043000   -0.0110419  -0.0110419
1044000   -0.0110792  -0.0110792
1045000   -0.0111156  -0.0111156
1046000   -0.0111531  -0.0111531
1047000   -0.0111902  -0.0111903
1048000   -0.0112279  -0.011228
1049000   -0.0112663  -0.0112664
1050000   -0.0113046  -0.0113047
1051000   -0.0113424  -0.0113425
1052000   -0.011381  -0.011381
1053000   -0.01142  -0.0114201
1054000   -0.0114592  -0.0114592
1055000   -0.0114989  -0.0114989
1056000   -0.0115387  -0.0115387
1057000   -0.0115792  -0.0115793
1058000   -0.0116206  -0.0116207
1059000   -0.0116603  -0.0116604
1060000   -0.0117019  -0.011702
1061000   -0.0117429  -0.011743
1062000   -0.0117839  -0.011784
1063000   -0.0118268  -0.0118268
1064000   -0.0118678  -0.0118679
1065000   -0.0119105  -0.0119106
1066000   -0.0119531  -0.0119531
1067000   -0.0119954  -0.0119954
1068000   -0.0120393  -0.0120394
1069000   -0.0120825  -0.0120825
1070000   -0.0121266  -0.0121266
1071000   -0.0121709  -0.0121709
1072000   -0.0122158  -0.0122158
1073000   -0.0122606  -0.0122607
1074000   -0.012306  -0.0123061
1075000   -0.012352  -0.0123521
1076000   -0.0123979  -0.0123979
1077000   -0.0124431  -0.0124431
1078000   -0.0124899  -0.0124899
1079000   -0.0125377  -0.0125378
1080000   -0.0125855  -0.0125856
1081000   -0.0126335  -0.0126335
1082000   -0.0126813  -0.0126813
1083000   -0.0127291  -0.0127292
1084000   -0.0127775  -0.0127775
1085000   -0.0128278  -0.0128279
1086000   -0.0128774  -0.0128775
1087000   -0.0129273  -0.0129274
1088000   -0.0129789  -0.012979
1089000   -0.0130303  -0.0130304
1090000   -0.0130808  -0.0130808
1091000   -0.0131324  -0.0131324
1092000   -0.0131846  -0.0131847
1093000   -0.0132365  -0.0132365
1094000   -0.0132884  -0.0132885
1095000   -0.0133421  -0.0133422
1096000   -0.0133951  -0.0133952
1097000   -0.0134474  -0.0134475
1098000   -0.0135025  -0.0135025
1099000   -0.0135569  -0.013557
1100000   -0.0136121  -0.0136122
1101000   -0.0136682  -0.0136682
1102000   -0.0137238  -0.0137238
1103000   -0.0137796  -0.0137796
1104000   -0.0138359  -0.013836
1105000   -0.0138926  -0.0138927
1106000   -0.0139513  -0.0139514
1107000   -0.0140083  -0.0140084
1108000   -0.0140673  -0.0140674
1109000   -0.0141271  -0.0141272
1110000   -0.0141868  -0.0141868
1111000   -0.0142481  -0.0142482
1112000   -0.014309  -0.0143091
1113000   -0.0143713  -0.0143713
1114000   -0.014433  -0.014433
1115000   -0.0144963  -0.0144963
1116000   -0.0145605  -0.0145605
1117000   -0.0146244  -0.0146245
1118000   -0.014688  -0.0146881
1119000   -0.0147528  -0.0147529
1120000   -0.0148193  -0.0148193
1121000   -0.0148862  -0.0148863
1122000   -0.0149527  -0.0149528
1123000   -0.0150197  -0.0150198
1124000   -0.0150864  -0.0150864
1125000   -0.0151559  -0.015156
1126000   -0.0152268  -0.0152268
1127000   -0.0152963  -0.0152964
1128000   -0.015366  -0.015366
1129000   -0.0154387  -0.0154388
1130000   -0.0155113  -0.0155114
1131000   -0.0155833  -0.0155833
1132000   -0.0156555  -0.0156556
1133000   -0.0157282  -0.0157283
1134000   -0.0158015  -0.0158016
1135000   -0.0158782  -0.0158783
1136000   -0.0159549  -0.015955
1137000   -0.0160315  -0.0160316
1138000   -0.016109  -0.0161091
1139000   -0.0161882  -0.0161883
1140000   -0.0162667  -0.0162668
1141000   -0.0163458  -0.0163458
1142000   -0.0164265  -0.0164265
1143000   -0.0165063  -0.0165063
1144000   -0.0165863  -0.0165863
1145000   -0.0166702  -0.0166702
1146000   -0.0167533  -0.0167534
1147000   -0.016839  -0.0168391
1148000   -0.0169258  -0.0169258
1149000   -0.0170136  -0.0170136
1150000   -0.0171004  -0.0171005
1151000   -0.0171861  -0.0171862
1152000   -0.0172742  -0.0172744
1153000   -0.017365  -0.0173651
1154000   -0.0174551  -0.0174552
1155000   -0.0175483  -0.0175483
1156000   -0.0176418  -0.0176419
1157000   -0.0177357  -0.0177358
1158000   -0.0178326  -0.0178326
1159000   -0.0179299  -0.01793
1160000   -0.0180266  -0.0180268
1161000   -0.0181248  -0.0181248
1162000   -0.0182224  -0.0182225
1163000   -0.0183234  -0.0183235
1164000   -0.018424  -0.018424
1165000   -0.0185254  -0.0185255
1166000   -0.0186305  -0.0186306
1167000   -0.0187351  -0.0187351
1168000   -0.0188417  -0.0188419
1169000   -0.0189478  -0.0189478
1170000   -0.0190541  -0.0190542
1171000   -0.0191646  -0.0191646
1172000   -0.0192745  -0.0192745
1173000   -0.0193863  -0.0193865
1174000   -0.0195008  -0.019501
1175000   -0.0196174  -0.0196176
1176000   -0.0197345  -0.0197346
1177000   -0.0198503  -0.0198505
1178000   -0.0199703  -0.0199704
1179000   -0.0200902  -0.0200904
1180000   -0.0202112  -0.0202113
1181000   -0.0203341  -0.0203343
1182000   -0.020458  -0.0204582
1183000   -0.0205836  -0.0205838
1184000   -0.0207106  -0.0207108
1185000   -0.0208411  -0.0208412
1186000   -0.0209691  -0.0209692
1187000   -0.021101  -0.0211011
1188000   -0.0212376  -0.0212377
1189000   -0.0213722  -0.0213723
1190000   -0.0215081  -0.0215083
1191000   -0.0216484  -0.0216485
1192000   -0.0217904  -0.0217906
1193000   -0.021935  -0.0219352
1194000   -0.0220808  -0.0220811
1195000   -0.0222293  -0.0222294
1196000   -0.0223825  -0.0223827
1197000   -0.0225327  -0.022533
1198000   -0.0226849  -0.0226851
1199000   -0.022841  -0.0228411
1200000   -0.0229992  -0.0229992
1201000   -0.0231574  -0.0231576
1202000   -0.0233209  -0.0233211
1203000   -0.0234876  -0.0234877
1204000   -0.0236583  -0.0236585
1205000   -0.0238266  -0.0238266
1206000   -0.0239943  -0.0239945
1207000   -0.0241689  -0.0241692
1208000   -0.024347  -0.0243472
1209000   -0.0245287  -0.0245289
1210000   -0.0247065  -0.0247067
1211000   -0.0248884  -0.0248886
1212000   -0.0250735  -0.0250737
1213000   -0.0252626  -0.025263
1214000   -0.0254565  -0.0254568
1215000   -0.0256539  -0.025654
1216000   -0.0258539  -0.0258541
1217000   -0.026055  -0.026055
1218000   -0.0262582  -0.0262585
1219000   -0.0264741  -0.0264743
1220000   -0.0266867  -0.0266869
1221000   -0.0269015  -0.0269018
1222000   -0.027122  -0.0271221
1223000   -0.0273422  -0.0273423
1224000   -0.0275643  -0.0275644
1225000   -0.0277926  -0.0277928
1226000   -0.0280229  -0.0280233
1227000   -0.0282607  -0.0282609
1228000   -0.0284959  -0.0284961
1229000   -0.0287398  -0.0287401
1230000   -0.0289873  -0.0289875
1231000   -0.0292446  -0.0292448
1232000   -0.0295015  -0.0295017
1233000   -0.0297626  -0.0297628
1234000   -0.0300337  -0.0300339
1235000   -0.030299  -0.0302993
1236000   -0.030579  -0.0305793
1237000   -0.030858  -0.0308582
1238000   -0.0311445  -0.0311448
1239000   -0.0314382  -0.0314383
1240000   -0.0317382  -0.0317388
1241000   -0.0320484  -0.0320484
1242000   -0.0323606  -0.032361
1243000   -0.0326758  -0.032676
1244000   -0.0330004  -0.0330007
1245000   -0.0333242  -0.0333246
1246000   -0.0336529  -0.0336535
1247000   -0.033997  -0.0339976
1248000   -0.0343445  -0.0343448
1249000   -0.0347142  -0.0347147
1250000   -0.0350878  -0.0350884
1251000   -0.0354673  -0.0354676
1252000   -0.0358513  -0.0358515
1253000   -0.0362427  -0.0362433
1254000   -0.0366518  -0.0366522
1255000   -0.0370602  -0.0370604
1256000   -0.0374788  -0.0374789
1257000   -0.0379053  -0.037906
1258000   -0.0383422  -0.0383426
1259000   -0.0387907  -0.0387909
1260000   -0.0392507  -0.0392514
1261000   -0.0397265  -0.0397272
1262000   -0.0402091  -0.0402097
1263000   -0.040686  -0.0406867
1264000   -0.0411873  -0.0411873
1265000   -0.0417  -0.0417005
1266000   -0.0422264  -0.0422266
1267000   -0.0427563  -0.0427567
1268000   -0.0433121  -0.0433126
1269000   -0.0438735  -0.0438743
1270000   -0.0444621  -0.0444628
1271000   -0.0450769  -0.0450777
1272000   -0.0456963  -0.0456966
1273000   -0.0463212  -0.0463215
1274000   -0.0469767  -0.0469778
1275000   -0.0476281  -0.0476291
1276000   -0.048302  -0.048303
1277000   -0.0490135  -0.0490144
1278000   -0.0497261  -0.049727
1279000   -0.0504616  -0.0504629
1280000   -0.0512528  -0.051253
1281000   -0.0520575  -0.0520581
1282000   -0.052865  -0.052866
1283000   -0.0537284  -0.0537295
1284000   -0.0546256  -0.0546267
1285000   -0.0555442  -0.0555449
1286000   -0.0564849  -0.0564856
1287000   -0.0574689  -0.0574703
1288000   -0.0584808  -0.0584816
1289000   -0.0595396  -0.0595412
1290000   -0.0606322  -0.060633
1291000   -0.0617495  -0.0617506
1292000   -0.0629116  -0.0629128
1293000   -0.0640936  -0.0640948
1294000   -0.0653357  -0.0653367
1295000   -0.0666325  -0.0666339
1296000   -0.0680028  -0.0680035
1297000   -0.0694127  -0.0694134
1298000   -0.070854  -0.0708558
1299000   -0.0724125  -0.0724129
1300000   -0.0740089  -0.0740101
1301000   -0.0756454  -0.0756479
1302000   -0.0773604  -0.0773635
1303000   -0.0791938  -0.0791966
1304000   -0.0811584  -0.0811619
1305000   -0.0831953  -0.0831963
1306000   -0.0853346  -0.0853373
1307000   -0.0875331  -0.0875365
1308000   -0.0899334  -0.0899358
1309000   -0.0924468  -0.0924487
1310000   -0.0950435  -0.0950462
1311000   -0.0978146  -0.0978175
1312000   -0.100836  -0.100841
1313000   -0.103989  -0.103991
1314000   -0.107372  -0.107376
1315000   -0.110976  -0.110981
1316000   -0.114836  -0.11484
1317000   -0.118902  -0.118906
1318000   -0.123309  -0.123312
1319000   -0.128102  -0.128107
1320000   -0.133227  -0.133235
1321000   -0.13873  -0.138735
1322000   -0.144964  -0.144972
1323000   -0.151571  -0.151579
1324000   -0.158979  -0.158982
1325000   -0.166921  -0.16693
1326000   -0.175642  -0.175656
1327000   -0.185089  -0.185097
1328000   -0.196176  -0.196187
1329000   -0.20845  -0.208464
1330000   -0.222473  -0.222484
1331000   -0.238596  -0.238619
1332000   -0.256912  -0.256932
1333000   -0.278326  -0.278343
1334000   -0.303422  -0.303443
1335000   -0.334578  -0.334596
1336000   -0.372198  -0.372254
1337000   -0.419125  -0.41919
1338000   -0.480027  -0.480085
1339000   -0.561779  -0.561821
1340000   -0.678241  -0.678394
1341000   -0.798661  -0.798763
1342000   -0.94877  -0.948821
1343000   -0.99996  -0.999965
1344000   -0.999941  -0.999909
1345000   -0.999995  -0.999995
1346000   -0.99997  -0.999895
1347000   -0.999865  -0.99994
1348000   -0.999982  -0.999907
1349000   -0.999953  -0.999972
1350000   -0.999997  -0.999922
1351000   -0.99985  -0.999775
1352000   -0.99985  -0.999925
1353000   -0.99985  -0.999775
1354000   -0.999775  -0.9997
1355000   -1  -0.999925
1356000   -0.999925  -0.999925
1357000   -0.999925  -0.999775
1358000   -0.999925  -0.9997
1359000   -0.99985  -1
1360000   -0.999925  -1
1361000   -0.99985  -0.99985
1362000   -0.999775  -0.99985
1363000   -0.999775  -0.999925
1364000   -0.999925  -0.9997
1365000   -0.999926  -0.999999
1366000   -0.999776  -0.999851
1367000   -0.999926  -0.999926
1368000   -0.999776  -0.999926
1369000   -0.999851  -0.999851
1370000   -0.999701  -0.999851
1371000   -0.999851  -0.999926
1372000   -0.999926  -0.999777
1373000   -0.999927  -0.999852
1374000   -0.999927  -0.999852
1375000   -0.999852  -0.999777
1376000   -0.999853  -0.999928
1377000   -0.999853  -0.999778
1378000   -0.999779  -0.999854
1379000   -0.999779  -0.999996
1380000   -0.999855  -0.99993
1381000   -0.999856  -0.999856
1382000   -0.999857  -0.999782
1383000   -0.999783  -0.999933
1384000   -0.999709  -0.999934
1385000   -0.999936  -0.999861
1386000   -0.999937  -0.999787
1387000   -0.999939  -0.999864
1388000   -0.999867  -0.999867
1389000   -0.999794  -0.999794
1390000   -0.999872  -0.999797
1391000   -0.999801  -0.999951
1392000   -0.99988  -0.99997
1393000   -0.99981  -0.999885
1394000   -0.999891  -0.999966
1395000   -0.999973  -0.999823
1396000   -0.999905  -0.999905
1397000   -0.999914  -0.999914
1398000   -0.999925  -0.99985
1399000   -0.999987  -0.999912
1400000   -0.999952  -0.999952
1401000   -0.999893  -0.999968
1402000   -0.999912  -0.999912
1403000   -0.999915  -0.99999
1404000   -0.999889  -0.999814
1405000   -0.999934  -0.999859
1406000   -0.999978  -0.999872
1407000   -0.999901  -0.999976
1408000   -0.999847  -0.999997
1409000   -1  -0.99985
1410000   -0.999925  -0.99985
1411000   -0.99985  -0.99985
1412000   -0.99985  -0.99985
1413000   -0.999775  -0.999775
1414000   -0.99985  -0.999925
1415000   -0.999775  -0.99985
1416000   -0.999775  -0.999925
1417000   -0.999925  -0.999925
1418000   -0.99985  -0.999775
1419000   -0.999701  -0.999776
1420000   -0.999851  -0.999851
1421000   -0.999999  -0.999776
1422000   -0.999851  -0.999999
1423000   -0.999776  -0.999926
1424000   -0.999926  -0.999926
1425000   -0.999776  -0.999999
1426000   -0.999927  -0.999998
1427000   -0.999998  -0.999777
1428000   -0.999927  -0.999927
1429000   -0.999927  -0.999998
1430000   -0.999853  -0.999778
1431000   -0.999778  -0.999853
1432000   -0.999854  -0.999854
1433000   -0.999779  -0.999996
1434000   -0.999855  -0.999855
1435000   -0.999856  -0.999856
1436000   -0.999782  -0.999782
1437000   -0.999933  -0.999858
1438000   -0.999859  -0.999784
1439000   -0.99999  -0.99986
1440000   -0.999937  -0.999937
1441000   -0.999939  -0.999789
1442000   -0.999941  -0.999984
1443000   -0.999869  -0.999869
1444000   -0.999947  -0.999872
1445000   -0.999951  -0.999876
1446000   -0.999955  -0.99988
1447000   -0.99981  -0.99981
1448000   -0.99989  -0.99989
1449000   -0.999953  -0.999897
1450000   -0.999904  -0.999754
1451000   -0.999838  -0.999838
1452000   -0.999927  -0.999923
1453000   -0.999935  -0.999935
1454000   -0.999949  -0.999976
1455000   -0.999965  -0.99996
1456000   -0.999983  -0.999942
1457000   -0.999995  -0.999995
1458000   -0.999971  -0.999971
1459000   -0.999983  -0.999867
1460000   -0.999908  -0.999908
1461000   -0.999969  -0.999881
1462000   -0.999917  -0.999992
1463000   -1  -0.9997
1464000   -0.99985  -0.999775
1465000   -0.99985  -0.999925
1466000   -0.999925  -0.999775
1467000   -0.99985  -0.999775
1468000   -1  -0.999775
1469000   -0.99985  -0.99985
1470000   -0.999775  -1
1471000   -0.99985  -0.999925
1472000   -1  -0.999925
1473000   -0.9997  -1
1474000   -0.99985  -0.9997
1475000   -0.999925  -0.99985
1476000   -0.999925  -0.999925
1477000   -0.999851  -0.999701
1478000   -0.999851  -0.999851
1479000   -0.999851  -0.999926
1480000   -0.999851  -0.999926
1481000   -0.999851  -0.999926
1482000   -0.999851  -0.999776
1483000   -0.999776  -0.999776
1484000   -0.999777  -0.999777
1485000   -0.999852  -0.999927
1486000   -0.999852  -0.999777
1487000   -0.999702  -0.999777
1488000   -0.999853  -0.999928
1489000   -0.999997  -0.999853
1490000   -0.999779  -0.999854
1491000   -0.999996  -0.999929
1492000   -0.99993  -0.99993
1493000   -0.999931  -0.999856
1494000   -0.999932  -0.999782
1495000   -0.999858  -0.999933
1496000   -0.999859  -0.999859
1497000   -0.999861  -0.999786
1498000   -0.999938  -0.999938
1499000   -0.999865  -0.99979
1500000   -0.999792  -0.999792
1501000   -0.999945  -0.99987
1502000   -0.999948  -0.999723
1503000   -0.999974  -0.999951
1504000   -0.999881  -0.999969
1505000   -0.999736  -0.999961
1506000   -0.999891  -0.999891
1507000   -0.999748  -0.999898
1508000   -0.999981  -0.999906
1509000   -0.99984  -0.999935
1510000   -0.999925  -1
1511000   -0.999938  -0.999938
1512000   -0.999898  -0.999952
1513000   -0.999968  -0.999893
1514000   -0.999938  -0.999987
1515000   -0.999934  -0.999991
1516000   -0.999964  -0.999889
1517000   -0.999934  -0.999784
1518000   -0.999832  -0.999943
1519000   -0.99988  -0.99988
1520000   -0.999932  -0.999993
1521000   -0.999925  -0.999925
1522000   -0.999925  -0.999925
1523000   -0.99985  -0.999775
1524000   -0.99985  -0.99985
1525000   -0.99985  -0.9997
1526000   -1  -0.9997
1527000   -0.999775  -0.99985
1528000   -0.99985  -0.9997
1529000   -0.999775  -0.999925
1530000   -0.99985  -0.999775
1531000   -1  -0.99985
1532000   -0.999775  -0.99985
1533000   -0.999926  -0.999926
1534000   -0.999701  -0.999926
1535000   -0.999776  -0.999776
1536000   -0.999926  -0.999851
1537000   -0.999851  -0.999776
1538000   -0.999851  -0.999776
1539000   -0.999851  -0.999701
1540000   -0.999927  -0.999852
1541000   -0.999852  -0.999852
1542000   -0.999927  -0.999998
1543000   -0.999777  -0.999852
1544000   -0.999703  -0.999928
1545000   -0.999997  -0.999928
1546000   -0.999854  -0.999704
1547000   -0.99993  -0.99993
1548000   -0.999855  -0.999855
1549000   -0.999706  -0.999931
1550000   -0.999932  -0.999782
1551000   -0.999858  -0.999992
1552000   -0.99971  -0.999935
1553000   -0.999786  -0.999861
1554000   -0.999863  -0.999788
1555000   -0.999865  -0.99979
1556000   -0.999717  -0.999867
1557000   -0.999945  -0.99972
1558000   -0.999949  -0.999976
1559000   -0.999877  -0.999877
1560000   -0.999882  -0.999807
1561000   -0.999962  -0.999962
1562000   -0.999893  -0.999893
1563000   -0.999825  -0.9999
1564000   -0.999983  -0.999833
1565000   -0.999917  -0.999917
1566000   -0.999998  -0.999927
1567000   -0.999985  -0.99991
1568000   -0.999971  -0.999954
1569000   -0.999895  -0.99997
1570000   -0.999989  -0.999936
1571000   -0.999937  -0.999988
1572000   -0.999963  -0.999963
1573000   -0.999782  -0.999918
1574000   -0.99998  -0.99987
1575000   -0.999877  -0.999877
1576000   -0.999924  -0.999999
1577000   -0.99985  -0.999925
1578000   -0.99985  -0.99985
1579000   -0.99985  -0.999925
1580000   -0.99985  -0.999925
1581000   -0.999925  -0.999775
1582000   -0.999775  -0.999925
1583000   -0.99985  -0.99985
1584000   -1  -0.99985
1585000   -0.999925  -0.999775
1586000   -0.999775  -1
1587000   -0.999925  -0.99985
1588000   -0.999851  -0.999776
1589000   -0.999851  -0.999926
1590000   -0.999851  -0.999851
1591000   -0.999851  -0.999776
1592000   -0.999999  -0.999999
1593000   -0.999851  -0.999776
1594000   -0.999851  -0.999926
1595000   -0.999776  -0.999926
1596000   -0.999777  -0.999852
1597000   -0.999777  -0.999927
1598000   -0.999702  -0.999927
1599000   -0.999928  -0.999853
1600000   -0.999778  -0.999778
1601000   -0.999854  -0.999854
1602000   -0.999929  -0.999854
1603000   -0.99978  -0.99993
1604000   -0.999856  -0.999856
1605000   -0.999706  -0.999781
1606000   -0.999783  -0.999708
1607000   -0.999784  -0.999709
1608000   -0.999935  -0.99986
1609000   -0.999787  -0.999787
1610000   -0.999864  -0.999864
1611000   -0.999866  -0.999791
1612000   -0.999793  -0.999943
1613000   -0.999871  -0.999979
1614000   -0.999975  -0.999875
1615000   -0.999804  -0.999954
1616000   -0.999809  -0.999884
1617000   -0.999814  -0.999889
1618000   -0.999955  -0.999895
1619000   -0.999978  -0.999828
1620000   -0.999986  -0.999836
1621000   -0.999846  -0.999921
1622000   -0.999992  -0.999858
1623000   -0.999946  -0.999946
1624000   -0.999962  -0.999887
1625000   -0.99998  -0.99998
1626000   -0.999924  -0.999998
1627000   -0.999951  -0.999824
1628000   -0.999979  -0.999796
1629000   -0.999916  -0.999916
1630000   -0.999814  -0.999961
1631000   -0.999988  -0.999988
1632000   -0.999775  -0.99985
1633000   -1  -0.999925
1634000   -0.99985  -0.999925
1635000   -0.99985  -0.99985
1636000   -0.99985  -0.999925
1637000   -0.999925  -0.999925
1638000   -0.99985  -0.999925
1639000   -0.99985  -0.99985
1640000   -0.999925  -0.999775
1641000   -0.999775  -0.99985
1642000   -0.999925  -0.999775
1643000   -0.99985  -0.99985
1644000   -0.999925  -0.99985
1645000   -0.999851  -0.999851
1646000   -0.999851  -0.999926
1647000   -0.999851  -0.999851
1648000   -0.999999  -0.999776
1649000   -0.999776  -0.999926
1650000   -0.999776  -0.999926
1651000   -0.999851  -0.999851
1652000   -0.999777  -0.999926
1653000   -0.999998  -0.999852
1654000   -0.999852  -0.999927
1655000   -0.999852  -0.999852
1656000   -0.999928  -0.999928
1657000   -0.999853  -0.999853
1658000   -0.999929  -0.999854
1659000   -0.999779  -0.999929
1660000   -0.99978  -0.99993
1661000   -0.999931  -0.999931
1662000   -0.999857  -0.999857
1663000   -0.999708  -0.999783
1664000   -0.999859  -0.999991
1665000   -0.99986  -0.999785
1666000   -0.999937  -0.999712
1667000   -0.999714  -0.999789
1668000   -0.999791  -0.999941
1669000   -0.999981  -0.999944
1670000   -0.999947  -0.999872
1671000   -0.999951  -0.999876
1672000   -0.99988  -0.99973
1673000   -0.99996  -0.99996
1674000   -0.99989  -0.999965
1675000   -0.999972  -0.999897
1676000   -0.999829  -0.999904
1677000   -0.999937  -0.999913
1678000   -0.999923  -0.999923
1679000   -0.999935  -0.99986
1680000   -0.999874  -0.999901
1681000   -0.999965  -0.999815
1682000   -0.999867  -0.999833
1683000   -0.999995  -0.999995
1684000   -0.999879  -0.999896
1685000   -0.999942  -0.999942
1686000   -0.999986  -0.999864
1687000   -0.999885  -0.99996
1688000   -0.999857  -0.999993
1689000   -0.999925  -0.999925
1690000   -0.999775  -0.99985
1691000   -0.99985  -0.99985
1692000   -0.99985  -0.99985
1693000   -0.9997  -0.99985
1694000   -0.99985  -0.99985
1695000   -0.99985  -0.99985
1696000   -0.999775  -0.999925
1697000   -0.999925  -0.99985
1698000   -0.999925  -1
1699000   -0.99985  -0.999925
1700000   -0.99985  -0.99985
result =-0.99985 -0.000149593 -4.11557e-321 1.36856e-321
