3.40282e+38
2.5579e+08
6.53471e+07
1.58753e+07
7.38719e+06
5.71315e+06
4.76225e+06
4.42942e+06
4.02816e+06
3.83825e+06
3.63722e+06
3.35293e+06
3.38071e+06
2.48173e+06
1.45305e+06
1.07051e+06
882363
780698
707675
645223
586014
532078
486282
440521
417834
387686
370275
345245
322366
306404
288452
268478
249341
236900
217866
211636
199424
190845
179768
170440
155222
145586
137550
130803
123950
117025
110159
105582
97638.4
93438.2
88418.2
85202.8
78697.4
75727.1
70659.3
65431.7
62984.8
59427.7
55795.8
53197.7
51879.1
48252
46279.7
42992.1
41316
39356.8
37823.6
35474.8
33985.2
32225.6
30887.9
28795.2
26981.5
25767.9
25132.2
23767.4
22660.3
21639.8
20613.3
19922.3
18834.6
17968.1
17188.1
16405.6
15744.4
14929.6
14489.9
13851.3
13270.7
12495.5
12135.6
11563.2
11064.5
10831.8
10382.9
9781.98
9380.61
8982.14
8826.9
8343.46
8017.51
7655.68
7413.43
7030.13
6774.91
6463.33
6369.62
6073.24
5966.24
5781.47
5522.4
5288.56
5229.35
4994.63
4808.43
4640.12
4487.06
4348.44
4237.47
4180.1
3983.23
3915.22
3769.84
3670.44
3533.22
3487.63
3378.58
3272.99
3228.61
3055.73
3045.4
2527.52
2403.99
2309.66
2230.56
2174.67
2099.58
2063.99
1987.89
1962.46
1924.85
1882.74
1855.48
1823.44
1787.92
1760.59
1708.05
1687.04
1659.46
1627.86
1598.86
1581.31
1553.3
1519.5
1508.04
1272.44
1234.17
1212.15
1183.21
1176.74
1033.05
988.127
976.731
961.653
954.618
836.755
816.697
810.133
714.031
700.885
703.32
631.749
608.88
608.142
551.296
533.924
532.771
485.188
479.527
475.657
439.444
436.265
405.598
398.784
390.562
392.944
361.598
361.766
338.624
334.816
335.577
311.782
310.019
290.149
288.038
277.164
268.551
267.839
254.89
254.438
241.437
234.657
234.938
223.455
224.14
212.979
212.256
202.393
200.027
200.99
193.31
191.677
182.281
182.477
175.093
175.753
168.257
167.415
160.124
160.399
154.947
154.59
147.576
147.852
142.26
141.679
137.342
137.541
134.603
132.524
132.162
129.277
128.363
123.744
124.243
119.585
119.134
115.473
115.379
113.291
111.954
111.915
108.454
108.332
105.238
105.673
103.329
101.747
101.067
100.307
97.2371
96.5505
94.5624
94.0036
90.8198
91.1242
89.4407
90.2809
87.2431
87.5324
85.5498
84.8092
83.2987
82.8188
81.6941
81.6484
79.0073
79.3543
78.1945
76.8693
77.0014
75.1717
75.9412
75.4636
74.702
73.9701
72.2458
72.3174
70.9692
70.5631
69.4192
69.1623
67.52
68.0203
66.7519
67.0801
65.2558
65.0995
63.57
63.8818
62.7379
62.566
61.384
61.5223
60.0895
60.3033
59.3713
59.2656
58.747
57.0469
57.2418
55.9296
55.9317
55.0702
55.3006
54.0138
53.9993
53.3666
52.8948
52.1722
52.2334
51.3501
51.217
50.7487
49.5643
49.7545
48.8773
48.8868
48.1969
47.9119
47.2914
47.3169
46.5966
46.3617
45.9464
45.2764
44.8948
44.4921
44.1083
43.1731
43.3878
42.4982
42.6739
41.9274
42.2231
41.4901
41.4287
40.698
41.0265
40.2644
40.1355
39.699
39.766
39.1095
39.1302
38.5028
38.3404
37.9797
37.5194
37.4489
37.305
36.4766
36.3866
36.0628
35.6715
35.4504
35.1897
34.6653
34.491
34.1755
