0.28936
0.1205
0.25285
0.094598
0.25711
0.19415
0.29623
0.24128
0.033005
0.31813
0.20054
0.25725
0.21296
0.22068
0.28938
0.29562
0.25696
0.35843
0.17243
0.25964
0.29678
0.29789
0.19639
0.29392
0.21987
0.27813
0.21376
0.20348
0.12371
0.25115
0.28052
0.20726
0.27211
0.18874
0.26159
0.18793
0.20739
0.27398
0.21647
0.40291
0.22667
0.12444
0.21806
0.27077
0.29341
0.33509
0.2967
0.29897
0.36198
0.33384
0.26695
0.12654
0.22203
0.29824
0.20427
0.20118
0.29567
0.27463
0.26984
0.21554
0.21818
0.29101
0.2636
0.23565
0.29792
0.29715
0.20839
0.18268
0.28894
0.28783
0.20874
0.30379
0.26469
0.25833
0.40042
0.015846
0.2808
0.22457
0.29572
0.23381
0.053362
0.036617
0.21918
0.11737
0.35656
0.18981
0.21557
0.29591
0.30004
0.1139
0.34815
0.072401
0.19378
0.30316
0.29655
0.28628
0.084962
0.34084
0.22086
0.28288
0.22932
0.19416
0.24528
0.26692
0.21777
0.295
0.29081
0.19438
0.29476
0.14473
0.25811
0.21317
0.33642
0.28268
0.32947
0.28097
0.35871
0.2546
0.24733
0.15649
0.23373
0.22375
0.27268
0.060816
0.065608
0.22669
0.28833
0.23926
0.28175
0.22955
0.21458
0.23933
0.1441
0.052798
0.27339
0.065829
0.21047
0.2922
0.41136
0.045071
0.18362
0.22074
0.21022
0.28809
0.26923
0.23105
0.19892
0.13732
0.23086
0.18976
0.29403
0.28709
0.27338
0.16568
0.26758
0.25173
0.28564
0.26738
0.23897
0.28972
0.25729
0.28773
0.19713
0.26708
0.29591
0.31481
0.27858
0.011984
0.29617
0.29576
0.31867
0.33478
0.24597
0.20107
0.19895
0.19201
0.25211
0.27686
0.27982
0.2098
0.29817
0.17976
0.21336
0.21229
0.27023
0.18534
0.2626
0.15893
0.28212
0.2766
0.25522
0.25935
0.26706
0.28606
0.16557
0.29355
0.30638
0.29617
0.27442
0.022528
0.18971
0.28719
0.27195
0.20237
0.16528
0.30985
0.29623
0.085373
0.20682
0.14312
0.28257
0.25327
0.18384
0.006174
0.24242
0.10436
0.26575
0.25269
0.292
0.28401
0.28539
0.047959
0.27859
0.16429
0.067902
0.20957
0.29073
0.2858
0.29211
0.12807
0.2047
0.28951
0.35622
0.28002
0.18343
0.27471
0.37449
0.19795
0.19775
0.010424
0.29462
0.27613
0.28529
0.25039
0.26078
0.28061
0.19382
0.21592
0.26983
0.27944
0.33481
0.29485
0.29803
0.072386
0.20157
0.39345
0.27795
0.2804
0.25288
0.33865
0.22619
0.26015
0.14201
0.19931
0.22657
0.22905
0.28969
0.27823
0.25698
0.28284
0.29429
0.28664
0.28276
0.40795
0.24634
0.22281
0.21115
0.28703
0.024183
0.28361
0.28156
0.23752
0.2227
0.093622
0.23282
0.19299
0.1898
0.19034
0.22479
0.26825
0.18987
0.29278
0.26839
0.19051
0.08646
0.25514
0.20282
0.29504
0.29174
0.29659
0.29472
0.25238
0.26531
0.27761
0.21457
0.3278
0.29418
0.2936
0.27733
0.23118
0.20438
0.33448
0.28229
0.28227
0.40941
0.25978
0.277
0.20833
0.29661
0.28451
0.19509
0.25387
0.027735
0.20775
0.19191
0.19063
0.28837
0.1958
0.3015
0.29456
0.185
0.28699
0.28447
0.21349
0.26406
0.21887
0.069819
0.28073
0.19691
0.23082
0.29843
0.28672
0.24183
0.25765
0.29214
0.29666
0.18001
0.19217
0.29352
0.24739
0.28907
0.27155
0.28861
0.26165
0.21789
0.20585
0.01192
0.21692
0.038543
0.091928
0.32617
0.19047
0.23973
0.29305
0.23523
0.018246
0.29507
0.048993
0.28547
0.055309
0.23872
0.23888
0.25977
0.29413
0.32074
0.20348
0.16064
0.29827
0.27441
0.19959
0.29459
0.25851
0.23687
0.26532
0.22626
0.26889
0.19092
0.29751
0.19244
0.28733
0.11945
0.23709
0.28891
0.11475
0.38266
0.21634
0.20541
0.2523
0.29721
0.20239
0.20344
0.33673
0.28193
0.18951
0.28263
0.24077
0.10549
0.29543
0.25276
0.29976
0.29582
0.085898
0.19369
0.23806
0.27828
0.14434
0.11193
0.20994
0.20246
0.29171
0.213
0.25879
0.25793
0.090703
0.23494
0.22316
0.28794
0.29882
0.20418
0.27202
0.36943
0.28135
0.29453
0.11723
0.29834
0.26781
0.28363
0.29566
0.19419
0.10622
0.21683
0.10023
0.29519
0.27285
0.19483
0.20939
0.28992
0.20971
0.29056
0.18991
0.20913
0.29763
0.27369
0.21264
0.26463
0.21243
0.25837
0.19144
0.29005
0.29762
0.26982
0.23024
0.27963
0.19139
0.29735
0.28027
0.27123
0.28411
0.20047
0.29222
0.25106
0.29639
0.28848
0.15177
0.27665
0.22381
0.2144
0.11313
0.24014
0.28889
0.26621
0.22004
0.19974
0.1899
0.15533
0.25227
0.29901
0.281
0.29738
0.22224
0.21666
0.23914
0.021479
0.29454
0.055198
0.2138
0.25964
0.27647
0.25703
0.29433
0.19375
0.35801
0.26987
0.2169
0.27986
0.092969
0.28308
0.17555
0.27841
0.26615
0.29175
0.20977
0.23438
0.20777
0.20695
0.25741
0.3517
0.26671
0.11268
0.289
0.29463
0.26214
0.14824
0.2971
0.11633
0.29467
0.29337
0.29551
0.21034
0.0055731
0.16947
0.29088
0.090868
0.28508
0.21979
0.24509
0.2814
0.27286
0.17125
0.2309
0.26319
0.2704
0.27376
0.28923
0.29354
0.18042
0.26857
0.29355
0.19282
0.30152
0.4098
0.24764
0.26497
0.28185
0.33353
0.1965
0.26971
0.20155
0.19629
0.28916
0.29084
0.25007
0.29114
0.24129
0.037916
0.19615
0.096335
0.29205
0.29312
0.2878
0.26942
0.26762
0.25644
0.29771
0.24058
0.29612
0.25127
0.29612
0.26503
0.18756
0.20402
0.020209
0.24864
0.27473
0.16914
0.18614
0.29281
0.29264
0.20985
0.2308
0.2762
0.24356
0.27532
0.29527
0.09239
0.26253
0.2883
0.29787
0.28782
0.23653
0.22597
0.27173
0.29204
0.29415
0.19577
0.040963
0.28521
0.29782
0.21705
0.29288
0.23262
0.2877
0.20929
0.25784
0.013055
0.29707
0.27198
0.22686
0.21231
0.2924
0.26893
0.26897
0.329
0.19463
0.28267
0.19933
0.13965
0.25478
0.29814
0.29224
0.12614
0.28558
0.29383
0.27731
0.19603
0.19925
0.29284
0.34924
0.22417
0.27065
0.19576
0.30177
0.055878
0.24185
0.19509
0.060539
0.28562
0.10662
0.27082
0.20409
0.29596
0.25029
0.12641
0.23823
0.20034
0.23825
0.19295
0.29781
0.29385
0.1238
0.19573
0.28815
0.26028
0.25558
0.2978
0.20067
0.10748
0.24586
0.15412
0.24633
0.24044
0.23358
0.23481
0.31973
0.22002
0.077446
0.28918
0.26412
0.21875
0.17488
0.29633
0.27915
0.28988
0.24406
0.18994
0.20019
0.20373
0.19246
0.26697
0.23238
0.31
0.13299
0.28826
0.29546
0.25655
0.3048
0.1126
0.29227
0.302
0.38141
0.2976
0.29948
0.27951
0.19067
0.25198
0.27123
0.21337
0.24942
0.29021
0.20513
0.23207
0.25679
0.086049
0.11645
0.20631
0.22316
0.27635
0.29498
0.21686
0.29538
0.29789
0.29459
0.26644
0.26087
0.21463
0.2074
0.16744
0.23966
0.19053
0.19512
0.18643
0.23138
0.29785
0.27117
0.29742
0.27842
0.18999
0.27992
0.19013
0.29663
0.28174
0.19816
0.27501
0.20386
0.27078
0.30761
0.28197
0.2585
0.29772
0.27574
0.23548
0.20298
0.12058
0.33565
0.27808
0.2617
0.29468
0.28171
0.2145
0.27673
0.24686
0.20708
0.24482
0.13999
0.29546
0.29187
0.27028
0.27324
0.23748
0.19038
0.26618
0.22786
0.045534
0.25103
0.23052
0.25304
0.0092901
0.29063
0.18726
0.10629
0.22999
0.19137
0.28146
0.2874
0.055707
0.38358
0.22948
0.19298
0.29316
0.20525
0.32792
0.12407
0.29525
0.12615
0.1411
0.23322
0.29685
0.18601
0.25628
0.29365
0.091627
0.24123
0.12663
0.2637
0.29178
0.19092
0.27477
0.28707
0.077615
0.0015454
0.22819
0.28128
0.23626
0.2962
0.29532
0.22847
0.19944
0.26623
0.14497
0.29098
0.32061
0.28194
0.25986
0.29559
0.30521
0.26757
0.29438
0.28189
0.2568
0.28728
0.29173
0.17194
0.14678
0.27198
0.29446
0.19093
0.057064
0.21973
0.12913
0.26058
0.2145
0.27914
0.12888
0.16404
0.23879
0.031153
0.26968
0.21754
0.27714
0.22912
0.29424
0.27365
0.098447
0.20266
0.2963
0.24736
0.28827
0.20865
0.29788
0.29056
0.29632
0.34125
0.16592
0.35541
0.29646
0.2843
0.29065
0.22271
0.29165
0.35795
0.19751
0.083637
0.034237
0.24198
0.29499
0.29157
0.19333
0.25496
0.23908
0.29446
0.27018
0.19812
0.27539
0.27244
0.19534
0.17864
0.22954
0.1997
0.27728
0.03759
0.26106
0.27066
0.26122
0.29448
0.19615
0.28884
0.23413
0.29727
0.21186
0.28826
0.26027
0.19004
0.23276
0.2594
0.18924
0.23856
0.095873
0.23096
0.27764
0.19204
0.22257
0.2864
0.27533
0.23649
0.28158
0.25889
0.27178
0.27296
0.30294
0.20969
0.19071
0.37842
0.26652
0.12524
0.29665
0.26229
0.20128
0.3009
0.29749
0.11312
0.26218
0.28987
0.25546
0.29705
0.29567
0.20833
0.18165
0.25678
0.2308
0.15466
0.2851
0.27046
0.25862
0.1158
0.19788
0.029273
0.05463
0.27908
0.19755
0.21823
0.25147
0.26674
0.15127
0.29306
0.26253
0.27389
0.27651
0.23351
0.26401
0.25647
0.20088
0.29566
0.20273
0.19857
0.21161
0.21325
0.31864
0.30096
0.28003
0.055412
0.26971
0.29611
0.29743
0.20034
0.20027
0.30961
0.28459
0.40857
0.19619
0.27531
0.25824
0.17192
0.1977
0.13544
0.29732
0.29729
0.28795
0.27887
0.13219
0.22976
0.28697
0.027882
0.2968
0.21231
0.0479
0.29751
0.25827
0.31936
0.29013
0.14022
