1.6077
0.70037
0.346
0.2381
0.19966
0.19039
1.3055
1.041
0.93835
0.034505
1.4888
0.11952
0.49508
0.20223
1.1516
0.23118
1.0072
0.27701
0.87547
0.051988
0.13368
0.23982
0.75167
0.099978
0.14352
0.53708
1.6197
0.12902
0.19496
1.618
0.35475
1.5943
0.87998
0.040323
1.0143
0.2452
0.10387
1.5591
1.1193
0.14663
0.17748
0.23237
0.22297
0.19561
0.52032
1.4967
0.86757
0.19384
0.16465
1.4477
0.10977
0.24236
0.054563
1.4451
0.21307
0.36173
1.3634
0.85591
0.06467
0.20283
0.41186
0.00051848
0.16581
1.6201
0.73733
0.24125
1.5957
0.23775
0.18024
0.54143
1.4624
0.23526
0.20463
0.9506
0.59286
0.20484
0.18503
1.2361
0.0439
0.082028
1.5632
1.536
0.75444
0.25872
0.16416
0.1735
0.21351
1.2655
0.2422
0.18646
0.86758
0.27885
0.40321
1.5856
0.20385
0.077101
0.29022
0.20653
1.3642
0.19447
0.72281
0.12189
0.40033
0.3919
0.25677
0.91082
0.45313
1.4386
0.035668
1.6064
0.16651
0.10867
0.21096
0.20128
0.12407
1.2281
0.84245
0.11998
1.4843
1.4233
0.23794
0.79371
1.2288
0.059987
0.13631
1.4956
0.10142
0.10154
0.23176
0.12016
1.5883
0.23793
0.94293
0.14145
0.31325
0.22842
0.17032
0.11747
0.20581
0.085416
0.29752
0.1875
0.23054
1.6199
0.15767
1.175
0.11437
0.83337
1.6156
1.5658
0.054215
1.4805
1.4187
0.23655
0.31855
0.30728
0.20425
1.3421
0.36382
1.4237
1.4093
0.19528
1.6161
1.4833
1.1117
0.25811
0.44134
0.21175
0.11018
0.24987
0.2865
1.3095
0.24016
0.19007
0.17864
0.13008
0.27453
0.15516
0.23478
1.3601
0.095693
0.4937
0.18632
0.53576
1.0228
0.87423
1.6199
1.3444
0.241
0.2357
0.21781
0.21202
0.095132
1.449
0.68707
0.10931
0.093794
0.11411
0.19499
1.0303
0.23359
0.70094
0.16729
1.2936
0.14743
1.6138
0.21965
1.4621
0.23999
0.92111
0.12627
0.11542
1.1829
0.12891
1.0815
1.6091
1.5061
0.23405
0.0075232
0.61363
0.26175
0.080957
0.78123
0.11977
0.35303
1.4263
0.17757
0.10723
0.041326
0.3726
0.20446
1.6125
0.014808
0.070831
0.09696
0.77678
0.84784
1.2442
0.75987
1.3926
0.24109
0.96049
1.553
0.85493
0.22959
0.87573
1.6183
1.606
0.20822
0.19107
0.23078
0.1385
0.22915
0.25037
0.24769
1.3874
0.1671
1.5703
0.58021
1.2617
0.22287
0.14426
1.5806
0.77571
0.15905
0.15265
0.89189
1.5972
1.6196
0.16917
1.6194
0.25483
0.19073
0.1359
0.050636
0.047869
1.3445
0.24075
1.4998
0.23305
0.99009
0.68718
1.5378
0.76752
0.23905
1.49
0.079004
0.10435
0.21819
1.594
0.30155
0.22793
0.23038
0.15674
0.13075
0.7675
0.22784
1.5155
0.24307
1.4868
0.54742
1.3615
1.6048
0.97724
0.059688
1.6085
0.15826
0.14866
0.97772
0.22949
0.22898
0.020248
0.26038
1.6196
0.22813
0.19719
1.2792
1.4011
1.6117
0.17637
0.1886
0.17041
0.016405
0.13956
0.85411
0.21822
0.22522
0.077152
0.22572
0.049545
0.25578
0.20158
1.5369
0.11069
0.39821
1.6166
1.0472
0.23513
0.38335
0.71531
0.19396
1.3593
0.21795
0.092234
0.24001
0.35463
0.13073
1.5829
1.4658
1.4344
0.078755
0.65487
0.26141
0.142
0.21774
0.079272
0.059335
0.30241
1.5443
0.17465
1.3629
1.6138
1.5601
0.12199
1.3348
1.0387
1.0654
0.83828
0.18332
1.2978
0.24134
0.02659
1.2344
0.64441
0.24784
0.31645
1.6186
1.3328
0.058033
1.4168
0.1718
1.3114
1.4989
0.091587
1.1554
0.27355
0.24209
0.14107
0.24822
1.3257
0.64393
0.0061673
0.10006
1.0012
0.20993
0.51168
0.24772
0.25709
0.24666
1.2168
0.20678
0.64693
0.38935
0.090051
0.20143
0.17678
0.68051
1.0947
1.6018
0.2508
0.18615
1.6066
0.0066993
0.23409
0.13465
0.23592
0.22926
0.17854
0.24736
1.1952
0.07827
1.6109
0.14365
0.027664
0.10301
1.1429
0.12077
0.63625
0.148
1.3728
0.2055
0.18527
0.33759
1.408
0.60557
0.58682
0.41618
1.5679
0.22815
1.5164
0.13372
0.16394
0.22337
0.37056
0.2796
0.21309
0.34132
0.19719
0.1371
1.247
1.6185
0.14469
0.070963
0.14651
1.5473
1.3441
1.6006
0.6949
1.0915
1.5977
0.1466
0.27095
1.6034
0.13208
0.23188
0.71836
1.0611
0.13477
0.22919
1.4962
0.21277
1.5162
1.5718
0.66847
0.69369
0.95114
0.96285
0.15406
1.6197
0.24366
0.19988
0.1295
0.21541
1.5491
0.23945
0.095892
0.091546
0.299
0.68745
0.10157
1.4025
0.013033
0.086316
0.12554
0.10037
0.21864
1.5317
0.2373
0.88795
0.074675
1.5473
0.034982
1.5507
0.21476
1.6015
0.20645
0.23184
1.5086
0.21588
0.10941
0.20017
0.076093
0.16115
0.28388
0.45147
0.0039835
0.080675
1.3498
0.18459
0.86424
1.5997
0.14424
1.2958
0.31132
1.5791
0.11063
0.12926
0.23786
1.4604
0.038409
0.16409
0.64422
1.1352
1.6047
0.23228
1.3368
0.38385
0.96165
0.13805
0.23016
0.022443
0.16806
0.19513
1.6184
0.27079
0.24942
1.5512
0.20685
0.080782
0.56602
0.26051
0.0031938
0.14557
0.018734
0.20327
0.15894
0.19716
0.24504
0.22086
0.40723
0.018489
1.0842
0.20892
1.2038
0.14096
0.16329
1.2534
0.13569
0.079632
1.6181
0.14767
0.20148
1.2821
0.14604
1.1019
0.067892
0.23709
0.24729
0.17339
0.29027
0.14923
0.19633
1.1287
0.39794
1.5938
1.4707
1.1557
0.42697
1.2444
0.19275
1.5654
0.24381
0.18347
0.052891
1.0103
1.4141
0.50231
0.23273
1.1171
0.27573
0.19412
0.13721
1.5351
0.15951
0.35886
0.2071
0.86365
0.9711
1.2244
0.15178
1.2309
1.2233
1.2645
0.20993
0.030899
0.065118
0.81495
0.22378
0.084091
1.3557
1.5805
1.489
0.080298
0.21092
0.16254
0.21979
0.84678
0.23621
0.020752
0.15578
0.199
0.22173
0.55107
0.22119
0.42123
0.17708
0.02953
0.19895
1.3802
0.085238
1.5699
0.93125
0.24733
1.6175
0.052689
0.003147
1.619
1.3991
0.22306
0.31228
0.14481
1.5599
0.28019
0.20633
0.10178
0.97241
1.3184
0.85575
0.90184
0.084417
0.2475
0.16455
1.4607
0.92875
0.29539
0.29532
0.93556
0.18807
0.16773
0.18012
0.40701
0.20257
0.21817
0.26834
0.11801
0.087075
0.33969
0.14109
1.5421
1.619
0.23154
1.4144
0.27613
0.17328
0.072731
0.052924
1.6189
0.2049
0.23472
0.20072
0.11068
0.1099
1.1711
0.21155
1.565
0.23262
0.21863
0.3301
0.36663
0.21133
0.31904
0.92513
0.077912
0.091513
0.10366
0.23328
0.11027
0.094306
1.5923
1.5594
0.25509
0.21896
0.10886
1.2131
0.056331
0.71585
0.14337
0.66162
1.4337
1.5674
1.4203
1.4645
0.18987
0.13587
0.013
1.5345
1.1503
1.454
0.62815
1.5207
0.23895
0.23862
0.36676
0.23556
0.17744
0.19101
1.6194
0.24093
1.6201
1.5569
0.039552
0.19417
0.19441
0.74762
1.3634
1.6099
0.14074
0.22166
0.23077
0.30588
1.4084
0.16917
0.072227
0.13432
0.25929
0.12388
1.6173
0.2196
0.22565
0.047965
0.11567
1.3601
1.3868
0.83398
0.17315
0.29438
0.095238
1.0923
1.5622
1.6065
1.6168
1.4535
0.20408
0.25953
1.6153
0.46775
0.95273
1.3057
1.5612
1.0315
0.23735
0.25034
0.17486
0.080552
0.22937
0.20767
0.088891
0.105
0.91614
1.0297
0.009275
1.6199
0.087498
0.21908
1.1473
0.086918
0.22003
1.221
0.23599
1.5059
1.0524
0.0758
0.22073
0.24304
0.83456
0.11683
1.2544
0.19884
1.5252
0.10358
0.20695
0.20394
0.36977
1.6201
0.22426
0.038692
0.37813
0.18283
0.97887
0.23478
0.89466
0.85261
1.3868
0.086141
0.21255
0.19632
0.18415
1.0735
1.6155
1.6157
0.23641
0.22942
1.4404
0.82566
0.5351
0.21185
0.2362
0.36732
0.44442
0.89609
0.25538
1.5873
0.10766
0.94634
1.2896
1.617
1.2512
1.5025
0.14582
0.2441
0.16711
0.066474
0.10745
1.2024
0.24892
1.5593
0.46955
0.25562
1.2058
0.18951
0.0066731
1.3217
0.25289
0.67566
0.16706
0.18362
0.21563
1.6145
1.62
1.326
0.16315
0.26017
1.4388
1.2109
0.50461
1.384
0.26386
0.13471
0.095226
0.29391
0.24029
0.83056
0.023411
0.26368
1.6085
0.064844
0.40337
0.25234
1.4954
1.2036
0.17627
0.071992
0.17114
0.071177
0.26212
0.23914
0.9383
0.24308
0.20924
0.12107
0.22051
0.10084
0.5587
0.25078
0.90777
0.15589
1.2104
0.56216
0.1713
1.0992
0.26337
1.3357
0.02199
0.26165
0.0933
0.18976
1.2561
1.3724
0.24835
0.20862
0.1544
0.20684
0.28494
0.15885
0.23859
0.24802
0.055186
0.23355
0.27094
0.27428
0.9357
0.19494
1.0617
0.74599
0.14008
0.1797
1.5749
0.20426
0.036039
0.19781
0.23486
1.5515
0.10636
0.21885
0.20817
0.2546
0.23502
0.27794
1.5583
0.15511
0.15656
0.035723
1.0436
0.26592
1.2621
0.19243
1.1904
1.2249
1.3103
1.5406
0.24173
0.19166
0.074517
0.70008
0.34662
0.88599
1.4873
0.035521
1.2757
0.2713
0.22689
0.19592
0.17314
1.4585
0.03711
1.6171
0.81629
1.2499
0.21322
0.16916
0.68639
0.35258
0.21298
1.4783
0.21064
0.026769
1.5757
1.1786
0.18624
0.17611
0.15328
1.0184
0.0064201
0.29033
0.20417
0.19698
0.095465
0.11228
1.0491
0.21922
