-0.07153
0.9622
0.39046
0.051884
-0.31942
-0.99851
-0.036456
-0.077657
-1.0281
-0.24348
0.88143
1.1196
3.111
-0.8498
0.49331
0.38225
0.4805
-1.8814
-0.55562
0.46194
0.55101
0.52581
0.41703
-0.44651
-0.8605
0.76384
0.70647
0.87345
3.0892
1.0078
-0.23368
0.37879
1.3639
2.3891
-0.15358
-0.029694
0.977
1.53
-0.35894
0.21462
1.5865
-0.19358
0.72355
0.065819
0.13228
1.6616
1.613
-0.51424
0.1835
2.1549
0.71734
-1.1962
-0.15115
-0.81327
0.10105
-0.091709
-2.9851
0.21302
-0.72626
-1.7808
-0.36042
-2.5539
1.0876
-0.69036
1.4707
2.3426
-0.55218
-3.1488
-0.69091
-0.99199
-0.483
-0.64937
0.086578
-1.2201
-0.49928
-1.0122
-0.66615
0.37064
-0.2528
-0.088279
0.9785
1.2893
1.5771
0.027002
-0.24168
0.68716
1.8113
-1.3587
-1.8297
1.2928
0.4616
1.2038
0.82121
-0.7198
0.0059897
-1.3586
0.43326
1.6772
0.14233
0.28772
0.50021
1.5797
-0.44521
0.25907
0.22373
-1.316
-0.29078
-1.6431
-0.77293
-1.5304
1.6682
-0.2425
1.4336
0.99311
-0.82353
-2.8697
-0.50203
1.849
0.34988
2.1793
-0.57595
1.5718
0.23893
0.61385
1.0932
2.1397
-2.4495
1.8055
1.7206
-0.58307
-1.3177
-0.65056
-0.725
-1.2195
-0.31622
-0.90589
2.4068
-0.14543
-0.87988
0.17643
1.5443
1.0631
-0.16056
-2.2617
1.0668
0.52331
-0.54391
-1.7048
0.29977
-0.20561
-0.71391
0.096235
-1.086
0.37142
0.5285
0.2529
0.56663
0.094958
1.6335
0.34652
-0.71114
-1.4697
0.043843
0.65211
-0.7012
-0.51044
0.81439
-0.69497
-0.033284
-0.5898
1.608
1.2643
0.66775
0.22112
0.3136
0.22688
-1.1294
-0.80382
1.3947
-1.6247
-0.68759
-0.3321
-1.193
0.88228
-0.26385
-1.5741
0.0086223
0.072111
-0.39152
-0.08922
-2.4853
-0.16907
0.35602
1.8948
-0.038886
-0.50868
-0.39336
0.06788
1.1155
1.2596
-2.1477
-0.61665
-1.4412
-0.6602
-0.24056
-0.14995
0.27348
0.65394
-0.51977
-0.59568
-1.0352
-0.25909
0.2841
0.59435
-0.082948
-1.3411
0.55802
-0.75873
1.5099
-0.41616
0.59028
0.47237
0.97776
-0.6276
-0.57264
1.4602
0.54858
-0.82842
-0.24435
1.9306
0.061568
1.1876
-0.76432
-0.53489
-1.4231
-0.33282
-0.0075278
-1.6526
-0.45597
-0.61444
-0.2022
0.40355
1.8165
2.1099
0.40837
1.0177
0.52989
1.7529
0.29949
0.37624
-1.4487
-0.20137
0.22953
0.096115
0.63287
0.92612
-1.794
1.0859
0.62404
0.82438
0.88968
-0.24433
2.6764
-1.3792
-0.59917
0.52928
0.0013292
-1.6431
1.1628
-0.40376
0.93568
-1.2838
-0.36584
0.44353
1.3657
0.16785
0.015157
1.0393
-0.37549
-1.2942
0.68093
0.74606
1.2606
-1.191
-0.47507
0.28316
0.014245
0.556
-1.3983
1.7759
-0.73477
-1.4877
0.32599
1.2092
-1.2963
0.38584
-0.58049
0.26609
0.028662
0.23234
-0.90429
-1.567
0.23795
-1.7837
-0.45815
0.68992
0.99572
-0.44094
-0.25899
-0.78699
1.2871
0.42829
-1.0472
-0.42685
-0.38832
1.1069
-0.26597
-0.60509
0.3698
2.026
0.15127
1.2754
1.1345
0.44232
1.2076
-0.0073581
-1.7385
-1.6531
-0.85069
-0.44431
0.047389
-0.40395
-0.34443
0.13374
-0.40447
0.3139
-1.2504
-0.51216
0.084285
-1.5081
0.52469
-2.0129
-0.12942
0.014396
-0.70276
-0.37893
0.64905
1.5945
0.86384
0.10021
-0.41603
1.3829
-0.78576
-0.90911
-2.0899
0.36442
0.77249
0.55108
1.3453
0.25739
1.552
-1.222
1.118
-0.56743
1.3784
0.22386
0.11919
-1.1315
-1.3854
-1.0501
-2.7006
0.30209
-1.7671
0.52597
0.94303
-0.78608
-1.335
0.76176
0.23226
1.9839
-0.11902
0.075505
-1.1466
-0.49257
1.0098
-0.21895
-1.1739
0.48246
-0.78645
0.44958
0.0075805
1.155
0.56633
-1.954
0.753
1.3358
-1.5764
-1.1857
0.57933
0.27579
0.72764
-0.4858
1.1046
0.65941
-0.43133
0.10952
-2.3384
1.1498
1.1792
0.12149
-1.604
0.30122
-1.5476
-0.00028876
0.73601
-1.8233
-0.73479
-0.55305
-0.8762
-0.69258
-0.72707
-0.22832
0.048955
0.2967
0.24113
-1.6881
-0.92366
2.164
0.99047
-1.6794
1.4329
-1.7039
-0.69141
-0.57067
0.32445
-1.5201
0.81784
0.47845
-1.0556
0.73906
-0.17317
0.33174
0.78068
0.94652
0.65428
-2.3108
0.70785
-0.82489
-0.19867
1.7451
-0.13006
1.0132
1.0129
-0.47216
-1.0097
-1.0185
-1.4231
-2.5905
0.01096
0.12331
0.15111
1.6526
-1.5795
-0.44076
-0.48339
-1.6203
-1.6168
0.008698
-1.8507
-0.72994
-0.38666
1.1243
1.8807
-0.19707
-0.015523
-0.61402
-0.62014
0.32975
-0.46028
-0.45039
-0.63491
-0.65604
-0.62374
0.85678
-1.1053
-1.1632
0.18151
-0.10728
0.081346
-0.82483
0.59659
-0.29268
1.3413
1.4767
0.46474
-1.694
-0.71195
1.0955
-1.1126
0.98965
-2.1171
-0.89519
0.53449
1.2283
1.2686
-0.025124
-1.2395
1.6232
-0.57651
-0.14436
-0.054101
0.072925
0.086313
-0.46172
-0.19885
0.91617
-0.70209
-1.4062
0.23714
0.47623
0.72213
0.78603
-1.2648
-1.1967
-1.2089
-0.23563
0.010046
-0.065825
-0.012621
-0.099977
0.23044
-0.083008
-1.3863
-0.6435
-0.43451
-1.4673
1.8936
0.89617
0.29514
0.47027
0.35229
0.51144
-0.32105
0.30631
-1.0381
-0.3077
-0.026771
0.43681
0.188
1.2105
0.615
0.29
-0.27952
0.47022
0.53314
-1.662
0.16967
-0.66053
-0.89354
0.10556
1.5429
-0.34938
0.96897
0.34752
-0.31616
-2.1848
1.0188
-1.1414
0.13684
1.1831
0.4461
-0.024801
-0.71275
-0.91265
-0.58235
-0.7594
-1.4035
1.1715
-0.80244
-0.80302
-0.053574
-0.044228
1.8162
0.48528
-2.5566
0.40951
2.7809
0.38128
-1.1953
-0.10717
0.38139
-0.47437
0.0072692
1.587
0.78953
0.02914
0.84424
-0.095071
0.077824
0.38945
0.21969
2.4205
0.090562
-2.265
-0.28658
-0.35132
0.20607
-0.36165
1.1912
-1.6076
0.97968
-0.1417
-1.3478
-1.9539
-0.67948
-0.14298
0.3914
-1.3573
0.98336
0.93029
0.36451
-2.518
1.4092
-0.66181
0.70745
1.1443
-0.17157
0.67845
-0.24555
1.5298
0.17024
-0.87302
0.083467
0.7806
0.31634
0.17831
0.14365
0.94139
-0.78266
1.4448
-0.22718
1.9411
0.61362
1.6405
-1.8934
-0.79376
1.4238
-0.16202
0.061668
-0.48838
0.71351
0.70761
1.4751
-1.7898
-0.27879
0.78261
0.20498
-1.2209
-0.6507
0.043933
0.83161
-0.61584
-0.57045
-0.074273
-1.3121
-0.59084
1.5593
0.10061
-0.14006
2.4431
-2.3381
0.23856
-1.0621
0.23882
0.92015
0.95398
-1.0958
0.76939
0.26759
-0.29347
-0.56183
-0.84792
-0.42613
-1.3366
-0.65746
0.12318
-0.84546
-1.1461
0.58776
-1.8557
0.36894
1.0354
1.4115
-1.1477
-1.1023
-1.168
0.20408
-1.7461
0.075403
-0.6158
0.22887
0.047665
-0.74845
0.67063
-0.66056
0.26251
-1.2829
-0.98785
-0.64816
-0.076227
-0.23609
-0.17977
-1.0122
0.26232
-0.10477
1.277
-0.97643
1.2348
0.28739
-0.36184
-1.4222
-0.0069102
-0.30495
-0.57303
-0.24264
-0.097054
-1.1508
-0.98737
0.87154
-0.95946
-0.89258
0.040127
0.35122
-1.2559
0.011999
0.091714
-0.52761
1.4289
-0.073363
0.82617
1.3029
-0.54658
-1.0385
2.0539
0.66381
-0.21206
-2.0734
1.241
-1.7048
0.072374
-0.66881
-0.24627
-1.0232
-0.34813
1.211
-1.0882
0.070833
1.1464
0.67152
-1.0973
0.056697
-1.9223
-0.020577
-0.37303
-0.86351
-0.82094
-0.7874
-0.3699
1.5638
-0.47738
-1.579
-1.3325
-1.1201
1.7565
-0.19274
0.43366
-0.52416
-0.86859
0.49649
0.11484
1.2008
0.71921
0.61212
0.285
0.48422
-0.52346
-0.91383
0.41572
0.9075
-0.138
-1.1223
-0.64798
-1.0812
-0.51201
0.95855
0.95756
1.6834
0.43665
-0.04376
-0.0044235
0.41456
-0.25138
-1.2302
0.063934
-0.27045
0.051437
0.65109
-0.38734
2.0301
1.0909
0.51059
0.24218
-0.3621
2.1056
0.015672
2.1984
-0.94118
-1.5914
-0.51583
-0.42006
-0.42545
0.9564
-1.1796
-1.1311
0.020728
-0.82697
0.72094
0.66464
1.6619
-1.0491
-1.0987
0.99755
0.39322
1.7187
1.0981
-0.50379
1.6875
0.48756
1.813
-0.78903
-0.23814
-1.2611
-0.57287
-2.7454
1.587
-0.019054
0.51086
-0.18553
0.49092
-1.5682
0.24942
-0.28547
0.1874
-1.5472
-0.61118
-0.95859
0.17665
1.0262
1.8281
-1.0187
0.68203
0.53097
0.28453
0.21267
0.96491
-0.28458
-1.4921
-0.55259
-0.71789
-0.12848
1.565
0.52044
0.91863
0.5314
-0.099154
-0.3467
-0.24806
0.83623
0.0042686
1.4801
-1.4209
2.0675
-0.72569
-0.55356
0.89462
-0.90132
0.12895
-1.001
-0.56752
0.8085
-0.042959
0.021429
-0.38405
0.6501
-1.4822
-0.88803
1.0297
0.98168
0.20667
0.25427
-0.12135
-1.219
0.14584
-2.0261
-1.5659
-0.47717
-0.88759
-0.35279
0.8201
0.10633
-0.87928
0.76198
0.36078
0.13542
-0.29995
-0.67735
0.91661
-1.0406
0.25793
0.15747
0.38496
1.0129
1.9086
-0.28974
-0.072813
0.74039
-0.60812
-0.25872
-1.7761
0.076535
-0.8263
-0.43343
-0.097842
-0.91632
-0.16114
-0.37928
-0.12916
-0.13568
1.374
-0.62589
0.35756
0.25461
1.6668
0.45613
-0.48561
-0.91524
0.93069
0.40543
-2.1199
-0.74884
-0.48559
-1.1292
-0.059721
2.0544
0.29125
-0.23086
0.26416
-2.1691
1.1774
-0.14064
0.5424
-0.25678
-1.9233
-0.3961
-0.11596
0.33045
1.3662
2.2528
-3.2306
0.8705
-0.28551
0.035965
-1.4214
-0.5604
-0.12902
-0.035678
1.571
-0.69881
1.35
-0.43882
0.84021
-1.1554
0.95003
2.0517
-1.5754
-0.42992
-0.62434
-0.81314
0.90495
-0.16406
0.1552
-1.4555
-0.02205
-2.2486
-0.20494
0.17312
1.5668
-0.41062
-0.11398
0.81898
