-0.37583
1.1507
-0.86505
0.6035
1.272
-0.39989
-0.46885
1.4339
1.0032
-0.95001
0.56785
0.2498
0.038021
1.1714
-1.6316
-1.1147
-0.38787
0.32043
1.3631
0.98739
-0.97468
-0.68234
0.064443
0.80387
-0.76881
0.72815
-0.4289
0.11417
-1.8712
0.53439
-1.9736
1.4282
0.76453
2.1066
1.1784
1.4748
-0.94516
-1.3824
1.6081
1.8608
1.1722
-1.1874
1.2515
-1.1982
-1.6896
0.6007
-0.37354
-1.6411
-1.1021
-1.3548
-0.32935
-0.17906
-1.3804
0.78212
-1.9279
0.0090463
0.13838
0.8484
-1.1266
1.7095
-1.6647
-3.1233
1.1356
-0.79671
1.2661
0.25755
-1.0016
-1.1911
-1.2716
0.8908
0.60677
-1.0608
0.72022
-2.0094
-0.92178
1.1486
0.5867
1.6215
-1.8782
-0.55236
0.73038
1.6499
0.099431
0.73012
-0.74405
0.53251
1.0428
-0.94315
1.2392
0.48899
0.64495
-1.205
0.70738
-2.0984
1.194
0.90974
-1.6458
0.22854
-0.75261
0.26948
1.0203
1.671
0.35314
-1.5099
-1.2238
-0.44937
1.0182
-1.9381
-1.982
-1.4492
-1.1512
0.95858
1.6193
0.43904
1.3458
-0.14661
-1.3017
-1.1966
2.1676
-2.0828
1.0149
-1.255
0.075633
1.2693
1.4361
0.49054
1.6164
0.18214
1.8911
-1.9519
-0.93293
1.5231
0.52021
-0.48604
0.62152
-1.9343
0.99726
-1.7936
-2.4116
0.6332
-1.65
0.14085
1.6654
0.87607
-0.96065
1.0537
-1.4702
-0.57955
-1.3759
-1.3838
1.4946
1.1105
-0.59022
1.4496
0.39006
1.012
0.98917
-2.1034
-1.5682
0.79121
-1.6859
1.2741
-0.57602
0.38319
-0.64305
-0.82121
-0.23257
1.3261
-0.3547
-0.60389
1.5602
-0.70547
-0.18267
1.6524
1.9215
1.4517
-1.2472
2.6947
-1.1782
-0.36649
0.44887
1.0424
-0.51444
1.254
-0.66804
-2.398
-1.1127
0.50401
-1.1328
1.4368
1.3827
1.3486
-1.2084
0.28377
0.76425
1.9029
1.1078
-0.97248
-0.8994
-0.61356
0.76512
1.8222
0.8936
0.51125
-1.063
0.23344
-2.3779
-0.9944
0.1838
-0.48784
0.7613
-1.746
1.5318
1.0444
0.42416
1.9271
2.3157
0.98078
0.9218
0.92263
-0.64156
0.36809
-1.606
-1.264
-0.51913
-0.062404
0.80824
-0.038751
1.398
-0.79143
1.9394
-0.3252
1.0153
-1.2533
0.69528
-1.5076
-0.59265
0.80028
-1.1337
-2.5806
0.11475
-1.0646
-1.6235
-2.1165
2.1679
-2.7008
-1.576
-1.6658
2.521
1.3651
-0.19112
-1.5947
2.1325
0.10775
1.1308
-0.43823
0.92559
-0.65734
-1.1037
-1.5461
0.97763
1.2805
1.7659
0.41903
-0.71859
-2.6702
-0.90126
0.63198
-0.11166
-1.1953
-0.65224
0.62086
-0.19118
0.15888
1.2804
-0.54781
1.2796
-0.91535
-1.7155
1.0923
-2.2473
-1.524
-0.08894
1.1293
0.43806
-0.63606
-1.9921
2.2662
-1.0776
-0.2118
-0.59916
0.11151
0.44056
-1.2195
-1.9126
-1.0152
0.40357
1.0216
1.0197
1.8163
-0.62187
0.87364
-1.0667
-0.4253
1.7629
1.525
-1.2152
-0.46917
-1.5602
1.8079
0.89322
0.37581
1.0938
-0.36057
0.25057
-1.1744
0.84159
0.16922
0.69
-1.1646
-0.52778
0.73888
1.1054
-1.878
1.0437
0.13345
2.0885
0.050539
-0.50779
0.77183
1.4157
-0.41548
-1.4409
-0.14263
1.7096
-1.1221
1.3241
1.0695
-0.27879
0.76828
1.9558
-1.7572
0.71903
0.94762
-0.03756
-0.5853
-1.5908
1.3028
-1.4453
1.3997
-1.0015
-1.2969
-1.7349
2.0379
-0.70671
1.9468
-1.8928
1.2526
1.2064
0.53016
-2.3617
-1.7884
-0.29137
-2.0144
1.4555
-0.41249
-1.6757
-0.74139
1.2592
2.8447
1.3049
1.8459
1.1858
0.47026
-1.5825
-1.1947
-1.4751
0.28735
-1.2745
1.1973
-1.1353
0.43118
-0.82955
0.70083
-0.23197
1.3913
0.55112
1.3783
1.7438
1.4361
-1.103
1.5656
0.91754
-0.6613
-1.8127
1.2672
-1.3129
1.5893
2.0155
-2.2222
-0.78571
-1.1461
-1.0771
0.98496
-1.1758
1.1923
-0.47962
1.1751
-1.4115
-0.18981
1.1038
-1.4638
-1.0652
-0.076218
-1.3375
0.3013
0.63817
2.3928
0.73268
1.4534
-0.90827
-0.41029
1.5637
-0.80686
-1.2743
0.73935
1.3788
0.37843
-0.31607
0.81711
-1.2769
0.38884
-0.81737
0.086437
-1.1478
1.4152
-1.9422
1.129
0.8363
-2.7709
1.7133
-1.4032
-0.20863
-0.81749
-0.97053
1.5355
-1.2965
1.2405
1.298
1.11
-0.58955
-0.60986
-0.63116
-1.0943
0.25877
-0.2877
0.8526
1.0931
-0.84085
1.0703
-0.61461
0.42788
0.97054
1.4877
-1.7012
0.51505
-1.474
-0.85021
0.47013
-0.31751
1.9045
-0.84362
-2.3151
1.3431
1.2782
-0.85461
-0.78102
-0.81358
-1.4305
0.29955
-0.18163
-1.6298
0.99083
-1.264
1.2245
0.90799
-0.20761
0.71912
-0.99625
1.8297
1.2486
0.44008
-2.2587
-2.1126
-0.73102
1.2051
-1.5717
1.7702
-1.1098
0.094331
-1.1321
-1.539
-0.64938
1.3621
1.4003
1.0483
-1.2297
1.8975
0.91841
-1.2509
2.7899
-0.063392
1.0121
-0.61177
-0.86613
-1.8658
1.212
-0.89133
-0.7708
-0.92209
0.38476
0.82535
-0.35149
0.0037087
1.0873
1.8781
0.22763
-0.89476
1.2109
1.079
1.3117
0.67254
-1.0368
-1.3679
1.238
1.7399
-1.6808
0.79904
1.6507
-1.2307
0.014913
-2.1844
-0.72933
1.7785
1.0542
-0.63481
0.079594
0.60313
0.07138
0.30132
0.82129
0.96289
-0.70503
-0.82928
-2.1014
-0.53045
-2.1541
1.748
0.73454
0.44633
-0.7147
0.47562
-1.4738
-2.1404
-1.4328
-0.82369
-0.02105
2.4949
-1.7185
-0.41342
1.5313
1.5217
-1.9157
-0.65592
-1.0393
-0.95989
0.58013
0.53411
-0.38182
-0.21234
1.0904
-1.2177
0.10493
-0.5009
1.3196
1.247
0.16546
-2.5605
-1.7184
0.1288
1.6514
-1.5297
-1.3628
1.1819
0.28211
-1.7594
0.53718
-0.82101
-0.42799
1.4594
0.47317
-1.4421
0.24709
0.11359
0.67554
1.4917
-0.92621
1.0756
1.0333
0.82237
1.049
0.65632
0.41527
0.64047
-0.19418
0.33142
0.55582
0.59341
0.18334
-0.55433
-1.6128
1.049
-0.1915
0.087701
0.82653
-0.45371
2.1254
-2.1701
-0.68889
-1.4967
-0.99284
0.63539
1.0293
-1.4991
0.53453
-1.8427
-1.535
1.5776
-1.2102
-2.3828
0.94886
1.5895
1.216
-1.0467
-1.2763
0.48623
2.6306
1.4342
-0.95867
0.64198
-1.1581
1.3648
-1.5508
-0.37563
1.6451
2.0853
-1.0844
1.0425
-1.6481
1.1947
-0.76339
0.13944
-1.5595
-0.94887
1.5209
0.76218
-1.4654
0.6782
1.6804
0.88712
-1.3023
0.33118
-1.7607
-1.1244
0.88483
1.5666
-1.2326
-1.3694
-0.58049
-0.45581
0.23739
-1.9399
-0.08613
0.99319
-0.55204
-0.67154
2.5482
2.8251
1.2127
-0.21179
-0.52807
1.6067
1.2819
-1.0739
2.1083
-0.37076
1.4019
1.0172
-1.1399
-0.40491
-0.1802
-2.5786
-0.34937
1.4701
1.2653
1.2689
-0.57626
1.3792
0.53053
0.15207
-1.813
0.62054
0.59009
-0.37094
-0.80941
-0.027937
0.70477
0.26025
-0.20388
0.6099
0.15198
0.98439
-1.863
1.1026
0.35431
-1.3543
-1.7393
-0.050778
0.95101
1.2877
1.4293
0.17457
0.97058
0.93642
1.1921
-1.0747
-0.26324
2.0905
-0.67319
-0.95412
-0.97526
-1.4012
0.77686
-0.91661
-0.57456
-2.658
-0.071996
1.1581
-0.73112
1.2623
-0.07312
0.92371
0.20825
0.74451
1.2231
-0.86059
0.29601
1.0535
-1.6545
0.90548
1.0112
0.43528
-0.67531
-1.7004
-1.1268
0.99268
-0.9249
-0.010384
0.88478
1.3774
-1.4359
1.3077
1.3713
-0.40577
0.87707
1.2697
1.0555
0.56952
1.0337
1.0111
1.9357
-0.39027
1.5428
0.93886
-1.0886
1.1784
-1.088
-0.96368
1.8665
1.9576
-0.18186
1.7516
1.4433
1.5041
-1.1512
-2.5983
-0.34244
0.74502
1.3814
0.14062
1.0326
1.4227
-0.14006
-0.26557
-1.0883
0.11259
-0.45335
0.80504
-0.1792
0.51624
1.4329
-0.78938
-0.32654
-1.4347
1.1388
-1.3785
-1.5223
-2.0771
2.3098
0.053516
1.8683
0.32097
-0.40476
-1.2983
-0.88597
1.6849
-0.065229
-0.42616
1.4567
-0.89767
0.40647
-0.028917
0.39052
-0.59388
0.89243
0.65101
2.0813
0.12672
-0.80269
-1.5687
-1.5538
-1.4722
-0.69139
-0.21107
0.60727
0.93097
-1.1593
-1.6404
0.82435
0.1581
1.3365
0.23581
0.56272
-1.8616
0.83295
-1.7419
1.588
0.080886
-1.6419
-1.3541
0.40953
1.7596
1.9983
-0.21774
-0.94029
0.038336
-1.0953
-0.8934
-0.0037634
-1.3343
0.73475
-0.62941
3.0357
2.7179
1.443
-0.80308
0.79159
-0.66966
0.048567
0.71802
-0.73451
-0.078214
0.90868
0.79398
-2.5846
-0.84059
0.20384
0.78674
-1.6498
-0.56074
-0.18064
-1.0207
-1.9739
-0.034418
1.6854
0.95851
0.82552
-1.1649
-2.4065
0.81232
-1.9369
-1.1712
1.5143
-0.003988
1.7503
1.0397
-1.3683
-1.4104
0.17736
-1.4678
-2.0145
0.56739
-0.053551
1.2363
0.72647
-0.97176
1.0931
0.60092
-1.4437
-0.80919
-0.45187
1.657
0.049295
0.98939
1.057
1.3587
1.0321
0.94815
-0.70673
1.3239
-0.66462
-0.55055
0.42344
-2.2473
-1.3279
-0.30365
0.75262
-1.5735
1.3919
-1.2049
-1.3888
1.1289
1.1952
0.88834
-0.12998
-0.55399
-1.032
1.4959
1.3275
-0.58016
1.1868
1.0707
1.9065
1.086
-1.2501
0.61189
-1.7629
-1.4974
1.2603
-1.0096
2.6486
1.5007
0.94281
1.774
-0.078096
-1.6248
1.0132
-0.78413
-0.90088
-0.32106
-0.13163
-1.1898
-0.73688
0.12599
1.1242
-0.83617
-1.8949
0.41538
-2.0219
0.5029
0.65853
0.19852
-0.64725
1.0772
-0.3854
0.10951
1.2962
-0.90256
-1.7629
0.36123
-0.87686
-0.14491
-1.8272
1.5623
-0.74792
0.30397
-1.8498
1.7718
0.80248
-2.1802
