-1.955700,0.183121,0.182587,0.187023,0.324010
1.114800,0.200983,0.198675,0.205054,0.337680
-2.208000,0.187151,0.190358,0.192042,0.388350
-0.364490,0.228800,0.233904,0.235013,0.392070
-0.363840,0.228770,0.233848,0.234980,0.391890
-0.683870,0.208679,0.198448,0.212412,0.259990
2.849100,0.103578,0.094004,0.105287,0.427720
-0.285200,0.223070,0.223357,0.228567,0.357200
-2.205100,0.187304,0.190625,0.192205,0.389290
-0.692610,0.207293,0.196172,0.210858,0.252580
1.515400,0.202071,0.199689,0.204965,0.283830
-0.417380,0.230225,0.236583,0.236619,0.399580
2.265200,0.134787,0.133620,0.133915,0.366710
0.852600,0.162789,0.142825,0.162425,0.129410
2.883100,0.099807,0.088257,0.101341,0.371470
-0.231370,0.216945,0.212473,0.221681,0.320800
0.071019,0.163455,0.136944,0.161850,0.090262
1.046500,0.192843,0.185336,0.196030,0.285440
1.658000,0.186513,0.177489,0.187220,0.165420
1.598800,0.193494,0.186872,0.195126,0.213400
1.173000,0.206281,0.207604,0.210871,0.372320
-2.651000,0.121193,0.088648,0.121449,0.079723
-2.146900,0.189385,0.194192,0.194381,0.399480
-0.306180,0.224987,0.226846,0.230722,0.368880
-0.406460,0.230094,0.236335,0.236471,0.399150
2.285200,0.134214,0.133291,0.133535,0.400640
-2.152800,0.189261,0.193988,0.194257,0.399190
-0.996180,0.150987,0.125342,0.148101,0.051602
2.286300,0.134183,0.133274,0.133515,0.400480
1.192200,0.206800,0.209031,0.211473,0.381010
1.196200,0.207923,0.210381,0.212652,0.382660
2.310300,0.133535,0.132900,0.133103,0.346280
-0.442030,0.230210,0.236555,0.236602,0.398400
-2.631100,0.125247,0.093970,0.125744,0.090179
2.566900,0.125400,0.125729,0.127101,0.398340
-1.638200,0.144165,0.127716,0.142756,0.084513
-2.009300,0.186785,0.189111,0.191210,0.359580
-1.843200,0.171603,0.163546,0.173940,0.231950
2.537200,0.126720,0.127267,0.128254,0.308310
-0.372110,0.229127,0.234516,0.235381,0.393980
-0.653450,0.213240,0.206095,0.217529,0.285450
-0.727070,0.201544,0.186968,0.204415,0.223280
-2.445800,0.160098,0.144907,0.162947,0.224340
2.319700,0.133288,0.132756,0.132950,0.304630
2.338300,0.132810,0.132472,0.132655,0.210170
-0.209150,0.213951,0.207305,0.218318,0.303700
-2.586700,0.134171,0.106136,0.135222,0.116570
-0.333070,0.227029,0.230606,0.233020,0.381380
1.182400,0.206980,0.208786,0.211631,0.376780
1.822300,0.166329,0.155390,0.164870,0.065066
1.411100,0.209454,0.212056,0.213625,0.359380
1.281100,0.211484,0.216242,0.216387,0.399590
1.629600,0.189927,0.181963,0.191075,0.187890
-0.166700,0.207576,0.196634,0.211162,0.268920
0.819040,0.157297,0.136548,0.156261,0.107680
-1.827900,0.169726,0.160645,0.171810,0.219020
-2.412600,0.165378,0.153406,0.168623,0.252610
1.160200,0.205258,0.205871,0.209753,0.365740
-2.469700,0.156064,0.138548,0.158617,0.204270
-0.480160,0.229332,0.234906,0.235616,0.390770
1.802300,0.168702,0.157607,0.167452,0.074167
0.787450,0.152244,0.131288,0.150585,0.089431
1.237500,0.210142,0.214099,0.215023,0.395170
2.281200,0.134326,0.133356,0.133608,0.399370
-0.164660,0.207250,0.196101,0.210796,0.267200
-0.502030,0.228367,0.233100,0.234530,0.383340
2.877100,0.100487,0.089291,0.102054,0.395990
-1.733600,0.157214,0.142880,0.157607,0.144160
1.334800,0.211716,0.216350,0.216454,0.392250
2.868200,0.101485,0.090810,0.103100,0.421730
-0.309540,0.225268,0.227361,0.231038,0.370610
-1.935200,0.181376,0.179565,0.185037,0.308420
1.306100,0.211785,0.216635,0.216638,0.397910
-0.219680,0.215401,0.209796,0.219947,0.311920
-0.504830,0.228220,0.232825,0.234364,0.382230
1.018600,0.189016,0.179285,0.191770,0.262080
-2.470000,0.156012,0.138467,0.158562,0.204060
-0.282870,0.222840,0.222941,0.228308,0.355810
-2.072100,0.188392,0.192807,0.193183,0.388400
-0.867650,0.175100,0.149966,0.174869,0.116010
-1.657400,0.146736,0.130389,0.145687,0.094933
-2.201100,0.187509,0.190979,0.192422,0.390500
-0.267140,0.221203,0.219995,0.226467,0.345930
2.238500,0.135611,0.134093,0.134489,0.245950
1.166700,0.205788,0.206768,0.210333,0.369160
2.929200,0.094378,0.080083,0.095632,0.132570
-0.298790,0.224343,0.225670,0.229999,0.364950
2.603700,0.123535,0.123396,0.125401,0.313400
-2.199400,0.187593,0.191125,0.192511,0.390990
-2.428700,0.162867,0.149339,0.165922,0.238860
-0.136450,0.202578,0.188597,0.205556,0.243270
2.593200,0.124094,0.124112,0.125918,0.357600
-0.931080,0.162853,0.136197,0.161248,0.079735
-0.459250,0.229941,0.236050,0.236300,0.395810
-2.032400,0.187932,0.191214,0.192532,0.372030
-0.386940,0.229646,0.235492,0.235967,0.396910
-1.960100,0.183472,0.183201,0.187422,0.327210
-0.225430,0.216169,0.211125,0.220810,0.316330
-0.505530,0.228182,0.232755,0.234321,0.381950
-0.505340,0.228192,0.232774,0.234333,0.382030
-0.271600,0.221682,0.220855,0.227006,0.348810
0.868390,0.165393,0.145989,0.165347,0.140430
-0.707490,0.204865,0.192236,0.208135,0.239910
1.400700,0.209932,0.212919,0.214202,0.365240
-1.934200,0.181286,0.179411,0.184935,0.307630
-0.678700,0.209483,0.199779,0.213314,0.264370
1.298000,0.211725,0.216574,0.216598,0.398800
-2.127500,0.189652,0.194611,0.194637,0.399210
-2.130900,0.189621,0.194565,0.194609,0.399390
1.255000,0.210805,0.215182,0.215712,0.398060
-0.388960,0.229705,0.235603,0.236033,0.397230
0.964820,0.181004,0.167154,0.182827,0.216430
2.316600,0.133369,0.132803,0.133000,0.319420
-0.186090,0.210589,0.201619,0.214543,0.285070
2.262800,0.134858,0.133661,0.133963,0.358630
1.223700,0.209502,0.213037,0.214347,0.391860
1.475000,0.205450,0.205165,0.208893,0.316020
1.339500,0.211662,0.216231,0.216377,0.390970
1.425600,0.208703,0.210722,0.212727,0.350570
-0.642500,0.214775,0.208722,0.219253,0.294380
1.193700,0.207759,0.210105,0.212476,0.381640
2.846000,0.103911,0.094513,0.105635,0.422040
-2.233600,0.185593,0.187642,0.190379,0.378580
-2.481300,0.154042,0.135406,0.156449,0.194700
-0.579940,0.222316,0.222001,0.227725,0.341230
-2.463400,0.157145,0.140241,0.159777,0.209500
-0.434220,0.230262,0.236653,0.236661,0.399100
-0.661580,0.212062,0.204098,0.216208,0.278720
1.968600,0.151113,0.143446,0.148771,0.021400
-2.492800,0.152000,0.132261,0.154260,0.185370
-2.424800,0.163484,0.150335,0.166586,0.242200
-2.352900,0.173789,0.167344,0.177677,0.302080
-0.584920,0.221798,0.221069,0.227142,0.337840
-2.434800,0.161891,0.147771,0.164873,0.233720
1.488700,0.204371,0.203388,0.207635,0.305360
-1.951400,0.182770,0.181975,0.186623,0.320840
-0.572320,0.223079,0.223380,0.228583,0.346280
2.269100,0.134672,0.133554,0.133838,0.378380
2.616800,0.122805,0.122441,0.124718,0.248280
2.914600,0.096134,0.082709,0.097481,0.204020
2.872400,0.101016,0.090096,0.102608,0.411250
-2.197000,0.187708,0.191326,0.192634,0.391650
-0.483600,0.229203,0.234663,0.235470,0.389740
-0.421640,0.230254,0.236637,0.236651,0.399590
-0.213180,0.214513,0.208267,0.218949,0.306870
-2.622800,0.126930,0.096217,0.127529,0.094798
2.537300,0.126716,0.127263,0.128251,0.309090
-0.605690,0.219478,0.216931,0.224535,0.322990
2.924800,0.094911,0.080877,0.096193,0.152430
-0.285360,0.223086,0.223385,0.228584,0.357290
1.380400,0.210715,0.214364,0.215158,0.375510
2.326500,0.133112,0.132653,0.132841,0.270730
-0.061687,0.189030,0.168338,0.190386,0.180900
-0.316650,0.225838,0.228408,0.231680,0.374100
1.124400,0.201968,0.200324,0.206140,0.344110
-2.466300,0.155790,0.138471,0.158350,0.207120
1.345800,0.211573,0.216039,0.216253,0.389070
-1.862000,0.173825,0.167053,0.176461,0.247980
-2.501800,0.150376,0.129784,0.152521,0.178160
1.355900,0.211386,0.215657,0.216005,0.385660
0.938210,0.176805,0.161117,0.178130,0.194290
-0.888980,0.170944,0.145029,0.170241,0.102830
0.046424,0.168140,0.141943,0.167067,0.104360
-2.684600,0.114310,0.079912,0.114177,0.064036
1.048100,0.193054,0.185675,0.196265,0.286690
0.802660,0.154658,0.133736,0.153298,0.097938
-1.924300,0.180377,0.177858,0.183901,0.299850
0.638500,0.131975,0.116721,0.127744,0.031903
-0.310740,0.225366,0.227541,0.231149,0.371210
-0.460530,0.229913,0.235996,0.236269,0.395570
-1.859100,0.173488,0.166517,0.176079,0.245500
0.901850,0.170905,0.153051,0.171525,0.165300
-0.512430,0.227792,0.232029,0.233883,0.379070
1.101400,0.198679,0.195342,0.202563,0.328140
-2.437100,0.161520,0.147176,0.164474,0.231730
-1.714800,0.154617,0.139563,0.154655,0.130890
-0.954000,0.158562,0.131964,0.156487,0.068802
-0.428440,0.230272,0.236672,0.236672,0.399420
2.308500,0.133582,0.132927,0.133132,0.353180
-0.131450,0.201720,0.187247,0.204595,0.239010
1.672200,0.184774,0.175293,0.185263,0.154590
1.382000,0.210661,0.214262,0.215091,0.374750
1.447600,0.207382,0.208428,0.211162,0.336000
-2.518400,0.147327,0.125183,0.149258,0.165080
-0.276790,0.222225,0.221831,0.227616,0.352080
-2.195600,0.187774,0.191441,0.192704,0.392050
-0.656010,0.212872,0.205470,0.217117,0.283330
1.274000,0.211336,0.216020,0.216245,0.399510
1.311300,0.211805,0.216641,0.216641,0.397190
-2.045200,0.188449,0.192177,0.193133,0.378020
-0.804240,0.187403,0.166038,0.188595,0.160640
-0.148680,0.204639,0.191876,0.207868,0.253680
-0.515010,0.227638,0.231742,0.233710,0.377940
-0.356270,0.228402,0.233160,0.234565,0.389700
1.337400,0.211688,0.216287,0.216413,0.391560
-0.327470,0.226643,0.229892,0.232586,0.379020
-0.015487,0.180147,0.156347,0.180458,0.145540
-1.713900,0.154492,0.139407,0.154514,0.130330
-0.652890,0.213320,0.206231,0.217619,0.285910
-1.660700,0.147182,0.130870,0.146195,0.096792
-0.442590,0.230204,0.236545,0.236596,0.398340
-1.996200,0.186016,0.187719,0.190328,0.351680
-2.287500,0.181154,0.179927,0.185611,0.349360
-2.789000,0.093112,0.055435,0.091935,0.029688
-2.294000,0.180516,0.178824,0.184924,0.345160
-2.482500,0.153831,0.135079,0.156223,0.193710
1.673600,0.184601,0.175078,0.185070,0.153580
-0.428900,0.230272,0.236672,0.236672,0.399400
2.740000,0.114102,0.110018,0.116144,0.019939
-0.680570,0.209193,0.199299,0.212989,0.262780
-2.430600,0.162564,0.148852,0.165597,0.237280
-1.939200,0.181730,0.180175,0.185440,0.311580
-2.011000,0.186879,0.189281,0.191318,0.360560
1.197100,0.207981,0.210479,0.212715,0.383000
-2.018700,0.187285,0.190022,0.191785,0.364890
-2.298000,0.180113,0.178129,0.184490,0.342560
1.263800,0.211075,0.215614,0.215987,0.398950
1.022400,0.189552,0.180123,0.192367,0.265290
-1.703500,0.153054,0.137634,0.152878,0.123300
1.326600,0.211780,0.216510,0.216557,0.394270
-0.118660,0.199489,0.183779,0.202095,0.228140
-0.440380,0.230224,0.236582,0.236619,0.398570
-1.476400,0.126176,0.114939,0.122096,0.026784
1.223100,0.209472,0.212986,0.214315,0.391700
-0.073554,0.191266,0.171523,0.192887,0.190490
-1.815200,0.168126,0.158220,0.169995,0.208330
1.375400,0.210877,0.214669,0.215359,0.377760
2.528900,0.127062,0.127647,0.128544,0.267390
-0.715140,0.203583,0.190188,0.206699,0.233400
2.835400,0.105036,0.096234,0.106807,0.390100
1.299600,0.211739,0.216591,0.216609,0.398650
2.886100,0.099464,0.087737,0.100981,0.358120
1.521500,0.201512,0.198806,0.204318,0.278820
-0.694390,0.207007,0.195705,0.210537,0.251070
2.908200,0.096893,0.083850,0.098280,0.239140
1.386100,0.210516,0.213991,0.214912,0.372760
2.859100,0.102491,0.092344,0.104151,0.433470
-1.816800,0.168330,0.158526,0.170226,0.209660
1.643200,0.188304,0.179810,0.189240,0.177030
1.220900,0.209360,0.212799,0.214195,0.391070
-0.721310,0.202535,0.188526,0.205524,0.228160
-2.222300,0.186326,0.188919,0.191162,0.383250
2.316300,0.133377,0.132808,0.133004,0.320700
1.684800,0.183218,0.173375,0.183517,0.145340
-2.361800,0.172631,0.165397,0.176430,0.294910
-0.175730,0.208999,0.198976,0.212759,0.276480
2.606500,0.123382,0.123197,0.125258,0.300500
-2.151100,0.189299,0.194050,0.194295,0.399300
-0.327200,0.226624,0.229857,0.232564,0.378910
0.784820,0.151830,0.130881,0.150120,0.088007
-2.151700,0.189286,0.194029,0.194282,0.399260
2.866800,0.101641,0.091048,0.103263,0.424430
-1.828600,0.169813,0.160779,0.171909,0.219660
2.924400,0.094959,0.080949,0.096244,0.154370
1.104700,0.199902,0.196871,0.203860,0.330560
1.188800,0.207429,0.209547,0.212119,0.379590
-0.532590,0.226469,0.229576,0.232394,0.369520
0.991070,0.185007,0.173118,0.187298,0.238690
0.868440,0.165401,0.145999,0.165356,0.140470
-0.391320,0.229770,0.235725,0.236106,0.397570
1.531000,0.200616,0.197408,0.203284,0.270820
0.338430,0.125717,0.115007,0.120150,0.013149
-2.561700,0.139085,0.113097,0.140457,0.133280
-1.784500,0.164127,0.152348,0.165456,0.183140
-2.117400,0.189707,0.194676,0.194677,0.398340
0.953420,0.179220,0.164561,0.180832,0.206870
-1.853700,0.172856,0.165514,0.175361,0.240940
1.122600,0.201786,0.200020,0.205940,0.342930
1.234300,0.210003,0.213869,0.214877,0.394480
-2.001900,0.186361,0.188342,0.190723,0.355220
1.429200,0.208502,0.210368,0.212487,0.348290
-2.268000,0.182938,0.183018,0.187529,0.361140
1.467100,0.206038,0.206148,0.209582,0.321970
1.304900,0.211779,0.216630,0.216634,0.398080
-2.845900,0.082016,0.044143,0.080398,0.018435
-0.355690,0.228372,0.233104,0.234532,0.389530
-2.010300,0.186840,0.189211,0.191274,0.360170
1.598200,0.193562,0.186967,0.195203,0.213910
-0.724340,0.202015,0.187707,0.204942,0.225590
0.977510,0.182959,0.170042,0.185011,0.227160
-0.169670,0.208048,0.197408,0.211691,0.271410
-2.393900,0.168171,0.157981,0.171627,0.268440
-2.297200,0.180194,0.178269,0.184577,0.343050
1.700900,0.181217,0.170974,0.181279,0.133870
-0.311200,0.225404,0.227610,0.231192,0.371440
0.876000,0.166649,0.147556,0.166755,0.145920
1.693500,0.182138,0.172070,0.182308,0.139070
-2.594900,0.132540,0.103866,0.133487,0.111410
2.225600,0.136038,0.134339,0.134800,0.180820
1.341600,0.211635,0.216171,0.216338,0.390360
-1.671600,0.148665,0.132503,0.147884,0.103180
1.223300,0.209482,0.213003,0.214326,0.391740
-0.959320,0.157581,0.131044,0.155400,0.066426
1.164500,0.205611,0.206468,0.210139,0.367990
-0.314250,0.225649,0.228061,0.231468,0.372940
-2.071300,0.189233,0.193668,0.194057,0.388120
2.544200,0.126423,0.126931,0.127999,0.339460
1.086200,0.197806,0.193402,0.201541,0.316920
1.568500,0.196820,0.191668,0.198923,0.239050
-0.017477,0.180533,0.156846,0.180890,0.146990
-2.118200,0.189705,0.194675,0.194676,0.398430
-0.764580,0.194848,0.176744,0.196917,0.192010
-0.063595,0.189391,0.168848,0.190790,0.182430
-0.404490,0.230061,0.236273,0.236434,0.399000
2.239700,0.135572,0.134071,0.134461,0.251930
1.538500,0.199889,0.196286,0.202446,0.264560
1.410300,0.209493,0.212125,0.213671,0.359860
1.503300,0.203145,0.201400,0.206209,0.293770
1.393200,0.210245,0.213491,0.214581,0.369230
1.405900,0.209700,0.212498,0.213920,0.362370
1.251000,0.210668,0.214961,0.215571,0.397530
-0.516010,0.227577,0.231629,0.233641,0.377490
0.272030,0.131909,0.115541,0.126921,0.021541
1.505300,0.202971,0.201121,0.206007,0.292110
-1.743700,0.158603,0.144711,0.159185,0.151540
2.578200,0.124855,0.125065,0.126612,0.395180
-1.956100,0.183153,0.182643,0.187059,0.324340
-0.929480,0.163156,0.136508,0.161584,0.080540
-0.284380,0.222990,0.223211,0.228476,0.356710
0.035675,0.170211,0.144269,0.169374,0.110940
2.515800,0.127579,0.128205,0.128975,0.200020
-0.574910,0.222824,0.222918,0.228296,0.344580
1.038400,0.191759,0.183606,0.194824,0.278680
-0.249960,0.219248,0.216517,0.224269,0.334280
1.122100,0.201736,0.199935,0.205884,0.342580
1.497700,0.202765,0.201259,0.205871,0.298210
1.419500,0.209031,0.211301,0.213118,0.354350
-0.578590,0.222454,0.222250,0.227880,0.342140
-0.673470,0.210285,0.201114,0.214214,0.268770
-1.986300,0.185379,0.186576,0.189599,0.345380
1.608900,0.192343,0.185261,0.193816,0.204930
-0.621990,0.217485,0.213423,0.222297,0.310630
-0.627330,0.216801,0.212228,0.221528,0.306470
0.775590,0.150390,0.129494,0.148501,0.083148
1.131200,0.202640,0.201453,0.206880,0.348540
0.066004,0.164403,0.137925,0.162906,0.093029
1.091700,0.198444,0.194455,0.202247,0.321040
-2.384000,0.169592,0.160330,0.173158,0.276660
2.946800,0.092222,0.076882,0.093359,0.069286
1.513200,0.202270,0.200004,0.205196,0.285680
-0.580260,0.222283,0.221942,0.227688,0.341010
0.950890,0.178821,0.163987,0.180386,0.204760
0.140930,0.150814,0.125472,0.147807,0.057428
-0.807440,0.186791,0.165189,0.187911,0.158210
1.892700,0.158470,0.148750,0.156438,0.039378
-2.522200,0.146620,0.124126,0.148502,0.162180
2.494100,0.128379,0.129025,0.129621,0.104300
-0.236220,0.217564,0.213554,0.222376,0.324400
1.717600,0.179134,0.168553,0.178956,0.122510
-0.294610,0.223964,0.224979,0.229572,0.362640
-2.310600,0.177931,0.174924,0.182170,0.333880
-0.817530,0.184851,0.162533,0.185744,0.150660
-0.569020,0.223399,0.223960,0.228942,0.348410
2.806600,0.107978,0.100734,0.109862,0.243810
0.046747,0.168078,0.141875,0.166998,0.104170
-0.426620,0.230270,0.236669,0.236670,0.399490
2.242800,0.135473,0.134014,0.134391,0.268260
-0.518190,0.227442,0.231378,0.233489,0.376510
0.851820,0.162660,0.142672,0.162281,0.128880
-1.856800,0.173220,0.166090,0.175775,0.243600
-2.310600,0.177931,0.174924,0.182170,0.333850
1.101400,0.198679,0.195342,0.202563,0.328180
1.497500,0.203641,0.202200,0.206785,0.298430
-0.674790,0.210084,0.200778,0.213988,0.267670
-0.533010,0.226438,0.229520,0.232360,0.369310
-0.115990,0.199017,0.183052,0.201566,0.225870
1.441000,0.207801,0.209148,0.211656,0.340530
-2.490100,0.152483,0.133002,0.154778,0.187530
-0.396610,0.229902,0.235973,0.236254,0.398250
1.089500,0.198190,0.194035,0.201966,0.319390
1.822400,0.166318,0.155379,0.164858,0.064983
-1.618900,0.141640,0.125261,0.139874,0.074802
0.982930,0.183783,0.171273,0.185931,0.231770
-2.134500,0.189580,0.194504,0.194572,0.399520
-2.002100,0.185514,0.187457,0.189842,0.355310
1.372700,0.210959,0.214825,0.215461,0.378960
2.557000,0.125858,0.126274,0.127506,0.382430
-1.843600,0.171651,0.163621,0.173995,0.232360
0.794570,0.153369,0.132414,0.151849,0.093349
1.059300,0.194509,0.188018,0.197882,0.295800
1.645600,0.188015,0.179432,0.188914,0.175100
-1.601700,0.139450,0.123280,0.137372,0.066865
-2.240400,0.185119,0.186815,0.189871,0.375500
-0.804160,0.187419,0.166059,0.188612,0.160690
2.824300,0.106190,0.098000,0.108007,0.340180
-2.034100,0.188006,0.191350,0.192617,0.372890
-0.873680,0.173924,0.148542,0.173559,0.112180
1.510900,0.202476,0.200331,0.205434,0.287530
-1.685300,0.150543,0.134645,0.150022,0.111560
-0.357190,0.228449,0.233247,0.234618,0.389980
-1.835200,0.170629,0.162033,0.172835,0.225160
-0.924300,0.164140,0.137530,0.162677,0.083186
2.590300,0.124245,0.124303,0.126056,0.367560
-2.297900,0.180123,0.178146,0.184501,0.342560
-2.078200,0.189379,0.193953,0.194232,0.390290
-0.254970,0.219835,0.217558,0.224929,0.337760
1.372500,0.210965,0.214836,0.215469,0.379020
-0.655430,0.212956,0.205612,0.217211,0.283810
-2.253700,0.184119,0.185072,0.188798,0.368950
1.393500,0.210233,0.213469,0.214567,0.369030
-1.743400,0.158562,0.144656,0.159139,0.151360
1.039400,0.191894,0.183821,0.194974,0.279530
-0.303720,0.224777,0.226461,0.230486,0.367600
1.486200,0.204573,0.203719,0.207870,0.307340
-0.664610,0.211615,0.203345,0.215707,0.276200
-0.256640,0.220028,0.217900,0.225146,0.338900
-0.699350,0.206204,0.194398,0.209637,0.246840
-1.827200,0.169639,0.160512,0.171711,0.218400
2.598000,0.123841,0.123790,0.125685,0.338960
-2.276400,0.182194,0.181727,0.186729,0.356270
2.857300,0.102688,0.092645,0.104357,0.433880
-0.225290,0.216151,0.211093,0.220789,0.316220
-2.076300,0.189342,0.193879,0.194187,0.389710
1.298800,0.211732,0.216583,0.216604,0.398720
1.319100,0.211808,0.216602,0.216616,0.395840
-0.397690,0.229926,0.236019,0.236282,0.398370
-2.408100,0.166063,0.154522,0.169359,0.256410
-0.143430,0.203761,0.190473,0.206883,0.249210
2.752000,0.113071,0.108471,0.115096,0.035624
2.510000,0.127800,0.128436,0.129156,0.171760
-0.619240,0.217832,0.214030,0.222686,0.312760
-1.906100,0.178605,0.174868,0.181888,0.285080
2.814000,0.107238,0.099604,0.109095,0.284800
2.860300,0.102359,0.092143,0.104014,0.432800
1.181400,0.206908,0.208664,0.211553,0.376330
-0.764440,0.194873,0.176783,0.196946,0.192120
-0.588550,0.221410,0.220374,0.226707,0.335320
-1.923900,0.180340,0.177794,0.183858,0.299500
-0.380000,0.229422,0.235071,0.235715,0.395670
-2.082200,0.189452,0.194097,0.194321,0.391440
-0.726980,0.201560,0.186992,0.204432,0.223360
-2.100500,0.189671,0.194554,0.194602,0.395760
2.261800,0.134888,0.133678,0.133984,0.354690
1.123200,0.201847,0.200122,0.206007,0.343300
-1.741300,0.158274,0.144273,0.158811,0.149770
-1.972800,0.184436,0.184898,0.188522,0.336250
-2.674300,0.116423,0.082553,0.116406,0.068617
2.219400,0.136251,0.134462,0.134958,0.151920
-1.973500,0.184487,0.184989,0.188580,0.336740
-2.573200,0.136837,0.109889,0.138060,0.125460
2.341200,0.132736,0.132428,0.132610,0.195220
2.290200,0.134075,0.133212,0.133446,0.398130
2.867100,0.101608,0.090997,0.103228,0.423970
-2.267200,0.183007,0.183138,0.187603,0.361610
-0.389610,0.229723,0.235637,0.236054,0.397330
2.348400,0.132553,0.132317,0.132498,0.160710
-1.872600,0.175032,0.168992,0.177830,0.256990
1.208000,0.208650,0.211607,0.213436,0.387020
-0.504330,0.228246,0.232875,0.234394,0.382440
-2.418800,0.164423,0.151853,0.167595,0.247340
-0.300960,0.224536,0.226021,0.230215,0.366130
-0.279580,0.222510,0.222345,0.227937,0.353810
-0.370630,0.229066,0.234403,0.235314,0.393630
-2.353200,0.173750,0.167279,0.177635,0.301830
0.993380,0.185351,0.173641,0.187682,0.240660
0.829670,0.159026,0.138464,0.158203,0.114300
-2.111100,0.189712,0.194664,0.194669,0.397550
-0.238050,0.217794,0.213957,0.222635,0.325740
2.646500,0.121016,0.120025,0.123012,0.109420
2.629100,0.122087,0.121484,0.124039,0.185620
-0.578880,0.222424,0.222196,0.227846,0.341940
2.587400,0.124394,0.124491,0.126193,0.376130
-0.823580,0.183683,0.160957,0.184440,0.146220
-0.025300,0.182050,0.158825,0.182583,0.152760
2.819000,0.106732,0.098829,0.108570,0.312700
-0.392120,0.229791,0.235765,0.236130,0.397680
2.780800,0.110466,0.104528,0.112429,0.116010
-0.450130,0.230110,0.236367,0.236490,0.397360
1.282000,0.211500,0.216267,0.216402,0.399590
2.301100,0.133779,0.133041,0.133257,0.377680
-0.345550,0.227813,0.232062,0.233902,0.386160
1.895000,0.158229,0.148563,0.156182,0.038682
-0.028873,0.182741,0.159737,0.183356,0.155430
1.193300,0.207733,0.210060,0.212447,0.381500
1.646300,0.187931,0.179322,0.188819,0.174560
2.826600,0.105953,0.097637,0.107761,0.351620
-0.349450,0.228036,0.232478,0.234154,0.387510
-0.940870,0.161008,0.134337,0.159200,0.074924
-2.176100,0.188580,0.192833,0.193553,0.396400
-2.072100,0.188392,0.192807,0.193183,0.388390
0.879400,0.167210,0.148264,0.167384,0.148400
1.180400,0.206835,0.208541,0.211474,0.375860
1.225900,0.209611,0.213218,0.214463,0.392430
-0.460660,0.229910,0.235991,0.236265,0.395540
1.033300,0.191064,0.182505,0.194051,0.274420
1.346900,0.211555,0.216002,0.216229,0.388710
2.260200,0.134935,0.133705,0.134016,0.348810
-0.662960,0.211859,0.203756,0.215980,0.277570
-0.052093,0.187205,0.165788,0.188345,0.173290
0.989450,0.184765,0.172752,0.187027,0.237310
-2.170300,0.188779,0.193172,0.193760,0.397340
-0.641100,0.214967,0.209052,0.219468,0.295510
1.263000,0.211053,0.215578,0.215964,0.398890
-0.956210,0.158154,0.131579,0.156035,0.067808
-0.476760,0.229453,0.235131,0.235751,0.391730
-0.399380,0.229963,0.236088,0.236323,0.398550
-0.360240,0.228600,0.233530,0.234788,0.390890
-1.713400,0.154423,0.139321,0.154435,0.129920
-2.079000,0.189394,0.193983,0.194251,0.390510
-1.901400,0.178128,0.174071,0.181345,0.281170
-2.266000,0.183110,0.183316,0.187714,0.362300
-0.705380,0.205214,0.192799,0.208527,0.241710
1.474000,0.204666,0.204381,0.208087,0.316760
-0.725160,0.201874,0.187485,0.204784,0.224900
1.276800,0.211397,0.216113,0.216305,0.399570
-1.986500,0.185392,0.186600,0.189614,0.345480
-2.189600,0.188045,0.191910,0.192990,0.393570
-0.171800,0.208384,0.197961,0.212068,0.273200
-0.415180,0.230206,0.236546,0.236597,0.399540
1.787100,0.170536,0.159389,0.169458,0.081691
0.155330,0.148385,0.123650,0.145113,0.051955
-0.289910,0.223525,0.224180,0.229078,0.359960
-2.101700,0.189678,0.194572,0.194613,0.396000
1.085000,0.197665,0.193169,0.201384,0.316020
-1.874800,0.175278,0.169390,0.178110,0.258860
0.159610,0.147677,0.123144,0.144328,0.050406
1.113400,0.200836,0.198429,0.204891,0.336690
2.592300,0.124141,0.124172,0.125961,0.360760
2.376700,0.131832,0.131860,0.132053,0.059410
0.903870,0.171236,0.153490,0.171896,0.166870
2.214500,0.136423,0.134561,0.135087,0.131160
1.428600,0.208536,0.210428,0.212527,0.348690
-2.174800,0.188626,0.192912,0.193601,0.396620
-0.822370,0.183917,0.161271,0.184701,0.147100
0.944850,0.177864,0.162618,0.179315,0.199760
0.976540,0.182811,0.169821,0.184845,0.226330
-2.239400,0.185190,0.186940,0.189947,0.375970
-0.168990,0.207940,0.197231,0.211570,0.270850
-1.815900,0.168215,0.158354,0.170096,0.208960
-0.008723,0.178832,0.154666,0.178991,0.140670
-0.291020,0.223630,0.224371,0.229196,0.360600
-2.842900,0.082589,0.044699,0.080992,0.018926
-0.405380,0.230076,0.236301,0.236451,0.399070
-0.696170,0.206720,0.195237,0.210215,0.249550
0.538000,0.123783,0.115288,0.118417,0.014739
-0.656310,0.212829,0.205397,0.217069,0.283080
-2.556500,0.140094,0.114549,0.141533,0.136990
-2.255500,0.183976,0.184824,0.188645,0.368000
1.582400,0.194461,0.188549,0.196313,0.227270
-0.492320,0.228837,0.233978,0.235058,0.386900
-0.401520,0.230006,0.236169,0.236372,0.398760
-0.593840,0.220832,0.219340,0.226057,0.331600
0.717400,0.141790,0.122260,0.138822,0.056773
-1.844800,0.171796,0.163847,0.174159,0.233390
1.216500,0.209128,0.212410,0.213948,0.389760
-0.630060,0.216445,0.211609,0.221129,0.304320
1.019800,0.189186,0.179550,0.191959,0.263090
1.715800,0.179359,0.168810,0.179206,0.123740
2.566300,0.125428,0.125763,0.127126,0.397890
2.837800,0.104783,0.095847,0.106544,0.399070
0.478920,0.121703,0.115607,0.115975,0.010333
-2.389300,0.168836,0.159079,0.172344,0.272310
1.093300,0.198627,0.194758,0.202450,0.322230
-2.441800,0.160755,0.145953,0.163653,0.227780
-0.597690,0.220401,0.218571,0.225573,0.328840
-2.251800,0.184268,0.185331,0.188958,0.369940
-2.387600,0.169080,0.159482,0.172606,0.273730
0.964720,0.180989,0.167131,0.182809,0.216350
2.280000,0.134360,0.133375,0.133631,0.398410
-0.270240,0.221537,0.220595,0.226843,0.347940
-0.646760,0.214185,0.207709,0.218590,0.290920
-1.827400,0.168805,0.159600,0.170845,0.218600
-2.315300,0.178277,0.174973,0.182512,0.330570
-0.493330,0.228791,0.233892,0.235006,0.386550
1.101000,0.199494,0.196194,0.203409,0.327910
-0.227090,0.216388,0.211504,0.221055,0.317580
0.949450,0.178594,0.163660,0.180131,0.203570
1.440900,0.207807,0.209159,0.211663,0.340570
2.556600,0.125876,0.126296,0.127522,0.381400
-2.049100,0.188589,0.192440,0.193296,0.379730
-1.862500,0.173882,0.167145,0.176526,0.248440
2.278700,0.134397,0.133396,0.133655,0.397150
2.611200,0.123121,0.122857,0.125015,0.277090
-0.368930,0.228995,0.234270,0.235233,0.393220
-0.606880,0.219338,0.216682,0.224378,0.322100
1.204500,0.208442,0.211257,0.213212,0.385800
1.233100,0.209949,0.213780,0.214820,0.394220
1.474000,0.204666,0.204381,0.208087,0.316790
-0.322200,0.226261,0.229186,0.232155,0.376690
-1.994600,0.185916,0.187539,0.190214,0.350700
1.599100,0.193460,0.186824,0.195087,0.213130
2.880100,0.100148,0.088775,0.101698,0.384420
-0.315800,0.225772,0.228286,0.231606,0.373690
1.083200,0.197453,0.192820,0.201149,0.314660
-2.136800,0.189551,0.194458,0.194544,0.399570
2.875700,0.100645,0.089531,0.102220,0.400670
1.337100,0.211691,0.216294,0.216418,0.391640
1.441100,0.207795,0.209138,0.211649,0.340420
1.530500,0.200664,0.197482,0.203339,0.271260
0.742810,0.145432,0.125091,0.142923,0.067394
-2.363000,0.172472,0.165131,0.176259,0.293940
1.772600,0.172307,0.161167,0.171401,0.089357
-0.272440,0.221771,0.221015,0.227106,0.349340
2.249300,0.135268,0.133896,0.134247,0.300510
-1.817200,0.168380,0.158602,0.170284,0.210060
1.383100,0.210623,0.214191,0.215044,0.374230
2.839500,0.104603,0.095572,0.106356,0.404730
-0.537940,0.226072,0.228844,0.231948,0.366720
-1.693700,0.151700,0.136005,0.151339,0.116880
2.308900,0.133572,0.132921,0.133126,0.351770
-2.283000,0.181584,0.180669,0.186073,0.352210
1.150400,0.204419,0.204452,0.208835,0.360220
-2.035800,0.188078,0.191484,0.192701,0.373670
2.217800,0.136307,0.134494,0.135000,0.144820
-2.172200,0.188716,0.193065,0.193694,0.397050
-0.406980,0.230102,0.236350,0.236480,0.399180
1.039900,0.191961,0.183928,0.195049,0.279980
-2.588700,0.133774,0.105581,0.134800,0.115280
-1.926400,0.180573,0.178192,0.184124,0.301500
2.847900,0.103707,0.094202,0.105422,0.425770
-0.640960,0.214986,0.209085,0.219490,0.295620
1.212900,0.208930,0.212078,0.213736,0.388660
-2.239300,0.185197,0.186952,0.189955,0.376010
1.483500,0.204789,0.204073,0.208121,0.309430
-0.371100,0.229086,0.234439,0.235335,0.393740
-2.132800,0.189600,0.194535,0.194590,0.399470
1.043800,0.192484,0.184762,0.195631,0.283140
-0.650300,0.213687,0.206858,0.218032,0.288030
-2.349500,0.174221,0.168074,0.178143,0.304780
1.497700,0.202765,0.201259,0.205871,0.298270
-0.488360,0.229010,0.234301,0.235252,0.388230
1.095200,0.198844,0.195115,0.202690,0.323670
-0.604190,0.219654,0.217243,0.224733,0.324090
-0.086813,0.193733,0.175111,0.195649,0.201380
0.671830,0.135812,0.118479,0.132081,0.040999
-0.515050,0.227636,0.231738,0.233707,0.377920
1.749800,0.175122,0.164110,0.174505,0.102290
-2.026400,0.187660,0.190712,0.192218,0.368980
0.975140,0.182597,0.169503,0.184606,0.225150
-2.466300,0.155790,0.138471,0.158350,0.207090
-0.286970,0.223243,0.223669,0.228760,0.358250
-0.402130,0.230018,0.236191,0.236385,0.398810
0.116700,0.155052,0.128963,0.152510,0.067610
-2.002100,0.185514,0.187457,0.189842,0.355360
-2.320500,0.177696,0.173979,0.181887,0.326770
-0.898070,0.169181,0.143014,0.168280,0.097508
2.189600,0.137352,0.135098,0.135808,0.052937
-2.125000,0.189671,0.194637,0.194653,0.399040
-0.393410,0.229825,0.235828,0.236167,0.397860
-0.382240,0.229498,0.235214,0.235800,0.396100
-0.603430,0.219743,0.217400,0.224833,0.324650
1.458000,0.206685,0.207239,0.210341,0.328610
-2.152100,0.189277,0.194014,0.194273,0.399240
1.582400,0.194461,0.188549,0.196313,0.227230
2.612900,0.123026,0.122732,0.124926,0.268320
2.638800,0.121498,0.120686,0.123476,0.140880
-2.547000,0.141925,0.117204,0.143487,0.143730
-1.970200,0.184244,0.184560,0.188303,0.334460
2.618000,0.122737,0.122351,0.124654,0.241890
2.300800,0.133787,0.133046,0.133262,0.378570
2.545900,0.126350,0.126847,0.127936,0.346690
-0.955750,0.158239,0.131659,0.156129,0.068012
2.617700,0.122754,0.122373,0.124670,0.243800
-0.121090,0.199917,0.184439,0.202574,0.230200
2.867900,0.101519,0.090861,0.103135,0.422250
2.670200,0.119451,0.117835,0.121489,0.042894
-0.394330,0.229847,0.235871,0.236193,0.397980
2.296300,0.133909,0.133116,0.133339,0.389010
1.192200,0.206800,0.209031,0.211473,0.381030
-1.770600,0.162266,0.149712,0.163344,0.172080
2.555400,0.125930,0.126359,0.127570,0.378400
1.244900,0.210443,0.214594,0.215338,0.396570
-1.580600,0.136859,0.121126,0.134407,0.058013
1.333400,0.211729,0.216382,0.216475,0.392630
0.027866,0.171721,0.146009,0.171058,0.115870
-0.162560,0.206913,0.195551,0.210418,0.265430
-1.858300,0.173395,0.166369,0.175973,0.244880
2.663600,0.119899,0.118469,0.121928,0.057108
2.896400,0.098276,0.085937,0.099733,0.304820
-0.317680,0.225918,0.228555,0.231770,0.374590
-1.783000,0.163927,0.152062,0.165230,0.181920
1.021800,0.189468,0.179991,0.192273,0.264780
1.608600,0.192377,0.185309,0.193855,0.205200
-2.098800,0.189658,0.194525,0.194584,0.395430
-2.063500,0.189037,0.193290,0.193823,0.385410
-2.180500,0.188417,0.192552,0.193382,0.395580
1.244700,0.210435,0.214581,0.215330,0.396540
0.944530,0.177813,0.162545,0.179258,0.199490
2.289900,0.134084,0.133217,0.133451,0.398420
1.830200,0.165407,0.154555,0.163871,0.061672
-2.567500,0.137954,0.111478,0.139251,0.129340
-0.695610,0.206811,0.195385,0.210317,0.250030
-2.612800,0.128950,0.098943,0.129672,0.100540
-2.065900,0.189101,0.193413,0.193899,0.386270
-0.194000,0.211770,0.203602,0.215869,0.291540
-0.447970,0.230141,0.236426,0.236525,0.397670
1.340300,0.211652,0.216208,0.216362,0.390730
-2.307100,0.179166,0.176498,0.183470,0.336300
-2.643300,0.122765,0.090695,0.123113,0.083678
2.357100,0.132332,0.132180,0.132362,0.123040
1.957500,0.152107,0.144116,0.149790,0.023498
-0.675100,0.210036,0.200700,0.213935,0.267410
1.314400,0.211811,0.216633,0.216636,0.396690
-0.196820,0.212184,0.204301,0.216334,0.293830
2.913600,0.096253,0.082888,0.097606,0.209490
0.123750,0.153801,0.127893,0.151121,0.064522
2.885800,0.099498,0.087789,0.101017,0.359170
-1.878700,0.175711,0.170092,0.178601,0.262200
-0.931790,0.162719,0.136060,0.161098,0.079377
-2.383200,0.169706,0.160518,0.173280,0.277350
-2.423100,0.163751,0.150766,0.166873,0.243610
-0.132520,0.201904,0.187536,0.204801,0.239920
-0.009387,0.178962,0.154830,0.179135,0.141150
-0.674720,0.210094,0.200796,0.214000,0.267730
1.619600,0.191102,0.183555,0.192408,0.196130
2.883800,0.099727,0.088135,0.101257,0.368500
1.502100,0.203249,0.201567,0.206329,0.294710
-0.374370,0.229216,0.234683,0.235482,0.394500
-0.462810,0.229860,0.235896,0.236208,0.395100
-2.472500,0.155580,0.137793,0.158098,0.201930
-2.189800,0.188037,0.191895,0.192981,0.393530
-1.996400,0.186028,0.187741,0.190342,0.351840
1.348900,0.211521,0.215931,0.216183,0.388040
2.773900,0.111107,0.105501,0.113087,0.090310
1.146200,0.204045,0.203821,0.208425,0.357810
-0.856470,0.177283,0.152662,0.177302,0.123300
-0.537990,0.226068,0.228837,0.231943,0.366690
1.033400,0.191078,0.182526,0.194066,0.274530
-1.811800,0.167692,0.157569,0.169502,0.205560
-0.389940,0.229733,0.235655,0.236064,0.397370
2.877300,0.100465,0.089257,0.102031,0.395200
-0.144150,0.203882,0.190666,0.207018,0.249830
1.390500,0.210351,0.213686,0.214710,0.370610
-0.305360,0.224917,0.226718,0.230644,0.368460
1.392500,0.210273,0.213542,0.214615,0.369540
-2.085000,0.189497,0.194188,0.194377,0.392200
-2.121800,0.189690,0.194661,0.194667,0.398780
-2.127600,0.189651,0.194610,0.194636,0.399220
1.199100,0.208108,0.210694,0.212853,0.383770
-1.990000,0.185622,0.187012,0.189878,0.347790
-0.309050,0.225227,0.227286,0.230993,0.370360
1.314000,0.211810,0.216634,0.216637,0.396750
-2.218300,0.186568,0.189342,0.191420,0.384760
1.077000,0.196711,0.191602,0.200326,0.309880
-2.335500,0.175948,0.170999,0.180003,0.315590
1.217200,0.209165,0.212473,0.213988,0.390000
-0.051354,0.187064,0.165592,0.188187,0.172710
-2.276500,0.182185,0.181711,0.186719,0.356180
1.213600,0.208969,0.212144,0.213778,0.388860
2.852100,0.103254,0.093509,0.104949,0.431480
-2.124900,0.189672,0.194638,0.194653,0.399030
-0.261920,0.220627,0.218966,0.225819,0.342480
-1.701100,0.152722,0.137231,0.152501,0.121690
2.544600,0.126406,0.126911,0.127984,0.341190
-0.175870,0.209021,0.199012,0.212783,0.276590
-0.518210,0.227441,0.231376,0.233487,0.376500
-0.452260,0.230076,0.236303,0.236452,0.397040
1.666000,0.185535,0.176248,0.186119,0.159280
1.467200,0.206031,0.206136,0.209573,0.321860
-0.174230,0.208765,0.198589,0.212496,0.275230
1.266600,0.211153,0.215736,0.216064,0.399150
-1.972200,0.184392,0.184821,0.188471,0.335840
-0.698230,0.206386,0.194694,0.209841,0.247790
-0.741850,0.198954,0.182948,0.201513,0.210830
1.375500,0.210874,0.214663,0.215355,0.377740
2.870200,0.101262,0.090471,0.102866,0.417000
-0.412630,0.230179,0.236495,0.236566,0.399460
-0.564250,0.223849,0.224777,0.229449,0.351430
0.219310,0.138565,0.117813,0.134252,0.032441
2.830600,0.105538,0.097002,0.107329,0.370390
1.813000,0.167426,0.156402,0.166062,0.069185
-0.169870,0.208080,0.197460,0.211727,0.271580
2.839800,0.104571,0.095524,0.106323,0.405820
-0.456080,0.230007,0.236173,0.236374,0.396400
2.277300,0.134436,0.133419,0.133681,0.395390
2.851900,0.103275,0.093542,0.104971,0.431300
1.438000,0.207985,0.209467,0.211874,0.342530
-0.120540,0.199820,0.184290,0.202466,0.229730
2.855400,0.102895,0.092961,0.104574,0.433620
-0.101390,0.196400,0.179076,0.198635,0.213550
2.843800,0.104146,0.094873,0.105880,0.417040
-2.648700,0.121663,0.089258,0.121946,0.080906
-1.731800,0.156966,0.142557,0.157325,0.142890
-1.970600,0.184274,0.184612,0.188337,0.334730
1.270600,0.211255,0.215896,0.216166,0.399380
0.813900,0.156465,0.135646,0.155327,0.104560
-1.757200,0.160450,0.147201,0.161283,0.161710
-2.131700,0.189612,0.194553,0.194601,0.399430
2.851300,0.103340,0.093641,0.105039,0.430720
1.433200,0.208271,0.209965,0.212213,0.345730
-0.314600,0.225677,0.228112,0.231499,0.373120
1.171600,0.206173,0.207421,0.210753,0.371640
1.300700,0.211749,0.216601,0.216616,0.398540
-2.021500,0.187425,0.190279,0.191946,0.366410
0.751460,0.146714,0.126172,0.144366,0.071322
2.619200,0.122668,0.122259,0.124589,0.235840
2.614800,0.122919,0.122591,0.124825,0.258720
1.896000,0.158124,0.148482,0.156072,0.038390
-0.697870,0.206445,0.194789,0.209906,0.248100
-0.475850,0.229483,0.235189,0.235785,0.391980
-2.169800,0.188795,0.193200,0.193776,0.397410
-2.249600,0.184437,0.185627,0.189140,0.371020
1.086700,0.197005,0.192568,0.200710,0.317290
1.360000,0.211295,0.215476,0.215887,0.384130
-1.962300,0.183644,0.183503,0.187619,0.328830
-1.958000,0.183305,0.182909,0.187233,0.325730
-0.744950,0.198402,0.182103,0.200896,0.208240
1.509500,0.202601,0.200530,0.205579,0.288690
1.628000,0.190116,0.182217,0.191289,0.189220
2.356400,0.132350,0.132191,0.132373,0.125970
1.780900,0.171291,0.160140,0.170285,0.084899
2.306400,0.133638,0.132960,0.133167,0.361090
-0.427660,0.230272,0.236671,0.236672,0.399450
-1.807700,0.167165,0.156784,0.168905,0.202120
2.460100,0.129507,0.130083,0.130483,0.024896
2.846500,0.103857,0.094432,0.105579,0.423130
-0.003686,0.177853,0.153429,0.177897,0.137100
1.615100,0.191626,0.184272,0.193002,0.199780
1.157700,0.205048,0.205517,0.209524,0.364330
-2.283700,0.181517,0.180555,0.186001,0.351780
-0.462840,0.229859,0.235895,0.236208,0.395100
-1.569800,0.135578,0.120144,0.132939,0.053815
-2.490900,0.152340,0.132783,0.154625,0.186850
2.305100,0.133672,0.132980,0.133189,0.365490
-0.480710,0.229312,0.234868,0.235593,0.390610
-0.272150,0.221741,0.220959,0.227071,0.349150
0.014842,0.174249,0.148999,0.173876,0.124390
1.474700,0.205472,0.205203,0.208919,0.316210
-1.716500,0.154852,0.139857,0.154923,0.132110
2.100000,0.141613,0.137573,0.139481,0.006465
1.227300,0.209679,0.213332,0.214535,0.392820
1.374900,0.210892,0.214698,0.215378,0.377980
-1.791400,0.165040,0.153664,0.166493,0.188750
2.262700,0.134861,0.133662,0.133965,0.358340
-1.806800,0.167049,0.156611,0.168773,0.201370
-2.017000,0.187198,0.189863,0.191684,0.364000
1.094400,0.198753,0.194965,0.202589,0.323060
1.767100,0.172983,0.161861,0.172145,0.092395
1.025400,0.189972,0.180782,0.192835,0.267850
-2.345300,0.174749,0.168966,0.178711,0.308030
2.829000,0.105704,0.097257,0.107502,0.363270
2.266000,0.134763,0.133607,0.133899,0.369240
1.254900,0.210802,0.215177,0.215709,0.398050
-1.034500,0.144580,0.120694,0.141030,0.039065
1.086700,0.197005,0.192568,0.200710,0.317260
-0.586060,0.221677,0.220852,0.227006,0.337050
-2.508900,0.149080,0.127820,0.151134,0.172510
1.647300,0.187810,0.179164,0.188683,0.173780
-0.388710,0.229698,0.235589,0.236025,0.397190
2.863600,0.101995,0.091588,0.103633,0.429670
1.323900,0.211794,0.216550,0.216583,0.394880
2.307600,0.133606,0.132941,0.133147,0.356680
1.054000,0.193826,0.186916,0.197124,0.291520
-0.431980,0.230269,0.236666,0.236668,0.399240
-1.943300,0.182087,0.180790,0.185845,0.314720
2.215000,0.136405,0.134551,0.135074,0.133090
1.416700,0.209176,0.211558,0.213291,0.356060
-0.313600,0.225598,0.227966,0.231409,0.372630
-1.260000,0.121022,0.114052,0.115471,0.008483
1.441300,0.207782,0.209116,0.211634,0.340320
1.703400,0.180906,0.170607,0.180931,0.132110
2.235400,0.135711,0.134151,0.134562,0.229940
-0.239590,0.217986,0.214295,0.222851,0.326860
0.057546,0.166011,0.139625,0.164696,0.097821
1.196500,0.207942,0.210414,0.212673,0.382770
1.495100,0.203843,0.202528,0.207020,0.300320
2.824200,0.106200,0.098015,0.108018,0.339790
1.344800,0.211588,0.216072,0.216274,0.389380
1.235700,0.210064,0.213971,0.214942,0.394790
1.022800,0.189608,0.180211,0.192429,0.265600
1.075800,0.196565,0.191364,0.200165,0.308940
-1.853900,0.172880,0.165551,0.175388,0.241130
-0.364150,0.228784,0.233874,0.234996,0.391980
-0.668480,0.211039,0.202375,0.215059,0.272960
1.565400,0.197149,0.192153,0.199299,0.241730
2.283500,0.134261,0.133319,0.133566,0.400460
-0.565550,0.223728,0.224556,0.229312,0.350610
2.543800,0.126440,0.126950,0.128014,0.338090
1.117900,0.201305,0.199214,0.205410,0.339760
-2.250200,0.184391,0.185547,0.189090,0.370740
-2.065800,0.189099,0.193408,0.193896,0.386230
-2.150900,0.189303,0.194057,0.194299,0.399310
-2.186400,0.188181,0.192146,0.193134,0.394330
-0.433180,0.230265,0.236659,0.236665,0.399170
-0.377340,0.229328,0.234893,0.235608,0.395130
-2.376900,0.170587,0.161982,0.174229,0.282630
2.897500,0.098148,0.085743,0.099599,0.299040
-0.631240,0.216290,0.211340,0.220954,0.303390
-0.556690,0.224533,0.226023,0.230218,0.356070
-1.057600,0.140985,0.118522,0.137073,0.032787
0.831000,0.159244,0.138709,0.158447,0.115150
-0.558100,0.224408,0.225795,0.230077,0.355220
1.326500,0.211781,0.216512,0.216558,0.394300
-1.189600,0.125348,0.113721,0.120033,0.011834
-2.009700,0.186807,0.189151,0.191236,0.359850
2.375700,0.131858,0.131877,0.132069,0.062076
-0.452390,0.230074,0.236299,0.236449,0.397020
1.402900,0.209835,0.212743,0.214084,0.364010
1.276400,0.211389,0.216100,0.216296,0.399570
2.269800,0.134652,0.133543,0.133824,0.380480
0.912180,0.172595,0.155310,0.173418,0.173360
0.796070,0.153607,0.132655,0.152117,0.094190
1.072300,0.196138,0.190665,0.199691,0.306200
0.927490,0.175081,0.158709,0.176201,0.185570
1.741400,0.176167,0.165238,0.175660,0.107400
-0.441180,0.230218,0.236570,0.236611,0.398490
-0.064888,0.189635,0.169194,0.191063,0.183470
-2.349600,0.174209,0.168053,0.178130,0.304670
-1.827400,0.168805,0.159600,0.170845,0.218580
-1.972400,0.184406,0.184847,0.188488,0.336020
-0.026338,0.182251,0.159089,0.182808,0.153530
-2.405600,0.166440,0.155138,0.169764,0.258530
2.841900,0.104349,0.095183,0.106091,0.411870
-2.061600,0.188985,0.193189,0.193761,0.384720
2.292700,0.134007,0.133173,0.133402,0.395250
-0.523830,0.227077,0.230702,0.233079,0.373870
-2.734900,0.104016,0.067560,0.103344,0.044969
1.532500,0.200472,0.197185,0.203118,0.269610
2.871300,0.101139,0.090283,0.102737,0.414130
1.232000,0.209899,0.213698,0.214768,0.393960
1.328900,0.211766,0.216472,0.216533,0.393740
-0.413120,0.230184,0.236505,0.236573,0.399480
-0.067106,0.190054,0.169789,0.191531,0.185260
-0.037245,0.184357,0.161896,0.185161,0.161770
-2.316800,0.178111,0.174688,0.182333,0.329450
-1.908000,0.178796,0.175188,0.182104,0.286630
2.294500,0.133958,0.133144,0.133370,0.392400
-0.566110,0.223675,0.224461,0.229253,0.350260
-0.221250,0.215613,0.210161,0.220184,0.313130
1.310700,0.210945,0.215747,0.215747,0.397280
-0.289040,0.223442,0.224030,0.228984,0.359460
1.402000,0.209875,0.212816,0.214133,0.364500
-0.368910,0.228994,0.234268,0.235232,0.393210
1.256900,0.210867,0.215282,0.215775,0.398280
2.528500,0.127078,0.127665,0.128558,0.265030
2.572200,0.125147,0.125423,0.126875,0.399740
2.312300,0.133482,0.132869,0.133070,0.338150
1.079700,0.197036,0.192135,0.200687,0.311930
-0.627110,0.216829,0.212278,0.221560,0.306640
1.150800,0.204454,0.204512,0.208873,0.360450
-1.830700,0.170074,0.161178,0.172205,0.221350
-0.508700,0.228007,0.232429,0.234124,0.380660
-1.486000,0.126982,0.115223,0.123032,0.028864
2.916400,0.095919,0.082387,0.097255,0.194790
2.558800,0.125776,0.126178,0.127434,0.386650
2.865700,0.101763,0.091234,0.103390,0.426430
-2.648900,0.121622,0.089205,0.121903,0.080792
1.126200,0.202148,0.200626,0.206339,0.345290
1.310400,0.211803,0.216642,0.216642,0.397320
1.354600,0.211413,0.215711,0.216040,0.386120
1.754400,0.174552,0.163502,0.173875,0.099602
1.310700,0.210945,0.215747,0.215747,0.397270
-1.658100,0.146830,0.130490,0.145794,0.095332
1.585100,0.195023,0.189050,0.196869,0.224950
1.397400,0.210073,0.213176,0.214372,0.367030
-0.529710,0.226674,0.229956,0.232625,0.370990
1.617800,0.191312,0.183841,0.192646,0.197560
-2.130300,0.189627,0.194574,0.194614,0.399370
-2.509300,0.149007,0.127709,0.151056,0.172160
-0.474760,0.229519,0.235256,0.235826,0.392270
-1.987300,0.185445,0.186695,0.189675,0.346060
-1.937900,0.181616,0.179978,0.185310,0.310560
-2.913500,0.069555,0.032771,0.067544,0.009947
-1.811400,0.167641,0.157492,0.169444,0.205200
-0.175990,0.209040,0.199042,0.212804,0.276700
-2.090700,0.189576,0.194351,0.194477,0.393640
2.287400,0.134153,0.133256,0.133496,0.400090
-1.916000,0.179585,0.176515,0.183000,0.293160
-2.173500,0.188672,0.192989,0.193648,0.396850
-2.674400,0.116402,0.082527,0.116385,0.068537
1.003500,0.186843,0.175920,0.189347,0.249280
-1.823200,0.169138,0.159749,0.171143,0.215090
-0.585260,0.221762,0.221004,0.227102,0.337610
0.990850,0.184974,0.173069,0.187261,0.238500
-2.751600,0.100623,0.063680,0.099787,0.039701
-0.458350,0.229961,0.236086,0.236322,0.395990
2.210700,0.136559,0.134639,0.135190,0.115770
-0.118620,0.199482,0.183768,0.202087,0.228100
-1.941800,0.181957,0.180566,0.185698,0.313560
-2.019300,0.187315,0.190078,0.191820,0.365250
1.216700,0.209138,0.212428,0.213959,0.389830
-0.661000,0.212147,0.204242,0.216303,0.279200
-1.078900,0.137871,0.116924,0.133654,0.027785
-0.377530,0.229334,0.234906,0.235616,0.395170
-2.634700,0.124516,0.093000,0.124968,0.088217
1.198200,0.208051,0.210598,0.212791,0.383430
-0.558920,0.224335,0.225662,0.229995,0.354720
-2.733200,0.104362,0.067961,0.103708,0.045540
-0.579270,0.222384,0.222125,0.227802,0.341680
-0.620450,0.217680,0.213764,0.222515,0.311820
-2.350400,0.174107,0.167882,0.178020,0.304040
-0.422530,0.230258,0.236645,0.236656,0.399580
-0.833700,0.181720,0.158353,0.182250,0.138940
1.554900,0.198242,0.193783,0.200553,0.250620
-0.541160,0.225824,0.228388,0.231669,0.364980
2.586800,0.124424,0.124529,0.126221,0.377690
-0.757090,0.196216,0.178788,0.198448,0.198150
2.896500,0.098264,0.085919,0.099721,0.304280
-0.203280,0.213119,0.205886,0.217384,0.299030
-2.139600,0.189510,0.194395,0.194505,0.399600
2.851700,0.103297,0.093575,0.104994,0.431090
-0.835910,0.181291,0.157790,0.181771,0.137380
2.834000,0.105183,0.096459,0.106960,0.384920
-2.344900,0.174799,0.169050,0.178765,0.308380
-2.173100,0.188685,0.193013,0.193662,0.396900
-0.384970,0.229586,0.235379,0.235899,0.396580
-0.613120,0.218588,0.215359,0.223536,0.317430
-2.306600,0.179219,0.176589,0.183527,0.336680
1.635600,0.189214,0.181011,0.190268,0.183090
-0.374100,0.229205,0.234664,0.235470,0.394430
