0.013546,1.348025,1.105608,1.309840,1.607700
0.150080,0.460469,0.652892,0.664680,0.700370
-0.233090,0.302196,0.422262,0.388622,0.346000
-0.449640,0.179924,0.247888,0.244419,0.238100
0.744240,0.172167,0.227546,0.265657,0.199660
0.805590,0.138508,0.203050,0.200944,0.190390
0.072545,1.430794,0.965900,1.152795,1.305500
0.105330,0.855160,0.836753,0.956307,1.041000
0.117940,0.935965,0.783824,0.871164,0.938350
-2.016200,0.028590,0.026552,0.031872,0.034505
-0.045069,1.207810,1.064486,1.221692,1.488800
1.257000,0.098818,0.126573,0.118582,0.119520
0.186970,0.298980,0.525502,0.492655,0.495080
-0.726840,0.200768,0.220009,0.220775,0.202230
0.091904,0.980027,0.891917,1.043070,1.151600
0.510670,0.290717,0.235067,0.231602,0.231180
0.109440,0.878225,0.819550,0.928749,1.007200
0.284000,0.228899,0.341388,0.310632,0.277010
-0.125900,1.104920,0.784807,0.894762,0.875470
1.801400,0.002823,0.033771,0.026370,0.051988
-1.164600,0.162304,0.125588,0.123476,0.133680
0.433850,0.321179,0.257294,0.264881,0.239820
0.142580,0.545199,0.682300,0.709500,0.751670
1.391800,0.046523,0.105709,0.095639,0.099978
-1.101900,0.161232,0.133574,0.133562,0.143520
0.178090,0.359002,0.553198,0.526326,0.537080
-0.002579,1.546647,1.112911,1.304522,1.619700
-1.194600,0.094295,0.123402,0.110511,0.129020
0.775560,0.306277,0.216410,0.236234,0.194960
-0.005521,1.519725,1.112673,1.301677,1.618000
0.229160,0.429443,0.421208,0.384289,0.354750
-0.019600,1.261088,1.104906,1.281198,1.594300
-0.125320,1.110636,0.787184,0.898029,0.879980
1.937300,0.006982,0.032682,0.034408,0.040323
-0.108580,1.067338,0.855253,0.986180,1.014300
-0.386440,0.093260,0.260229,0.212474,0.245200
-1.364200,0.209848,0.130750,0.150512,0.103870
0.030309,1.307946,1.082830,1.294637,1.559100
0.095840,0.907689,0.875969,1.018306,1.119300
1.082300,0.200538,0.160572,0.171928,0.146630
-0.888510,0.250931,0.182822,0.182338,0.177480
0.500500,0.263660,0.237515,0.241574,0.232370
-0.577120,0.168860,0.239518,0.230426,0.222970
-0.771270,0.229057,0.211477,0.215194,0.195610
0.181510,0.335329,0.542294,0.512797,0.520320
-0.043619,1.196043,1.067632,1.225678,1.496700
-0.126920,1.056442,0.777112,0.881882,0.867570
-0.782950,0.227834,0.208969,0.211972,0.193840
-0.969260,0.163068,0.160958,0.160149,0.164650
0.052072,1.259909,1.031975,1.240042,1.447700
-1.323000,0.184389,0.128572,0.136222,0.109770
0.410710,0.211707,0.265210,0.258620,0.242360
1.774400,0.001324,0.035105,0.026765,0.054563
-0.052497,1.240175,1.046908,1.200350,1.445100
-0.651060,0.255244,0.231097,0.229306,0.213070
0.226220,0.445707,0.427082,0.389834,0.361730
-0.064688,1.104660,1.013161,1.162176,1.363400
-0.128430,1.074769,0.774442,0.880364,0.855910
-1.675900,0.010942,0.060815,0.039433,0.064670
-0.722770,0.193115,0.220707,0.221147,0.202830
0.208560,0.449996,0.466609,0.428426,0.411860
-3.530000,0.000000,0.000000,0.000000,0.000518
0.962000,0.160643,0.162694,0.153933,0.165810
-0.000621,1.551114,1.112801,1.306113,1.620100
-0.144630,0.867528,0.708575,0.783676,0.737330
-0.420740,0.208763,0.251723,0.223691,0.241250
-0.019048,1.269303,1.105414,1.282196,1.595700
0.452810,0.298881,0.251213,0.266602,0.237750
0.870950,0.039555,0.177488,0.150025,0.180240
0.177220,0.364036,0.556018,0.529882,0.541430
-0.049656,1.237159,1.053913,1.208691,1.462400
-0.475290,0.357298,0.246086,0.257891,0.235260
0.710400,0.413914,0.233540,0.273629,0.204630
-0.116410,1.129570,0.823601,0.946482,0.950600
0.167580,0.386762,0.588516,0.572486,0.592860
0.708970,0.421284,0.233642,0.273263,0.204840
0.840280,0.160374,0.188085,0.166143,0.185030
0.081470,1.250438,0.932872,1.105019,1.236100
1.893000,0.000006,0.032686,0.025617,0.043900
1.527400,0.061948,0.086060,0.092690,0.082028
-0.029249,1.171421,1.093426,1.261539,1.563200
0.035750,1.319499,1.072256,1.284757,1.536000
0.142190,0.551361,0.683854,0.711906,0.754440
-0.318860,0.231383,0.296974,0.271508,0.258720
0.972320,0.117960,0.162234,0.153140,0.164160
0.913640,0.134034,0.167779,0.150469,0.173500
-0.647870,0.229575,0.231497,0.229381,0.213510
-0.077744,1.057233,0.971185,1.116866,1.265500
-0.412200,0.171688,0.253383,0.218720,0.242200
0.831090,0.133852,0.191814,0.173994,0.186460
-0.126920,1.056442,0.777112,0.881882,0.867580
-0.281630,0.390125,0.336401,0.322422,0.278850
0.211260,0.467182,0.460078,0.421852,0.403210
0.022665,1.272367,1.095091,1.304362,1.585600
0.715800,0.366851,0.233049,0.274491,0.203850
-1.567400,0.111789,0.089662,0.104326,0.077101
-0.269190,0.408368,0.354150,0.337653,0.290220
0.697330,0.402235,0.234052,0.268238,0.206530
0.064586,1.423025,0.993372,1.190635,1.364200
-0.778790,0.234550,0.209874,0.213237,0.194470
-0.146750,0.847468,0.700087,0.770652,0.722810
1.241300,0.100612,0.129826,0.117957,0.121890
0.212190,0.471078,0.457870,0.419650,0.400330
-0.214980,0.371695,0.467066,0.431331,0.391900
0.324830,0.325367,0.306890,0.278970,0.256770
-0.121390,1.135060,0.803276,0.919811,0.910820
0.197020,0.322477,0.496599,0.459937,0.453130
0.053533,1.270173,1.027788,1.234939,1.438600
1.999700,0.031225,0.030263,0.033532,0.035668
-0.014254,1.355611,1.109134,1.290229,1.606400
-0.957590,0.150253,0.164034,0.165930,0.166510
1.330600,0.176973,0.113837,0.112512,0.108670
-0.666150,0.286804,0.229151,0.228349,0.210960
0.733280,0.185326,0.230249,0.271598,0.201280
1.227000,0.076837,0.132959,0.118760,0.124070
-0.082466,1.059160,0.954749,1.099209,1.228100
0.130200,0.812476,0.732623,0.788770,0.842450
-1.254000,0.106799,0.123250,0.099019,0.119980
0.045878,1.262668,1.048704,1.259680,1.484300
-0.055917,1.221902,1.038028,1.190029,1.423300
0.451130,0.309625,0.251740,0.266676,0.237940
-0.136730,0.953036,0.740526,0.831633,0.793710
0.082384,1.225881,0.929375,1.099836,1.228800
1.720100,0.031753,0.040258,0.031905,0.059987
1.147700,0.158561,0.151313,0.162410,0.136310
0.043832,1.275385,1.053852,1.265450,1.495600
1.381500,0.061936,0.106965,0.097051,0.101420
1.380700,0.060188,0.107064,0.097196,0.101540
-0.505680,0.205224,0.244665,0.258152,0.231760
1.252800,0.105817,0.127423,0.118326,0.120160
-0.021765,1.232585,1.102756,1.277145,1.588300
0.451230,0.309023,0.251708,0.266673,0.237930
0.117370,0.934097,0.786220,0.875032,0.942930
-1.115000,0.087770,0.131617,0.133715,0.141450
0.251060,0.250971,0.383143,0.348853,0.313250
-0.533590,0.262913,0.243130,0.246769,0.228420
0.933690,0.159973,0.165015,0.153358,0.170320
1.270800,0.088313,0.123879,0.119494,0.117470
0.702290,0.426548,0.233965,0.270811,0.205810
-1.500700,0.112565,0.110292,0.109388,0.085416
-0.262670,0.388732,0.364538,0.345523,0.297520
-0.824370,0.145986,0.199348,0.195088,0.187500
0.515990,0.288970,0.233881,0.226142,0.230540
-0.001669,1.550120,1.112887,1.305291,1.619900
1.013000,0.169481,0.161754,0.151234,0.157670
-0.089044,1.025751,0.930915,1.073329,1.175000
1.291600,0.086990,0.120102,0.119801,0.114370
0.131400,0.785322,0.727668,0.780861,0.833370
-0.008138,1.478962,1.112056,1.298705,1.615600
-0.028556,1.175151,1.094412,1.263082,1.565800
-1.778000,0.072965,0.047631,0.059254,0.054215
-0.046551,1.219323,1.061172,1.217556,1.480500
-0.056625,1.215187,1.036131,1.187854,1.418700
-0.463730,0.311653,0.246772,0.253082,0.236550
-0.247690,0.249932,0.391497,0.364874,0.318550
-0.255150,0.329447,0.377514,0.354873,0.307280
0.713010,0.394724,0.233324,0.274149,0.204250
0.067645,1.446919,0.983057,1.176655,1.342100
-0.225370,0.398469,0.440438,0.404630,0.363820
0.055860,1.295055,1.020938,1.226441,1.423700
0.058049,1.325968,1.014295,1.218039,1.409300
0.773450,0.311739,0.217285,0.238602,0.195280
0.007690,1.458841,1.109943,1.310022,1.616100
-0.046051,1.215561,1.062301,1.218958,1.483300
-0.096759,0.992568,0.901777,1.040862,1.111700
0.320670,0.343911,0.309784,0.281763,0.258110
0.200110,0.356169,0.488236,0.450915,0.441340
-0.660530,0.297216,0.229887,0.228819,0.211750
1.320200,0.153893,0.115412,0.115506,0.110180
-0.354480,0.215557,0.273477,0.228334,0.249870
-0.272900,0.410348,0.348580,0.333175,0.286500
0.072020,1.435903,0.967774,1.155435,1.309500
0.430730,0.304107,0.258325,0.264170,0.240160
0.807670,0.140517,0.202104,0.198546,0.190070
-0.881110,0.216758,0.184805,0.182758,0.178640
-1.187800,0.110590,0.123781,0.113569,0.130080
0.287400,0.237623,0.337909,0.307502,0.274530
1.028700,0.212880,0.161826,0.153247,0.155160
-0.479480,0.336089,0.245871,0.259005,0.234780
0.065152,1.429105,0.991487,1.181299,1.360100
1.423000,0.116483,0.102026,0.095430,0.095693
-0.187280,0.280597,0.550295,0.538054,0.493700
0.831990,0.136759,0.191439,0.173172,0.186320
0.178350,0.357400,0.552358,0.525272,0.535760
0.107550,0.865397,0.827472,0.941459,1.022800
0.126060,0.890112,0.749812,0.816325,0.874230
0.001880,1.540586,1.112349,1.307782,1.619900
0.067321,1.445515,0.984165,1.178170,1.344400
-0.423090,0.210072,0.251313,0.225229,0.241000
0.471350,0.201784,0.245562,0.262129,0.235700
0.616350,0.263193,0.227063,0.196858,0.217810
0.658590,0.160960,0.231487,0.233873,0.212020
-1.427100,0.111934,0.126246,0.126127,0.095132
-0.051875,1.240862,1.048471,1.202195,1.449000
-0.152100,0.781143,0.678870,0.737692,0.687070
-1.326200,0.171292,0.128834,0.138151,0.109310
1.437000,0.117894,0.100363,0.096180,0.093794
1.293400,0.080436,0.119790,0.119712,0.114110
0.775370,0.307023,0.216490,0.236449,0.194990
0.106630,0.860402,0.831322,0.947624,1.030300
-0.489930,0.261246,0.245379,0.260239,0.233590
0.149990,0.461205,0.653240,0.665200,0.700940
0.952710,0.189608,0.163273,0.154271,0.167290
0.074104,1.411141,0.960288,1.144838,1.293600
1.077200,0.171579,0.160889,0.170053,0.147430
-0.009653,1.450323,1.111524,1.296800,1.613800
-0.602500,0.267739,0.236847,0.228159,0.219650
0.049715,1.252681,1.038539,1.247898,1.462100
0.432280,0.313090,0.257812,0.264534,0.239990
0.120100,0.937799,0.774751,0.856515,0.921110
1.212500,0.045500,0.136281,0.121798,0.126270
1.284500,0.100390,0.121354,0.119947,0.115420
-0.088071,1.032354,0.934504,1.077257,1.182900
1.195400,0.073934,0.140330,0.128951,0.128910
-0.100420,1.001658,0.887578,1.024589,1.081500
0.012776,1.361489,1.106287,1.310008,1.609100
0.041846,1.289514,1.058664,1.270710,1.506100
0.485900,0.219723,0.241385,0.253736,0.234050
2.666700,0.000004,0.006108,0.009366,0.007523
-0.163960,0.523100,0.633146,0.665486,0.613630
0.310900,0.330837,0.317064,0.288626,0.261750
1.536000,0.098159,0.084157,0.091198,0.080957
-0.138440,0.931010,0.733574,0.821355,0.781230
-1.255300,0.104993,0.123309,0.099276,0.119770
0.229910,0.424725,0.419741,0.382909,0.353030
-0.055465,1.225695,1.039229,1.191410,1.426300
-0.887900,0.250217,0.182986,0.182373,0.177570
-1.340600,0.079919,0.129862,0.145448,0.107230
-1.924600,0.003560,0.032083,0.020881,0.041326
-0.221920,0.412481,0.449002,0.412786,0.372600
-0.711570,0.161399,0.222557,0.222338,0.204460
-0.010631,1.430646,1.111114,1.295501,1.612500
-2.399300,0.000007,0.018820,0.017356,0.014808
1.620700,0.064153,0.061527,0.061739,0.070831
-1.413700,0.066098,0.128057,0.133451,0.096960
-0.139060,0.923590,0.731058,0.817612,0.776780
-0.129490,1.060117,0.770100,0.874263,0.847840
-0.080440,1.060851,0.961875,1.106875,1.244200
-0.141420,0.897954,0.721503,0.803295,0.759870
0.060521,1.365152,1.006569,1.208079,1.392600
-0.422280,0.210210,0.251452,0.224692,0.241090
-0.115190,1.122982,0.828562,0.952850,0.960490
-0.031813,1.160798,1.089566,1.255669,1.553000
-0.128560,1.073025,0.773909,0.879618,0.854930
-0.523960,0.269747,0.243721,0.251318,0.229590
-0.125870,1.105228,0.784930,0.894931,0.875730
0.005155,1.502273,1.111225,1.309333,1.618300
0.014451,1.333231,1.104769,1.309584,1.606000
0.685510,0.268262,0.233792,0.259876,0.208220
-0.801130,0.207532,0.204875,0.205129,0.191070
0.514010,0.291272,0.234314,0.228184,0.230780
1.133700,0.209437,0.154064,0.170648,0.138500
-0.527570,0.279829,0.243508,0.249647,0.229150
-0.351720,0.199343,0.274924,0.230910,0.250370
0.367930,0.255516,0.282560,0.257085,0.247690
0.061271,1.377035,1.004179,1.204960,1.387400
-0.953880,0.143972,0.165026,0.167623,0.167100
0.027314,1.290918,1.088001,1.299019,1.570300
-0.169860,0.406808,0.611214,0.630850,0.580210
0.078229,1.331754,0.945109,1.122978,1.261700
-0.577900,0.169865,0.239441,0.230277,0.222870
1.097200,0.178146,0.159318,0.176001,0.144260
-0.024295,1.206209,1.099929,1.272137,1.580600
0.139210,0.605366,0.695804,0.730505,0.775710
-1.004300,0.115742,0.152273,0.141656,0.159050
-1.044500,0.067845,0.143614,0.129989,0.152650
-0.123800,1.123138,0.793411,0.906527,0.891890
0.018455,1.285697,1.100511,1.307699,1.597200
0.002830,1.532072,1.112084,1.308308,1.619600
0.940920,0.195079,0.164259,0.153972,0.169170
0.003285,1.527194,1.111940,1.308537,1.619400
-0.331630,0.147963,0.287247,0.254071,0.254830
0.803360,0.134224,0.204066,0.203540,0.190730
-1.150400,0.166312,0.127049,0.128225,0.135900
-1.816000,0.009803,0.042690,0.048222,0.050636
1.846700,0.007526,0.032718,0.024660,0.047869
-0.067313,1.074492,1.005170,1.153450,1.344500
-0.425360,0.206477,0.250935,0.226770,0.240750
-0.043041,1.191425,1.068860,1.227250,1.499800
-0.494640,0.236784,0.245167,0.260084,0.233050
-0.111540,1.095055,0.843345,0.971501,0.990090
-0.152080,0.781456,0.678948,0.737815,0.687180
0.035350,1.319969,1.073084,1.285568,1.537800
-0.140350,0.909097,0.725831,0.809800,0.767520
0.440960,0.339774,0.254978,0.266122,0.239050
0.044865,1.268563,1.051277,1.262581,1.490000
1.551800,0.116546,0.080391,0.087491,0.079004
-1.360800,0.189788,0.130698,0.150388,0.104350
0.613470,0.291942,0.226855,0.195077,0.218190
-0.019703,1.259598,1.104810,1.281010,1.594000
-0.259420,0.368338,0.370012,0.349506,0.301550
-0.537610,0.229972,0.242861,0.244829,0.227930
0.517340,0.286138,0.233591,0.224748,0.230380
-1.018800,0.054124,0.148980,0.135570,0.156740
-1.183500,0.104858,0.124056,0.115510,0.130750
0.140350,0.583274,0.691218,0.723345,0.767500
0.538390,0.121315,0.229719,0.204079,0.227840
0.040017,1.301932,1.062931,1.275257,1.515500
0.404370,0.181791,0.267513,0.257021,0.243070
-0.045434,1.210734,1.063679,1.220679,1.486800
0.176040,0.369993,0.559874,0.534781,0.547420
0.064957,1.427086,0.992138,1.188978,1.361500
-0.015070,1.339320,1.108589,1.288944,1.604800
-0.113120,1.108377,0.836958,0.963501,0.977240
-1.723000,0.011508,0.054231,0.045825,0.059688
-0.013105,1.379209,1.109840,1.291978,1.608500
1.009300,0.137913,0.161742,0.151055,0.158260
1.069500,0.095818,0.161267,0.166986,0.148660
-0.113060,1.107900,0.837201,0.963807,0.977720
-0.524800,0.273172,0.243672,0.250935,0.229490
-0.528980,0.279925,0.243422,0.248980,0.228980
-2.265200,0.022398,0.023210,0.025526,0.020248
0.314320,0.345482,0.314434,0.286173,0.260380
-0.002652,1.546264,1.112911,1.304458,1.619600
-0.535960,0.244954,0.242973,0.245624,0.228130
-0.760770,0.183230,0.213642,0.217252,0.197190
-0.075985,1.053224,0.977150,1.123260,1.279200
-0.059269,1.183103,1.028871,1.179619,1.401100
0.011129,1.392271,1.107629,1.310221,1.611700
-0.895520,0.230286,0.180930,0.181895,0.176370
-0.817240,0.155611,0.201075,0.198110,0.188600
-0.933100,0.119765,0.170662,0.175427,0.170410
-2.356300,0.000007,0.022098,0.019475,0.016405
1.127000,0.221475,0.155251,0.173504,0.139560
0.128670,0.844567,0.738959,0.798908,0.854110
-0.613250,0.195048,0.235636,0.228372,0.218220
-0.559440,0.138502,0.241162,0.235363,0.225220
1.567000,0.054409,0.076474,0.082757,0.077152
-0.555470,0.132904,0.241500,0.236860,0.225720
1.827900,0.009019,0.033001,0.025580,0.049545
0.328190,0.303521,0.304635,0.276771,0.255780
-0.731260,0.203763,0.219235,0.220393,0.201580
0.035541,1.319772,1.072690,1.285182,1.536900
-1.316700,0.139308,0.124156,0.124338,0.110690
0.212880,0.473314,0.456245,0.418036,0.398210
-0.007210,1.494894,1.112318,1.299806,1.616600
-0.104580,1.030234,0.871202,1.005383,1.047200
-0.476370,0.353335,0.246029,0.258211,0.235130
0.217960,0.475081,0.444643,0.406655,0.383350
-0.147850,0.836190,0.695699,0.763882,0.715310
0.782190,0.251125,0.213581,0.228601,0.193960
0.065263,1.430218,0.991116,1.187603,1.359300
0.615290,0.275371,0.226984,0.196189,0.217950
1.448600,0.076498,0.098939,0.096666,0.092234
0.432150,0.312371,0.257855,0.264504,0.240010
-0.229220,0.357302,0.431204,0.396283,0.354630
1.183600,0.078476,0.143153,0.136078,0.130730
-0.023568,1.213092,1.100776,1.273605,1.582900
0.049082,1.252635,1.040261,1.249928,1.465800
-0.054201,1.234123,1.042544,1.195246,1.434400
-1.553800,0.126535,0.094153,0.108915,0.078755
-0.157140,0.684652,0.659196,0.706737,0.654870
0.311710,0.335179,0.316433,0.288040,0.261410
1.111500,0.189749,0.157624,0.176870,0.142000
-0.616820,0.164709,0.235226,0.228516,0.217740
1.549600,0.119009,0.080935,0.088085,0.079272
1.726500,0.031751,0.039434,0.030820,0.059335
0.258750,0.228744,0.371918,0.338484,0.302410
0.033879,1.319766,1.076061,1.288435,1.544300
0.906390,0.129212,0.169041,0.149351,0.174650
-0.064765,1.103642,1.012930,1.161923,1.362900
0.009617,1.421761,1.108727,1.310240,1.613800
0.030039,1.306551,1.083315,1.295062,1.560100
-1.240600,0.063938,0.122793,0.097834,0.121990
0.068627,1.449364,0.979680,1.172016,1.334800
-0.105610,1.039288,0.867113,1.000508,1.038700
-0.102370,1.013115,0.879931,1.015682,1.065400
0.130750,0.800209,0.730350,0.785140,0.838280
0.851270,0.144794,0.183942,0.158492,0.183320
0.073554,1.418816,0.962276,1.147665,1.297800
0.419970,0.241764,0.261962,0.261255,0.241340
-2.141500,0.000000,0.020412,0.008748,0.026590
-0.081685,1.060353,0.957509,1.102181,1.234400
0.158830,0.405727,0.619894,0.616259,0.644410
0.366920,0.256525,0.283035,0.257367,0.247840
0.249000,0.262158,0.386326,0.351799,0.316450
0.004706,1.508906,1.111415,1.309164,1.618600
-0.068898,1.061727,1.000230,1.148090,1.332800
-1.739300,0.022293,0.052285,0.051640,0.058033
0.056918,1.309281,1.017751,1.222430,1.416800
0.924350,0.125372,0.166175,0.152158,0.171800
0.071770,1.438058,0.968663,1.156686,1.311400
0.043211,1.279735,1.055377,1.267131,1.498900
-1.453500,0.080760,0.121565,0.114380,0.091587
0.091451,0.989947,0.893738,1.045876,1.155400
-0.288830,0.342173,0.327279,0.313187,0.273550
0.413180,0.219524,0.264331,0.259303,0.242090
-1.117400,0.073127,0.131273,0.133628,0.141070
-0.364450,0.218274,0.268684,0.220527,0.248220
0.069857,1.448448,0.975405,1.166103,1.325700
-0.158910,0.643943,0.652368,0.695940,0.643930
-2.740200,0.000535,0.004728,0.006712,0.006167
-1.391300,0.126691,0.130088,0.144611,0.100060
0.110180,0.883918,0.816445,0.923758,1.001200
-0.673490,0.204949,0.224393,0.219788,0.209930
-0.183340,0.299037,0.563533,0.557533,0.511680
-0.367720,0.199330,0.267252,0.218511,0.247720
-0.323820,0.203035,0.293001,0.264589,0.257090
0.375170,0.207108,0.279265,0.255511,0.246660
0.083877,1.185080,0.923622,1.091263,1.216800
0.695550,0.388130,0.234053,0.267170,0.206780
-0.158420,0.655449,0.654254,0.698924,0.646930
0.215860,0.477129,0.449363,0.411256,0.389350
-1.465000,0.049103,0.119131,0.111239,0.090051
-0.732260,0.203466,0.219057,0.220309,0.201430
-0.892950,0.243550,0.181625,0.182069,0.176780
0.153110,0.437978,0.641295,0.647412,0.680510
-0.098822,0.995524,0.893802,1.031763,1.094700
0.016481,1.305096,1.102720,1.308783,1.601800
-0.349430,0.182980,0.276167,0.233174,0.250800
-0.833060,0.147489,0.197209,0.191715,0.186150
-0.014116,1.358411,1.109223,1.290442,1.606600
-2.709800,0.000535,0.005905,0.007030,0.006699
-0.485550,0.291048,0.245579,0.259990,0.234090
-1.158300,0.194912,0.126206,0.125747,0.134650
-0.469340,0.353604,0.246419,0.255719,0.235920
0.526730,0.234192,0.231709,0.215139,0.229260
-0.881740,0.221546,0.184637,0.182721,0.178540
0.370220,0.247448,0.281499,0.256501,0.247360
0.086558,1.111859,0.913171,1.075545,1.195200
1.557800,0.099753,0.078876,0.085750,0.078270
0.011656,1.382193,1.107216,1.310175,1.610900
1.101000,0.170883,0.158915,0.176571,0.143650
2.122900,0.013144,0.019649,0.017529,0.027664
-1.370200,0.220585,0.130771,0.150225,0.103010
-0.092967,1.001891,0.916243,1.057120,1.142900
-1.248700,0.102040,0.123037,0.098232,0.120770
0.160160,0.400395,0.615016,0.609298,0.636250
-1.073700,0.112505,0.138200,0.130950,0.148000
-0.063365,1.123043,1.017096,1.166505,1.372800
0.704400,0.429861,0.233890,0.271715,0.205500
-0.838750,0.139707,0.195789,0.189770,0.185270
0.237150,0.366080,0.406196,0.370242,0.337590
-0.058251,1.196584,1.031698,1.182811,1.408000
-0.165350,0.491872,0.627926,0.657221,0.605570
0.168660,0.386092,0.584764,0.567419,0.586820
0.207250,0.438626,0.469844,0.431717,0.416180
0.027998,1.294936,1.086861,1.298084,1.567900
-0.535850,0.245893,0.242980,0.245677,0.228150
0.039840,1.303033,1.063336,1.275682,1.516400
-1.164300,0.164536,0.125616,0.123590,0.133720
-0.973730,0.170070,0.159800,0.157793,0.163940
-0.574010,0.165194,0.239822,0.231080,0.223370
0.222700,0.461255,0.434372,0.396767,0.370560
0.280680,0.218631,0.344916,0.313813,0.279600
0.650910,0.142608,0.230610,0.226062,0.213090
0.235310,0.383054,0.409533,0.373352,0.341320
-0.760740,0.183102,0.213648,0.217256,0.197190
1.142700,0.181684,0.152334,0.165655,0.137100
-0.080097,1.060708,0.963070,1.108159,1.247000
0.004928,1.505676,1.111322,1.309249,1.618500
-1.094500,0.181888,0.134734,0.133077,0.144690
1.619500,0.066515,0.061859,0.062207,0.070963
1.083000,0.202541,0.160525,0.172171,0.146510
0.033189,1.318646,1.077420,1.289717,1.547300
0.067363,1.445713,0.984021,1.177974,1.344100
0.016998,1.299211,1.102162,1.308528,1.600600
0.150910,0.453887,0.649698,0.659899,0.694900
0.099214,0.868744,0.862132,0.996590,1.091500
0.018234,1.287448,1.100769,1.307835,1.597700
1.082500,0.201160,0.160559,0.171998,0.146600
0.292840,0.245102,0.332606,0.302740,0.270950
0.015708,1.314904,1.103527,1.309125,1.603400
1.174900,0.067277,0.145218,0.142207,0.132080
0.504670,0.278321,0.236484,0.237590,0.231880
-0.147400,0.840907,0.697492,0.766652,0.718360
-0.102890,1.016800,0.877883,1.013278,1.061100
1.157600,0.107657,0.149185,0.155301,0.134770
0.527280,0.229471,0.231607,0.214588,0.229190
-0.043713,1.196802,1.067431,1.225422,1.496200
-0.653190,0.270257,0.230828,0.229231,0.212770
-0.039883,1.169600,1.075294,1.235658,1.516200
-0.026893,1.185548,1.096677,1.266705,1.571800
-0.154980,0.730110,0.667587,0.719974,0.668470
-0.151090,0.796261,0.682851,0.743915,0.693690
0.116340,0.929487,0.790551,0.882024,0.951140
0.114890,0.920767,0.796649,0.891866,0.962850
-1.035600,0.053745,0.145405,0.131106,0.154060
0.002401,1.536202,1.112210,1.308078,1.619700
0.399220,0.147350,0.269438,0.255962,0.243660
0.742730,0.170270,0.227960,0.266645,0.199880
-1.191500,0.106109,0.123566,0.111898,0.129500
0.634020,0.067033,0.228698,0.210195,0.215410
-0.032762,1.158250,1.088054,1.253434,1.549100
-0.437280,0.156748,0.249229,0.235419,0.239450
1.421500,0.107800,0.102202,0.095356,0.095892
1.453800,0.058310,0.098280,0.096798,0.091546
-0.261450,0.382030,0.366569,0.347010,0.299000
0.152040,0.445459,0.645371,0.653451,0.687450
-1.380400,0.194780,0.130591,0.148333,0.101570
-0.059057,1.186004,1.029463,1.180286,1.402500
-2.452000,0.038155,0.013825,0.014247,0.013033
-1.493700,0.103349,0.112168,0.109015,0.086316
-1.217300,0.009872,0.122673,0.101698,0.125540
-1.389000,0.145184,0.130221,0.145523,0.100370
-0.610100,0.223097,0.235995,0.228268,0.218640
-0.036684,1.157372,1.081331,1.243856,1.531700
-0.456950,0.240456,0.247263,0.249227,0.237300
-0.124300,1.119435,0.791363,0.903742,0.887950
-1.587700,0.069479,0.082985,0.092956,0.074675
-0.033182,1.157387,1.087370,1.252434,1.547300
2.009300,0.025756,0.029582,0.030789,0.034982
0.032387,1.316575,1.078969,1.291157,1.550700
-0.638820,0.160521,0.232614,0.229372,0.214760
0.016588,1.303833,1.102606,1.308732,1.601500
0.697840,0.405765,0.234049,0.268531,0.206450
-0.505020,0.206003,0.244696,0.258324,0.231840
0.041382,1.292797,1.059762,1.271891,1.508600
-0.630620,0.126354,0.233604,0.229133,0.215880
1.325500,0.178266,0.114602,0.114057,0.109410
-0.740770,0.187224,0.217513,0.219591,0.200170
-1.575800,0.104868,0.086881,0.100232,0.076093
-0.991150,0.134311,0.155420,0.148363,0.161150
-0.275710,0.408026,0.344521,0.329756,0.283880
-0.197440,0.238824,0.517727,0.492620,0.451470
2.895300,0.000000,0.004797,0.002604,0.003984
-1.538300,0.121317,0.099157,0.111200,0.080675
0.066586,1.441277,0.986664,1.181576,1.349800
0.843100,0.163386,0.186988,0.163990,0.184590
0.127350,0.869243,0.744441,0.807699,0.864240
-0.017410,1.295944,1.106825,1.285070,1.599700
1.097400,0.177621,0.159297,0.176037,0.144240
0.073827,1.415104,0.961290,1.146265,1.295800
-0.252340,0.298618,0.382649,0.358528,0.311320
-0.024743,1.202224,1.099394,1.271221,1.579100
-1.317100,0.179287,0.128069,0.132463,0.110630
1.193100,0.078529,0.140880,0.130211,0.129260
-0.451850,0.194977,0.247687,0.245931,0.237860
-0.049998,1.238312,1.053088,1.207698,1.460400
1.962300,0.047575,0.032153,0.037916,0.038409
0.972790,0.114938,0.162217,0.153097,0.164090
-0.158860,0.645124,0.652561,0.696244,0.644220
0.093902,0.939998,0.883850,1.030582,1.135200
-0.015112,1.338495,1.108560,1.288877,1.604700
-0.501300,0.213516,0.244867,0.259165,0.232280
0.068361,1.448975,0.980598,1.173280,1.336800
-0.217780,0.397486,0.459643,0.423489,0.383850
0.115040,0.921770,0.796018,0.890849,0.961650
1.136600,0.202203,0.153523,0.169173,0.138050
-0.519170,0.243484,0.243989,0.253420,0.230160
2.219300,0.026190,0.009177,0.011572,0.022443
0.947880,0.201187,0.163641,0.154255,0.168060
-0.774420,0.235156,0.210811,0.214426,0.195130
0.005077,1.503447,1.111259,1.309305,1.618400
-0.293090,0.307366,0.322250,0.307542,0.270790
0.357070,0.206266,0.287867,0.260859,0.249420
0.032254,1.316156,1.079223,1.291390,1.551200
0.695070,0.383862,0.234051,0.266869,0.206850
-1.537400,0.116283,0.099442,0.111249,0.080782
0.172480,0.381622,0.571716,0.550093,0.566020
0.313980,0.344489,0.314692,0.286415,0.260510
2.970600,0.000000,0.002146,0.002570,0.003194
-1.088900,0.174954,0.135637,0.132572,0.145570
-2.299200,0.033197,0.023813,0.026173,0.018734
0.719750,0.318662,0.232580,0.274592,0.203270
-1.005000,0.113835,0.152109,0.141324,0.158940
0.760970,0.255193,0.222141,0.251711,0.197160
0.387690,0.105590,0.273958,0.254704,0.245040
0.593320,0.167793,0.225981,0.186262,0.220860
-0.209990,0.312437,0.480749,0.446584,0.407230
-2.304900,0.033038,0.023804,0.025736,0.018489
-0.100090,1.000134,0.888867,1.026079,1.084200
0.680630,0.205650,0.233520,0.255677,0.208920
0.085494,1.140715,0.917337,1.081831,1.203800
1.118100,0.214694,0.156680,0.176006,0.140960
-0.977770,0.170676,0.158765,0.155621,0.163290
0.079276,1.306779,0.941184,1.117249,1.253400
-1.151700,0.176610,0.126906,0.127847,0.135690
-1.546700,0.139321,0.096466,0.110321,0.079632
0.005387,1.498691,1.111123,1.309415,1.618100
-1.075700,0.121011,0.137853,0.131162,0.147670
0.731950,0.192316,0.230528,0.272115,0.201480
-0.075599,1.052378,0.978447,1.124650,1.282100
1.086000,0.205924,0.160308,0.173166,0.146040
-0.097949,0.993567,0.897186,1.035636,1.101900
1.646600,0.006318,0.054632,0.052149,0.067892
0.458830,0.254090,0.249344,0.265904,0.237090
0.370660,0.245013,0.281297,0.256398,0.247290
0.914350,0.133371,0.167663,0.150583,0.173390
-0.269140,0.408302,0.354226,0.337713,0.290270
-1.065900,0.080582,0.139580,0.130218,0.149230
0.766520,0.292788,0.220055,0.246098,0.196330
0.094695,0.925953,0.880631,1.025578,1.128700
-0.212970,0.348621,0.472507,0.437274,0.397940
-0.019785,1.258422,1.104732,1.280860,1.593800
0.048249,1.253696,1.042500,1.252547,1.470700
0.091409,0.990882,0.893906,1.046135,1.155700
0.204100,0.404821,0.477799,0.439916,0.426970
-0.080425,1.060847,0.961927,1.106931,1.244400
-0.790130,0.217279,0.207379,0.209502,0.192750
0.028667,1.298874,1.085723,1.297131,1.565400
-0.397950,0.118192,0.256804,0.213367,0.243810
0.850270,0.149412,0.184304,0.159105,0.183470
-1.791800,0.097248,0.045872,0.057402,0.052891
-0.109070,1.072049,0.853288,0.983778,1.010300
-0.057321,1.207728,1.034246,1.185704,1.414100
-0.185370,0.289778,0.556671,0.547374,0.502310
0.497380,0.251478,0.238310,0.244429,0.232730
-0.096102,0.992852,0.904302,1.043722,1.117100
0.285720,0.233713,0.339611,0.309033,0.275730
0.781120,0.263264,0.214045,0.229849,0.194120
1.142000,0.184484,0.152474,0.166085,0.137210
-0.035948,1.156240,1.082650,1.245694,1.535100
-1.001500,0.121404,0.152930,0.143013,0.159510
0.227410,0.439525,0.424681,0.387564,0.358860
-0.693300,0.145089,0.225369,0.224807,0.207100
0.127430,0.867839,0.744109,0.807165,0.863650
0.113880,0.913537,0.800896,0.898718,0.971100
0.082938,1.210810,0.927246,1.096670,1.224400
-1.049900,0.065393,0.142561,0.129702,0.151780
-0.082114,1.059784,0.955995,1.100551,1.230900
0.083065,1.207341,0.926757,1.095942,1.223300
-0.077863,1.057485,0.970779,1.116430,1.264500
-0.673490,0.204949,0.224393,0.219788,0.209930
-2.070200,0.000000,0.022712,0.016690,0.030899
1.671700,0.039252,0.048727,0.043902,0.065118
-0.133850,0.994531,0.752268,0.848776,0.814950
-0.570770,0.160710,0.240132,0.231859,0.223780
-1.511100,0.066764,0.107384,0.110223,0.084091
-0.065759,1.091154,1.009929,1.158638,1.355700
-0.024310,1.206073,1.099912,1.272107,1.580500
0.045038,1.267492,1.050841,1.262092,1.489000
-1.541300,0.133853,0.098203,0.110976,0.080298
-0.666420,0.285688,0.229115,0.228323,0.210920
-0.982480,0.161168,0.157572,0.153061,0.162540
-0.601480,0.269201,0.236960,0.228164,0.219790
0.129630,0.824812,0.734981,0.792540,0.846780
-0.466820,0.338553,0.246573,0.254602,0.236210
-2.254300,0.022194,0.022838,0.024128,0.020752
1.024800,0.223148,0.161809,0.152550,0.155780
-0.748660,0.166779,0.216027,0.218839,0.199000
0.586660,0.128977,0.225939,0.184942,0.221730
-0.175330,0.343242,0.591438,0.599979,0.551070
-0.590850,0.223470,0.238110,0.228588,0.221190
0.205750,0.423500,0.473601,0.435570,0.421230
0.891000,0.078728,0.172226,0.147903,0.177080
2.092000,0.000466,0.022422,0.016997,0.029530
-0.749010,0.166229,0.215959,0.218802,0.198950
-0.062316,1.138462,1.020171,1.169905,1.380200
-1.502100,0.109813,0.109909,0.109487,0.085238
-0.027450,1.181836,1.095934,1.265504,1.569900
-0.118820,1.136962,0.813778,0.933709,0.931250
-0.370410,0.178795,0.266122,0.217063,0.247330
0.006218,1.485133,1.110731,1.309677,1.617500
-1.794000,0.092383,0.045586,0.056855,0.052689
-2.975600,0.000000,0.000018,0.000000,0.003147
-0.004005,1.536457,1.112856,1.303210,1.619000
0.059573,1.349949,1.009559,1.211958,1.399100
0.576430,0.084945,0.226134,0.184704,0.223060
-0.251700,0.291424,0.383840,0.359377,0.312280
-1.093800,0.182104,0.134845,0.133020,0.144810
-0.030094,1.167355,1.092191,1.259632,1.559900
-0.279970,0.397150,0.338620,0.324500,0.280190
-0.698700,0.140786,0.224563,0.224028,0.206330
-1.378900,0.200477,0.130635,0.148716,0.101780
0.113710,0.912251,0.801611,0.899871,0.972410
-0.070832,1.052304,0.994089,1.141457,1.318400
0.128460,0.848697,0.739830,0.800304,0.855750
0.122530,0.928259,0.764562,0.840075,0.901840
1.508500,0.033779,0.089858,0.094912,0.084417
-0.369260,0.187971,0.266600,0.217658,0.247500
0.969860,0.131964,0.162328,0.153356,0.164550
-0.049939,1.238127,1.053231,1.207870,1.460700
-0.119140,1.137308,0.812471,0.931994,0.928750
0.264480,0.218934,0.364187,0.331370,0.295390
0.264540,0.218822,0.364109,0.331298,0.295320
0.118290,0.936846,0.782353,0.868789,0.935560
0.820650,0.118951,0.196291,0.184266,0.188070
-0.949940,0.131907,0.166085,0.169329,0.167730
-0.871680,0.126272,0.187307,0.183416,0.180120
0.210060,0.460620,0.462958,0.424740,0.407010
0.724550,0.258341,0.231882,0.274115,0.202570
0.613650,0.290574,0.226867,0.195185,0.218170
0.297260,0.252193,0.328523,0.299069,0.268340
-1.267100,0.059510,0.123950,0.102729,0.118010
1.487800,0.087969,0.093440,0.096258,0.087075
0.236100,0.375900,0.408092,0.372008,0.339690
1.117300,0.212246,0.156800,0.176155,0.141090
0.034386,1.320177,1.075048,1.287468,1.542100
-0.003995,1.536550,1.112857,1.303220,1.619000
0.507530,0.285829,0.235798,0.234766,0.231540
-0.057279,1.208201,1.034361,1.185834,1.414400
-0.285170,0.369694,0.331816,0.317929,0.276130
-0.915030,0.150526,0.175612,0.179659,0.173280
-1.604200,0.065515,0.077786,0.080811,0.072731
-1.791500,0.097653,0.045911,0.057471,0.052924
0.004285,1.514784,1.111582,1.308993,1.618900
0.708600,0.422820,0.233666,0.273159,0.204900
0.480010,0.211130,0.243043,0.257635,0.234720
-0.737100,0.196782,0.218187,0.219905,0.200720
-1.316700,0.139308,0.124156,0.124338,0.110680
1.322100,0.165583,0.115120,0.115007,0.109900
0.089521,1.035199,0.901455,1.057722,1.171100
-0.661960,0.297069,0.229701,0.228712,0.211550
-0.028783,1.173891,1.094092,1.262578,1.565000
0.498340,0.255224,0.238063,0.243563,0.232620
0.610220,0.305301,0.226643,0.193213,0.218630
0.241040,0.328142,0.399370,0.363893,0.330100
-0.224240,0.405746,0.443213,0.407228,0.366630
0.663530,0.152318,0.232024,0.238950,0.211330
0.247390,0.272820,0.388868,0.354152,0.319040
-0.119590,1.137522,0.810634,0.929575,0.925130
-1.560800,0.115063,0.091848,0.106872,0.077912
-1.454000,0.080407,0.121464,0.114215,0.091513
-1.365600,0.215109,0.130763,0.150502,0.103660
-0.492680,0.246017,0.245255,0.260200,0.233280
1.319600,0.149615,0.115505,0.115659,0.110270
1.433200,0.129145,0.100819,0.095980,0.094306
0.020331,1.275169,1.098215,1.306386,1.592300
0.030239,1.307589,1.082956,1.288050,1.559400
0.330670,0.284566,0.303017,0.275181,0.255090
0.607760,0.300920,0.226500,0.191908,0.218960
-1.329300,0.151214,0.129078,0.139929,0.108860
-0.084343,1.053427,0.948054,1.091983,1.213100
-1.756300,0.035430,0.050277,0.056831,0.056331
0.147770,0.480985,0.661848,0.678180,0.715850
-1.102900,0.156460,0.133420,0.133608,0.143370
-0.156060,0.708065,0.663384,0.713349,0.661620
0.054308,1.277361,1.025531,1.232159,1.433700
0.028112,1.295609,1.086669,1.297924,1.567400
-0.056388,1.217537,1.036768,1.188583,1.420300
0.049301,1.252565,1.039667,1.249229,1.464500
-0.808990,0.184272,0.203040,0.201730,0.189870
-1.150500,0.167168,0.127038,0.128197,0.135870
-2.453000,0.038155,0.013731,0.014102,0.013000
0.036076,1.318951,1.071575,1.284085,1.534500
-0.092064,1.006516,0.919648,1.060905,1.150300
-0.051057,1.240574,1.050501,1.204605,1.454000
0.161510,0.395967,0.610103,0.602343,0.628150
-0.038977,1.164965,1.077053,1.238014,1.520700
-0.441890,0.152554,0.248683,0.238843,0.238950
0.444930,0.335784,0.253704,0.266531,0.238620
-0.224190,0.406010,0.443337,0.407345,0.366760
-0.472580,0.361283,0.246233,0.256985,0.235560
0.888700,0.070970,0.172764,0.147870,0.177440
-0.801530,0.206759,0.204782,0.204960,0.191010
-0.003329,1.541994,1.112897,1.303848,1.619400
-0.423660,0.209605,0.251216,0.225611,0.240930
-0.000826,1.551175,1.112823,1.305958,1.620100
-0.030857,1.164151,1.091044,1.257887,1.556900
-1.947300,0.003561,0.030782,0.026420,0.039552
0.780770,0.267030,0.214196,0.230257,0.194170
0.779190,0.282495,0.214875,0.232086,0.194410
-0.143160,0.881117,0.714485,0.792678,0.747620
0.064685,1.424136,0.993043,1.190194,1.363400
-0.012293,1.396140,1.110295,1.293171,1.609900
1.119500,0.218290,0.156467,0.175714,0.140740
0.587190,0.131433,0.225938,0.185015,0.221660
-0.514060,0.216839,0.244257,0.255455,0.230770
-0.256150,0.339647,0.375725,0.353598,0.305880
-0.058183,1.197440,1.031886,1.183023,1.408400
0.940930,0.195112,0.164258,0.153973,0.169170
-1.608600,0.067422,0.076459,0.077354,0.072227
1.160500,0.094637,0.148539,0.153112,0.134320
-0.317250,0.237744,0.298320,0.273778,0.259290
1.228200,0.079168,0.132690,0.118620,0.123880
-0.006433,1.507049,1.112501,1.300688,1.617300
-0.602870,0.266898,0.236806,0.228159,0.219600
-0.556040,0.133426,0.241452,0.236637,0.225650
-1.845600,0.000669,0.038936,0.032351,0.047965
-1.282800,0.018414,0.125070,0.110153,0.115670
0.065151,1.429095,0.991491,1.181303,1.360100
0.061359,1.378411,1.003898,1.197803,1.386800
0.131310,0.787405,0.728039,0.781452,0.833980
-0.915850,0.151129,0.175387,0.179518,0.173150
0.265360,0.217264,0.363045,0.330322,0.294380
1.426300,0.129563,0.101637,0.095603,0.095238
0.099107,0.869627,0.862573,0.997285,1.092300
0.029500,1.303635,1.084272,1.295894,1.562200
0.014213,1.337002,1.104994,1.309657,1.606500
-0.007003,1.498241,1.112370,1.300044,1.616800
0.051128,1.255639,1.034633,1.243245,1.453500
-0.714180,0.169237,0.222135,0.222037,0.204080
-0.316610,0.239857,0.298863,0.274682,0.259530
0.008407,1.445273,1.109515,1.310134,1.615300
-0.193350,0.250967,0.530561,0.510049,0.467750
-0.116150,1.128311,0.824659,0.947845,0.952730
0.072515,1.431107,0.966007,1.152946,1.305700
-0.029755,1.168922,1.092691,1.260400,1.561200
-0.106480,1.047295,0.863649,0.996352,1.031500
0.456460,0.272184,0.250076,0.266261,0.237350
-0.351860,0.200277,0.274849,0.230775,0.250340
0.905090,0.126047,0.169283,0.149169,0.174860
1.539300,0.108151,0.083399,0.090530,0.080552
0.525750,0.242212,0.231895,0.216124,0.229370
0.689330,0.319580,0.233942,0.262887,0.207670
1.473900,0.051723,0.095550,0.096745,0.088891
-1.356200,0.150596,0.130584,0.149888,0.105000
-0.120720,1.136610,0.806016,0.923462,0.916140
-0.106710,1.049453,0.862732,0.995248,1.029700
-2.587000,0.000000,0.007055,0.000900,0.009275
0.001918,1.540290,1.112339,1.307805,1.619900
1.484500,0.085686,0.093960,0.096402,0.087498
0.606850,0.296413,0.226451,0.191449,0.219080
0.092430,0.968882,0.889800,1.039799,1.147300
-1.489000,0.079411,0.113390,0.108914,0.086918
-0.599610,0.268591,0.237166,0.228188,0.220030
-0.083355,1.056943,0.951589,1.095802,1.221000
-0.468790,0.350954,0.246452,0.255485,0.235990
0.041885,1.289236,1.058572,1.270610,1.505900
-0.103950,1.024992,0.873697,1.008341,1.052400
-1.578300,0.099516,0.086057,0.098838,0.075800
-0.594350,0.247020,0.237737,0.228366,0.220730
-0.404690,0.137196,0.255079,0.215371,0.243040
-0.131240,1.034302,0.762937,0.864106,0.834560
1.275000,0.093232,0.123090,0.119712,0.116830
0.079153,1.309789,0.941647,1.117926,1.254400
0.749760,0.187461,0.225923,0.261631,0.198840
0.038043,1.312647,1.067356,1.279844,1.525200
-1.366200,0.216815,0.130767,0.150487,0.103580
-0.694410,0.143614,0.225205,0.224645,0.206950
0.715150,0.373935,0.233118,0.274431,0.203940
-0.223010,0.410721,0.446267,0.410137,0.369770
0.000508,1.548574,1.112640,1.306918,1.620100
0.567020,0.045557,0.226598,0.186542,0.224260
1.958500,0.045537,0.032270,0.037665,0.038692
0.219850,0.470791,0.440484,0.402632,0.378130
0.854410,0.126840,0.182827,0.156684,0.182830
-0.112920,1.106778,0.837768,0.964520,0.978870
0.479550,0.210445,0.243174,0.257911,0.234780
0.123440,0.921202,0.760753,0.833935,0.894660
0.128870,0.840567,0.738129,0.797580,0.852610
0.061357,1.378379,1.003904,1.197812,1.386800
1.495000,0.075106,0.092258,0.095881,0.086141
0.654770,0.157543,0.231055,0.229963,0.212550
0.766590,0.293187,0.220028,0.246025,0.196320
-0.845950,0.109496,0.193972,0.187666,0.184150
0.101390,0.855819,0.853141,0.982379,1.073500
-0.008231,1.477283,1.112027,1.298592,1.615500
-0.008048,1.480555,1.112083,1.298813,1.615700
0.465020,0.215548,0.247456,0.264440,0.236410
0.525340,0.245408,0.231973,0.216538,0.229420
-0.053252,1.238253,1.044989,1.198098,1.440400
-0.132420,1.016313,0.758111,0.857202,0.825660
-0.178480,0.322189,0.580310,0.582861,0.535100
-0.659800,0.296590,0.229981,0.228871,0.211850
-0.466860,0.338847,0.246570,0.254621,0.236200
-0.223970,0.407107,0.443881,0.407859,0.367320
-0.199290,0.238130,0.512047,0.485128,0.444420
-0.123260,1.126670,0.795622,0.909524,0.896090
-0.329610,0.161231,0.288679,0.256735,0.255380
0.022110,1.272081,1.095861,1.304882,1.587300
1.337600,0.145353,0.112813,0.110208,0.107660
0.116940,0.932355,0.788028,0.877951,0.946340
-0.074634,1.050549,0.981670,1.128107,1.289600
-0.006722,1.502668,1.112437,1.293672,1.617000
-0.079563,1.060269,0.964925,1.110151,1.251200
-0.042539,1.187514,1.069913,1.228607,1.502500
-1.087400,0.170251,0.135882,0.132422,0.145820
-0.395460,0.111605,0.257492,0.212893,0.244100
-0.953820,0.143829,0.165042,0.167649,0.167110
-1.659400,0.010952,0.063811,0.043977,0.066474
1.339000,0.136249,0.112612,0.109728,0.107450
0.085675,1.135777,0.916630,1.080766,1.202400
-0.360030,0.228993,0.270728,0.223687,0.248920
0.030247,1.307630,1.082941,1.288037,1.559300
0.192910,0.294509,0.508104,0.472669,0.469550
0.328740,0.299496,0.304273,0.276416,0.255620
-0.085248,1.049308,0.944794,1.088454,1.205800
-0.811290,0.175524,0.202496,0.200718,0.189510
2.711300,0.015155,0.008416,0.013046,0.006673
0.070399,1.446611,0.973507,1.163462,1.321700
0.339460,0.210608,0.297572,0.269816,0.252890
-0.153860,0.751347,0.671962,0.726857,0.675660
0.954160,0.184980,0.163172,0.154249,0.167060
-0.849350,0.090055,0.193106,0.186820,0.183620
-0.632430,0.131027,0.233387,0.229200,0.215630
-0.009059,1.461876,1.111748,1.297563,1.614500
0.001026,1.546177,1.112543,1.307259,1.620000
-0.069814,1.056428,0.997337,1.144962,1.326000
-0.978640,0.169723,0.158543,0.155150,0.163150
0.314890,0.346899,0.314005,0.285770,0.260170
-0.053500,1.237358,1.044353,1.197355,1.438800
0.084617,1.164745,0.920753,1.086965,1.210900
-0.184860,0.292146,0.558387,0.549902,0.504610
0.061766,1.384705,1.002591,1.202876,1.384000
-0.306060,0.251995,0.308492,0.289638,0.263860
-1.157900,0.195531,0.126247,0.125883,0.134710
-1.426400,0.112079,0.126350,0.126499,0.095226
-0.265780,0.401133,0.359485,0.341759,0.293910
0.429550,0.296796,0.258718,0.263881,0.240290
-0.131770,1.026248,0.760768,0.861011,0.830560
-2.200200,0.000000,0.020910,0.014257,0.023411
0.306460,0.301137,0.320617,0.291899,0.263680
0.013079,1.356105,1.106024,1.309947,1.608500
1.674300,0.038268,0.048171,0.043114,0.064844
-0.211210,0.327189,0.477350,0.442699,0.403370
0.341940,0.192925,0.296113,0.268391,0.252340
-0.043860,1.197992,1.067116,1.225020,1.495400
0.085522,1.139950,0.917228,1.081667,1.203600
-0.896160,0.226218,0.180756,0.181849,0.176270
1.610600,0.055161,0.064348,0.065730,0.071992
-0.928490,0.136879,0.171923,0.176735,0.171140
-1.617600,0.043851,0.073845,0.070248,0.071177
-0.310000,0.250174,0.304742,0.284060,0.262120
0.440100,0.339267,0.255256,0.266004,0.239140
-0.117940,1.135210,0.817368,0.938403,0.938300
0.404340,0.181609,0.267524,0.257015,0.243080
-0.678350,0.207866,0.227503,0.226939,0.209240
1.246800,0.107551,0.128663,0.118055,0.121070
-0.595980,0.256271,0.237561,0.228292,0.220510
-1.385700,0.168120,0.130387,0.146719,0.100840
0.173870,0.378176,0.567055,0.544019,0.558700
0.349540,0.170555,0.291836,0.264329,0.250780
0.121780,0.932622,0.767704,0.845143,0.907770
1.024100,0.223200,0.161806,0.152439,0.155890
-0.084674,1.052015,0.946864,1.090696,1.210400
-0.173210,0.363016,0.599036,0.611782,0.562160
-0.927540,0.140084,0.172184,0.176985,0.171300
-0.098275,0.994178,0.895924,1.034193,1.099200
-0.307130,0.251353,0.307454,0.288127,0.263370
0.068505,1.449211,0.980101,1.172596,1.335700
2.228400,0.026190,0.008010,0.010493,0.021990
0.311130,0.332118,0.316884,0.288459,0.261650
-1.440600,0.081921,0.124022,0.119449,0.093300
0.809660,0.140142,0.201202,0.196274,0.189760
0.078938,1.315003,0.942454,1.119107,1.256100
-0.063425,1.122179,1.016919,1.166310,1.372400
0.363610,0.249417,0.284616,0.258394,0.248350
-0.682690,0.180409,0.226897,0.226345,0.208620
1.033400,0.179126,0.161839,0.154263,0.154400
0.695140,0.384496,0.234051,0.266913,0.206840
-0.274550,0.409404,0.346180,0.331171,0.284940
1.005600,0.103828,0.161737,0.150978,0.158850
0.445160,0.335238,0.253631,0.266547,0.238590
0.365730,0.255731,0.283599,0.257718,0.248020
-1.768000,0.052972,0.048867,0.058888,0.055186
0.490270,0.228276,0.240188,0.250440,0.233550
-0.292860,0.309188,0.322515,0.307850,0.270940
-0.287760,0.350702,0.328584,0.314584,0.274280
-0.118270,1.136002,0.816022,0.936647,0.935700
-0.775740,0.235998,0.210530,0.214082,0.194940
0.102820,0.852386,0.847207,0.972963,1.061700
-0.143390,0.878972,0.713559,0.791272,0.745990
1.123700,0.223216,0.155801,0.174609,0.140080
-0.874390,0.153741,0.186591,0.183199,0.179700
0.026010,1.283680,1.090105,1.300696,1.574900
-0.712990,0.165631,0.222328,0.222172,0.204260
-1.994500,0.069639,0.028037,0.034013,0.036039
0.756640,0.224576,0.223675,0.255791,0.197810
-0.478780,0.340590,0.245906,0.258843,0.234860
-0.032179,1.159720,1.088988,1.254811,1.551500
1.346600,0.078087,0.111537,0.107076,0.106360
0.608580,0.303704,0.226546,0.192332,0.218850
0.685860,0.273034,0.233808,0.260163,0.208170
0.332490,0.269555,0.301853,0.274034,0.254600
0.477420,0.207255,0.243787,0.259137,0.235020
-0.282780,0.384285,0.334890,0.320972,0.277940
-0.030502,1.165585,1.091581,1.258702,1.558300
1.029000,0.211385,0.161827,0.153307,0.155110
1.019900,0.213300,0.161785,0.151861,0.156560
-1.998900,0.081698,0.027750,0.033907,0.035723
0.105010,0.854237,0.838088,0.958439,1.043600
-0.301810,0.258820,0.312754,0.295602,0.265920
0.078180,1.332884,0.945292,1.123244,1.262100
-0.792220,0.215792,0.206909,0.208720,0.192430
-0.087157,1.038344,0.937855,1.080914,1.190400
-0.082866,1.058275,0.953330,1.097680,1.224900
0.071919,1.436796,0.968133,1.155941,1.310300
0.034728,1.320253,1.074356,1.286803,1.540600
0.416380,0.228920,0.263207,0.260216,0.241730
-0.797270,0.212682,0.205762,0.206730,0.191660
1.589000,0.009978,0.070442,0.074453,0.074517
-0.150120,0.809490,0.686685,0.749894,0.700080
0.232800,0.404102,0.414200,0.377713,0.346620
0.124550,0.909960,0.756112,0.826461,0.885990
0.045345,1.265652,1.050063,1.261217,1.487300
-2.001700,0.081736,0.027563,0.033750,0.035521
0.076425,1.370725,0.951804,1.132680,1.275700
0.292280,0.244519,0.333137,0.303218,0.271300
0.546080,0.062115,0.228629,0.197781,0.226890
-0.769250,0.222279,0.211901,0.215649,0.195920
-0.915900,0.151166,0.175374,0.179509,0.173140
0.050303,1.253422,1.036924,1.245982,1.458500
1.979700,0.021074,0.031438,0.037397,0.037110
-0.006714,1.502789,1.112439,1.293681,1.617100
-0.133670,0.997251,0.753003,0.849840,0.816290
-0.079729,1.060432,0.964349,1.109532,1.249900
0.650000,0.137638,0.230505,0.225152,0.213220
0.940980,0.195273,0.164253,0.153976,0.169160
-0.152200,0.779569,0.678476,0.737076,0.686390
-0.230110,0.345179,0.429118,0.394460,0.352580
-0.651720,0.260139,0.231014,0.229285,0.212980
-0.046934,1.222086,1.060299,1.216477,1.478300
0.668460,0.142497,0.232523,0.243974,0.210640
2.138400,0.012682,0.018209,0.017081,0.026769
0.025790,1.282557,1.090452,1.300965,1.575700
-0.088599,1.028784,0.932559,1.075130,1.178600
-0.832460,0.147616,0.197358,0.191934,0.186240
-0.897130,0.219632,0.180494,0.181776,0.176110
1.040500,0.102927,0.161837,0.156150,0.153280
-0.108080,1.062524,0.857257,0.988621,1.018400
2.725500,0.015151,0.008444,0.011696,0.006420
0.269090,0.210345,0.358332,0.326005,0.290330
0.713560,0.389784,0.233274,0.274234,0.204170
0.762140,0.263689,0.221712,0.250561,0.196980
-1.424600,0.110901,0.126615,0.127466,0.095465
-1.305800,0.087642,0.127061,0.124851,0.112280
0.104350,0.852835,0.840840,0.962828,1.049100
0.605790,0.289472,0.226396,0.190931,0.219220
