0.90852
-2.2207
-0.23906
0.068735
-2.0202
-0.36408
-0.08125
-1.9797
0.78817
0.73664
0.95533
1.9295
-0.74531
-0.89842
-3.2625
-0.030017
0.61341
1.0446
-0.80735
0.20594
-0.9646
-1.5254
0.090377
-0.4829
1.2883
1.4055
1.5757
-1.1114
-2.1935
0.16231
-0.70561
0.38409
-0.41943
0.70407
-2.311
1.8256
0.49092
-0.038025
0.58915
0.69802
-0.32953
0.94103
0.45657
0.37173
-0.25713
-0.099009
1.323
1.9087
0.49292
0.29012
0.15939
-1.1562
0.34215
0.17953
0.48593
-1.4602
0.23351
2.114
-0.05895
1.9949
0.30803
-0.15714
0.72038
-0.33445
-0.46383
0.89434
0.63917
1.0826
-0.58684
-0.15238
0.37081
1.3702
-0.34659
-1.736
-0.45192
2.2902
0.27997
0.050695
-0.4818
0.98944
0.42786
-0.85128
1.1725
-1.2593
-1.3661
-0.0079738
-0.55775
0.46296
0.15792
0.35821
0.65384
-0.67951
0.80097
-0.46752
-0.54236
0.81139
0.95205
1.839
-0.44446
-0.15841
1.3829
-0.2099
-0.57298
1.9585
0.12619
-0.31016
0.81414
0.79741
0.58891
-2.2894
-0.37128
0.3338
0.062027
0.72252
0.20003
-0.84361
-0.13936
0.48948
0.060574
0.061951
0.90469
0.41697
-0.52424
-0.17931
0.072128
-0.58051
-0.28129
1.3352
0.7535
-0.62478
-1.2558
-1.4343
0.97767
1.1694
2.7426
0.38551
-0.5389
-0.70181
0.39479
-0.038166
0.86623
0.079738
0.48342
0.1516
-0.051026
-1.05
-0.9665
0.95522
-0.81368
-1.1085
-0.16105
-0.80786
0.52378
-0.39422
0.65774
0.41194
0.3013
-0.68745
-0.21931
-0.636
1.7404
-0.31616
-1.9525
0.74062
-0.4496
0.34266
-0.21046
-0.47283
-1.625
0.11137
-0.45072
-1.0682
0.70043
-1.3537
-0.65796
1.1026
-1.0933
-1.106
-1.5789
-1.8786
-0.14409
-1.1258
-0.29114
-1.6811
-0.4984
-0.98443
-3.6367
-0.11364
1.3494
0.5287
0.094421
0.26209
-0.48405
0.78514
-0.81484
-0.94245
0.081278
0.59912
-0.14648
0.093159
2.2967
-1.7844
2.0344
1.5301
1.8703
-1.1977
-0.20278
-1.0962
0.87781
0.0073118
0.79172
0.20944
0.33318
-0.66941
-0.98425
-0.27773
-0.25368
-0.37136
-1.0473
0.10066
-2.2882
-0.027817
1.374
-0.056138
0.30435
0.41766
-0.43908
-0.75179
1.6582
-0.70772
0.11587
0.015383
-1.5854
0.27347
-0.37324
-0.11148
-0.44898
1.1093
0.099859
0.84811
-0.10302
-0.36948
-1.4824
-2.3432
0.63448
1.4344
1.1326
1.3391
0.8634
-0.41548
-0.53704
1.6137
-0.25654
-2.1079
-1.2777
-1.4664
3.138
0.47181
-1.0189
-1.0924
0.45761
-0.53882
0.68906
-0.84386
-1.0834
0.39484
1.1906
2.2927
-0.67471
-0.20369
-0.30682
2.3055
0.93323
-0.17052
-0.36692
0.27119
0.33464
1.2873
1.619
1.5004
-0.62454
0.50835
0.74632
0.18604
0.034477
-0.045054
0.23912
0.52999
0.8745
-0.51899
-0.88322
0.25816
0.024788
-0.85363
0.62889
1.804
0.79872
-0.11624
0.99078
-0.46805
0.45769
0.51684
-0.072605
1.281
-1.8966
0.74611
-0.9235
-2.0523
-0.45046
-0.17455
-2.4524
-0.66011
0.30919
-0.22037
-0.67116
0.56541
0.68197
0.9605
0.51119
0.45477
1.0938
0.48188
0.4874
0.25285
-1.0046
1.1002
0.61691
-1.1427
0.96725
-1.1768
-0.64239
-0.86942
-2.208
-1.036
-2.4256
0.3994
-0.33502
-0.44617
1.2965
0.75135
0.27903
0.8721
0.00081542
-0.39123
0.07274
1.6975
0.93885
0.79672
1.5139
-0.27409
-0.7409
0.47869
2.135
-0.13993
0.4382
0.75811
1.437
0.29493
0.65557
-1.7595
-0.51362
-0.45794
0.72188
0.38059
0.011606
-1.3985
1.1811
0.83316
0.22225
0.33586
1.4292
0.8091
1.1922
-0.57834
0.022584
0.29384
-1.2851
-0.71643
-0.77188
-0.074826
-0.21629
-0.75404
-0.25975
-1.1764
0.7038
1.0266
-1.6002
0.037418
0.56953
-0.10587
-0.074666
1.426
-0.087292
0.91218
0.56718
-0.81695
-0.44015
1.2047
-0.26407
0.57865
0.42313
0.27343
1.2498
-1.5488
-1.4628
1.0541
1.9657
-1.152
-0.8445
0.36162
1.4931
-1.1852
0.032139
-0.010773
0.66941
0.10931
0.97616
0.40158
0.47817
-1.491
-1.5962
0.93849
0.30194
0.82983
0.24236
0.1477
0.38926
-0.0563
0.58581
-0.30378
1.1398
-0.31018
0.23729
1.0792
-0.70429
-0.74975
0.51918
0.89878
-1.0371
0.68947
0.55786
1.4855
-0.18369
-1.2605
-0.064476
-0.37023
-0.26631
-1.0572
1.0657
0.072274
1.0378
-0.90571
1.6821
-0.18357
1.396
-1.2493
-0.12895
0.53968
-1.3227
0.077199
-0.40764
0.057998
0.60576
-1.6951
0.010336
-1.4599
-0.58889
0.49835
2.1845
0.91581
1.895
-0.64744
1.4226
-0.53284
-0.54614
-0.69583
-0.24528
0.14414
0.54787
1.4595
-0.21221
-0.8347
-0.64957
0.89337
0.27426
-0.73111
0.37453
-0.34922
-1.0138
-0.98027
-0.63411
0.63378
0.23572
-0.086128
0.57364
-0.97554
-0.97138
0.056164
-1.9616
-0.17787
0.88166
0.62737
-0.45853
-1.6524
1.3362
-0.030595
0.51276
0.51858
0.85641
1.2002
-0.13807
0.71472
0.96393
0.6506
0.27349
1.1376
1.3471
-0.95174
-0.85652
0.94742
2.7532
0.68726
-1.934
-0.048978
-1.0792
-1.4291
0.51107
-0.1897
1.4292
1.0473
0.62539
0.25133
0.6396
0.075185
-1.6944
0.41837
1.1671
0.18712
0.11042
-1.1053
-0.19177
0.39088
1.5027
0.86107
-0.42222
0.41597
-0.43582
2.1598
1.7329
0.4655
0.1272
0.60204
1.5167
0.63894
-0.84903
-1.5575
-1.2286
0.18474
0.28725
0.23422
0.83211
0.36932
-0.49283
-2.4034
0.85909
3.022
-0.56398
1.2046
-1.6751
0.93423
-1.4968
-0.044359
1.1121
-0.45681
-1.4557
-1.1873
-0.69385
-0.75614
-1.7791
-0.63748
1.6061
0.20546
-0.066552
0.29416
0.31079
-0.44493
-1.7933
0.20581
-0.98752
-0.097835
2.18
-0.83359
0.20841
0.010322
0.016184
-0.37178
1.0325
0.70578
0.10505
-0.44955
-1.614
0.81656
0.35484
-0.0090814
-2.435
-0.015621
0.86006
-0.35004
-0.23507
0.45365
0.67052
-1.8633
-0.59061
2.1032
1.2659
0.79443
0.98019
-1.4845
-0.52329
-0.78828
-0.1011
-0.13874
0.27795
-1.1724
1.3386
-0.20182
-1.0825
0.47997
-0.48174
-0.45711
-0.72485
-0.40938
-0.3052
0.093425
0.80407
0.43081
0.33269
0.29559
0.32837
-0.53765
-0.35059
1.2609
1.3691
-1.38
-1.1291
-0.69872
1.7524
-0.27058
-0.61592
0.15548
0.86023
-0.39498
0.71451
0.22737
-0.81501
0.31121
-1.0597
0.3104
-2.2502
1.0425
1.3406
0.48006
0.12385
1.2629
0.89576
0.21844
-1.1624
0.63245
0.47788
-0.48355
0.58709
-0.7928
1.1523
-0.12511
0.36785
-0.16021
0.56623
-1.0127
1.6341
0.079822
1.9742
-0.2243
-0.024218
-0.72625
-1.599
0.27543
1.6559
-0.39511
0.29055
-0.070721
2.1283
-0.56642
0.35506
0.40282
0.82291
-1.1843
0.19978
-0.066286
-0.5116
-0.75738
-0.77146
-1.2121
1.1935
-0.12663
-1.4222
-0.86948
-1.8739
1.4388
2.1629
-0.8114
0.80628
-0.33103
-1.0534
-1.5542
-0.87881
0.52181
-0.15747
-1.099
-0.88113
0.17868
-0.045091
0.32232
0.13632
-1.1656
-1.7485
0.19318
0.46861
-1.4717
-0.98689
0.21706
-0.83567
0.66552
-0.22202
-0.72273
1.6097
1.2328
0.25759
-1.3503
0.3153
1.9293
0.75823
1.8575
1.2231
0.22286
-0.83254
1.1208
-0.4971
-0.59671
-0.14876
-0.21569
2.009
0.0043501
-1.2513
0.34692
1.2642
-1.2423
0.96572
0.83722
-0.11896
1.7925
0.74199
1.1694
0.30269
-0.65372
1.1474
1.2274
2.0167
-0.99639
-2.6504
-1.4281
-0.64911
0.79717
2.3593
1.5846
-0.84017
-0.54978
0.37304
-0.17305
0.026872
-0.62363
0.82558
-1.3759
0.37045
0.72979
1.2128
-1.0168
0.14756
0.65228
0.62568
-1.7126
0.14219
-0.26636
0.6005
-0.64027
0.74843
-1.0038
-1.4854
-0.20348
-0.81328
-0.25995
0.97137
-0.38878
-0.64765
1.6546
0.37756
1.2038
0.74813
0.073637
-0.020766
-0.27707
-1.051
-0.30686
0.06397
1.8418
-0.57331
1.4309
0.41311
0.69756
0.91634
-1.9906
1.4628
-0.55492
0.80678
0.58297
-1.1255
-1.3222
-0.37775
0.74632
-0.05646
0.087656
-0.91018
0.2309
-0.4874
0.18477
-0.71443
1.5698
0.49984
-0.55079
-1.8123
-0.54333
0.30631
0.94188
0.27095
1.1878
-1.0773
-0.92516
-0.20579
1.6268
0.5078
0.44124
0.86861
1.6229
-1.1349
1.0948
-1.2044
-0.19446
-0.46116
-0.62021
0.2331
-0.51823
0.27481
0.66239
0.37326
-0.53484
-0.27308
-1.3998
0.83321
-1.0052
0.63117
-0.15122
-2.1383
-0.2996
-0.81745
0.12945
-0.065915
0.4656
-0.87091
-1.1741
1.1522
-0.36571
0.4681
-0.77188
0.8639
-1.2322
-1.0835
-0.99664
-1.5128
0.31325
0.095663
0.39392
1.9586
1.6396
-0.90254
-0.40644
-0.6636
-0.8977
1.2736
0.098362
-1.3198
-0.56566
-1.1818
0.015883
1.3185
1.5697
-0.81112
-0.38126
0.44324
0.23005
1.1769
1.6425
0.35283
-0.66651
-0.64748
-2.4924
-1.6106
-1.4075
-0.090507
0.91482
0.80641
-0.72579
-0.71088
-1.9823
0.75706
0.89441
2.0989
-0.62065
0.77057
1.8356
-0.63663
-1.545
-0.68513
-0.48138
1.0103
-1.04
-0.46892
-0.5612
-1.3977
0.32827
1.0972
-0.041389
-1.2545
-0.27106
-1.4947
-0.71356
0.841
-0.029411
-0.374
0.094144
0.21368
0.67727
-0.575
0.98168
-0.72915
0.98019
0.67001
-0.42426
-0.52305
0.97958
0.20383
-0.10127
1.5308
0.26025
0.095596
0.32967
0.82184
0.7375
-0.45218
0.77131
-0.83682
-0.77375
-0.46519
0.36999
-0.94372
-1.1181
-0.82795
-1.1751
-0.70844
0.9258
0.28857
2.1414
-0.13163
0.19587
-0.87974
2.0479
-0.14041
-1.6361
0.84086
-1.2704
-0.7436
0.64823
0.80353
-1.1815
-0.25292
1.0763
0.2506
-0.58583
-0.92008
-0.30557
-0.63139
1.0032
-0.96852
0.5153
0.63679
1.2744
-0.71108
1.1046
-0.010724
0.51731
0.61707
-0.59308
0.46026
1.1614
0.20817
0.99694
0.72382
0.16926
-1.2578
0.2433
-0.80478
-1.7685
0.40456
-0.80946
-1.8074
-1.139
-0.96503
0.91049
1.2264
-0.40168
-0.50336
-0.11114
-1.06
0.89751
-0.01813
1.2528
-1.0884
0.76891
-1.4986
-0.55661
0.94821
0.11812
0.77787
-2.1617
-0.006694
-0.45281
0.5523
1.1943
0.93638
-0.24259
2.0031
-0.58943
-1.0434
-1.8725
1.1197
0.94808
1.2557
-0.81886
0.24741
1.3467
-0.7726
-0.060825
-0.16532
0.61885
0.19701
0.20807
-0.55331
0.069532
2.0093
0.63664
-0.8059
0.068111
-0.394
0.84238
-1.2327
-0.53661
1.0388
0.094398
-0.32087
-1.6186
-1.2501
1.1123
0.34808
1.1314
1.2259
-2.2972
0.76547
-0.65787
-0.57527
-2.6458
-0.89977
-0.71637
-0.39091
0.67692
1.05
-0.43494
-0.29313
1.968
0.23552
1.4502
-0.67471
0.64992
0.4983
0.30098
-1.3066
2.0525
-0.52836
-0.55806
0.49939
-0.95748
0.11246
1.6836
0.86427
-0.12826
-1.0205
0.14602
-0.87668
0.13597
-1.6367
-1.1253
-0.35741
-1.4573
0.33133
0.16592
-1.0677
1.4993
-1.0217
-1.0535
-0.80094
-0.042431
-0.3325
0.3271
0.15939
0.66151
-2.411
-0.28282
0.059278
-1.6229
0.70773
0.77114
0.38144
-0.50503
-1.6347
0.89926
0.10137
-0.7188
-1.3977
1.0628
2.5476
0.95748
0.57916
-1.1735
0.37449
0.56536
0.88645
-0.21608
0.078224
1.1879
0.72922
0.1555
-1.2662
-1.3816
0.66329
0.23951
0.74925
1.2541
0.94149
-0.97268
-0.44336
-0.58317
0.047649
-0.94219
-0.31585
-0.015222
-0.051062
0.54757
-0.72975
0.22072
1.4386
0.94559
0.17523
0.55812
-0.542
0.65682
0.6137
1.3432
-0.052736
0.9247
1.0568
1.2905
-0.62315
-0.65054
1.4484
-0.088977
-0.047049
-1.8195
-0.47391
-0.63926
0.12959
0.34167
1.0284
-0.084462
1.181
-1.1385
-0.70911
0.76455
1.133
0.20664
-0.28523
-0.39428
-1.4603
0.74272
0.86853
-0.050796
0.77626
0.19896
-0.43106
-0.74712
1.5525
0.10934
-0.75659
0.36124
-0.78944
-0.79842
-2.6974
1.0597
-0.0084686
0.58019
0.5683
1.6672
-0.14227
2.1153
1.105
-1.5773
1.1589
-0.92631
0.46092
1.3568
0.44417
-0.39639
0.32063
-0.64634
0.72954
1.0595
0.29865
-1.2837
0.073582
-0.92569
0.3882
0.80154
0.77091
0.61114
2.5313
-0.28468
1.1991
0.70609
0.0015513
0.74813
0.054072
0.96982
-0.59559
-1.4022
0.079243
-0.11414
-1.6218
-2.2658
-0.49538
-1.2845
-1.836
-1.2638
-0.67586
-0.6792
-1.0903
0.50309
-0.51531
0.075217
-0.14095
-1.4272
0.64573
0.93445
1.2848
-0.71298
-0.16927
-1.1623
0.056687
-0.40587
-0.70336
-0.043973
-1.3688
1.0266
1.0986
0.20177
0.17403
1.3895
1.5523
-0.37597
-0.75839
-2.2141
-0.7171
0.13469
-0.97923
0.35798
0.027514
-0.19955
1.3243
-0.3285
-1.0806
-0.45136
-0.83549
-0.060069
0.53939
-0.37259
-1.5977
-1.0703
-1.9005
-0.90354
-0.3915
0.46967
-1.3085
1.0648
-2.7341
-1.9098
0.45228
2.3082
-0.02968
-0.024659
0.36468
-0.22098
-0.86571
-0.87406
1.0758
-1.5789
0.70507
1.0957
-0.013497
-0.5764
0.054954
1.2595
1.035
-1.3309
1.0481
0.67204
-1.112
0.94643
-1.3991
-0.069217
-0.22258
-0.68414
2.2468
0.22429
0.081365
0.91789
1.4609
-0.51101
0.037397
-0.44233
-0.29741
1.2843
0.92122
-0.79885
0.99348
1.6122
-0.11913
-0.018747
2.1762
1.8941
0.40634
1.0916
-0.26332
-0.589
-1.01
-0.88274
-0.17391
-0.24303
-0.85306
-0.32005
-1.5197
-1.9472
0.52342
1.6447
-0.44096
0.5282
0.68245
-0.55785
-0.083692
1.1002
0.073132
0.60033
-0.86373
-0.89219
-0.7291
0.39652
0.80378
-0.82882
-0.91061
-0.60603
1.5389
1.0687
0.4069
0.017386
-0.034809
-0.86675
-1.0546
2.0779
1.0427
-1.3494
-0.51941
0.66394
-2.1127
1.8848
-0.57553
0.0035396
0.53274
0.60877
1.7085
1.4641
1.4708
0.23565
-0.1336
1.1112
-0.20963
-1.8885
0.71132
0.17491
0.23216
0.14078
-0.68816
-0.30655
-0.44979
0.92986
-0.37169
0.47991
-1.2425
-1.1864
0.9819
-0.5678
0.5635
-0.83007
2.8549
0.3483
-0.68332
-1.3061
0.21888
-0.90911
-0.028069
0.70441
-0.89828
0.54546
2.118
-0.70441
-0.16103
0.8994
1.0045
0.46556
-1.5432
0.90664
-0.82256
1.0944
-1.6557
-0.86529
0.013134
-1.1283
-0.62528
-1.0658
-0.40274
2.081
-0.35979
-0.68353
1.6594
0.39179
-0.62046
0.70132
-1.1255
1.0417
-0.43265
1.1942
1.6425
-0.43469
0.74032
0.47629
1.9113
-0.59829
0.38457
-0.67561
-0.1713
-0.79597
1.5303
0.51191
0.40174
-0.21102
1.4087
-0.43416
3.2285
0.27262
-0.43316
0.68665
0.1506
0.92615
-1.8824
0.38814
2.0853
0.72588
-0.56103
-0.94983
2.054
0.0054453
-2.1866
-1.32
-0.16164
0.0028851
0.24014
0.28485
-1.229
0.22084
-0.85671
-0.4949
0.11454
-0.42889
0.27577
-0.67347
-0.16416
0.19305
-0.0048839
0.56898
-0.19867
-0.22196
0.010392
-0.35789
-1.3351
0.46118
0.95543
0.60551
-1.0942
-0.3411
-1.5074
0.78864
-0.57122
-0.13504
-0.87156
1.6895
-1.3315
-0.43683
0.78462
-1.5657
0.26928
1.5481
0.35192
-0.25719
1.458
0.1034
1.2356
1.5643
0.53794
-0.98766
-0.11451
0.78366
0.8484
-2.2709
-0.12067
-0.37407
0.93618
0.41758
-0.025596
-0.14427
-0.26069
-0.84482
-1.461
-2.9031
-1.3924
-0.36797
0.74461
-0.43149
-1.2286
-1.8287
0.75275
-1.2139
-0.21548
0.046106
0.77457
-1.5447
-0.37249
0.47565
0.43681
-1.5485
0.48299
-1.7609
-2.6388
0.64003
-1.4455
1.7114
-0.87657
-0.88594
2.0491
-0.56684
0.19209
0.0072349
-0.71566
-0.26664
1.8203
0.31693
1.5469
-0.68132
1.0325
-1.2477
-1.8076
-0.054127
-0.63116
-2.0047
-0.42216
0.18346
-0.31426
-0.62841
1.0466
-0.58624
0.20489
0.72105
1.4461
0.19431
0.91535
-1.2104
-1.6649
0.28726
1.806
0.79027
0.53249
-0.38693
1.4901
0.9821
-1.6213
-0.67906
0.35209
-0.4784
-1.5358
0.81087
-1.8319
0.914
0.78046
1.0332
0.97667
-0.27295
0.83622
0.50165
-0.44135
-1.0986
-1.3011
-0.43055
0.67261
0.057843
1.0593
1.149
-2.3283
-1.0637
-0.37894
1.5857
0.6415
-2.0365
-0.86227
0.34451
0.49241
0.25081
-1.1337
-1.5332
-0.42415
0.062924
0.39466
-0.72528
-1.2246
1.125
-0.10312
0.77902
0.71607
-0.63297
-0.12622
-0.19406
-0.86552
-0.98637
-0.92517
-1.427
-1.1292
0.21591
-2.1507
0.15179
0.47715
0.5077
0.48107
-0.91828
0.69979
0.012288
0.46107
-0.56851
-0.81378
0.37383
0.90595
-0.54359
1.6994
0.30916
1.1697
0.045018
-0.16055
-1.079
-0.72061
-0.48392
-0.57479
0.46048
-0.76929
1.3029
-0.91344
-1.3327
-1.7128
-0.054978
-1.4195
0.28008
0.4404
0.3837
0.090936
-0.28856
-0.987
0.38317
-2.0398
-0.94651
-1.3721
-0.55407
-0.89774
-1.6913
-0.33546
-2.434
-0.17152
0.96212
-0.39877
1.2481
-0.90912
-0.80644
1.4367
0.67233
0.57519
1.2058
0.51419
1.0564
1.8731
-1.7298
0.20926
1.2716
0.62917
1.2962
0.18983
0.67493
-0.77466
-0.30093
-0.15214
-0.1895
0.76843
-1.2037
0.89532
1.179
-0.62365
-0.35432
-0.9659
0.84031
0.0030609
1.0178
-0.40657
0.25031
0.069146
-0.54909
0.15346
-2.8366
-1.023
-0.23529
-0.89148
0.3716
-1.6649
-0.30543
-0.68494
2.1694
-0.96198
0.31145
1.3172
-1.2662
1.2529
-0.5918
-0.46866
-0.11455
-0.22676
0.32544
0.67256
-0.20283
1.068
-1.4213
-1.1548
0.047616
-0.28176
0.74788
-1.5289
1.4694
0.41114
-1.1768
-0.58563
-0.75788
0.2214
-0.26239
0.30783
-0.65406
-0.76449
0.29092
1.2814
-1.1927
0.94581
1.0599
-0.3049
-2.2141
0.26724
-0.99407
-1.9652
-1.3871
-0.21206
-0.47507
-1.3079
-0.012842
0.9262
-0.053724
-0.56787
-0.26021
2.6929
-0.78502
1.6795
0.60419
0.28209
0.4017
-0.64159
0.42318
0.072729
0.0037419
0.404
0.12195
0.15853
-0.5418
-0.24809
-1.7316
-0.74035
-0.55152
-1.7483
0.42741
0.49769
0.79095
-0.41708
-1.1265
-1.0406
0.042189
-0.31162
-0.57105
-0.19506
0.93768
-1.4652
0.78627
0.97024
-1.1173
-0.80065
1.4636
-0.368
1.2231
-0.15479
-0.033265
-0.017375
1.0046
-0.028777
-0.20824
-1.2367
0.36619
-1.0624
0.35194
1.1226
-1.1857
1.5339
1.4171
-0.45315
0.022565
0.64534
0.51894
0.42983
0.79961
0.29642
-0.6395
-1.5313
0.46083
0.50754
-1.0502
-0.41139
-0.9935
-0.055194
-0.016965
0.57819
0.31382
-1.0867
1.4104
-2.9962
-0.72421
-0.78344
0.043501
-1.775
0.16572
-1.1574
-0.24178
0.36402
-1.157
1.8136
-0.55921
-0.1692
-0.56047
0.073108
-0.52741
-0.56063
-0.23614
1.0777
-0.88923
-1.1151
-0.51206
0.28188
-0.040815
-0.54379
-1.2299
0.22252
0.87516
-0.21569
-1.0135
-0.67909
-0.38123
-0.61957
-0.49389
0.15316
-0.5652
0.50959
-0.10345
-0.51762
1.6314
-1.5811
-1.2275
-0.32751
0.369
1.0843
0.91537
-1.2508
0.5513
1.4073
-0.48926
0.22885
-0.62209
0.82288
1.2882
-0.55234
0.10031
-0.026638
-0.69414
0.96943
-0.57522
1.348
1.306
0.017794
-1.2792
-0.58837
0.12469
1.1654
-1.13
1.3177
-1.1885
-0.29429
-2.3486
-1.7484
0.2599
-0.56247
-0.78024
-0.26651
0.88793
-0.62002
0.12477
-2.2241
-0.37851
-1.1818
0.41523
-1.1127
0.44058
0.87405
-0.15049
-0.45451
0.082394
0.25402
0.32347
-1.2724
-0.4734
-0.48411
-0.38454
0.91346
1.9178
-1.2264
0.59505
-0.20337
-0.89332
1.2196
0.46367
1.2972
-0.93359
-0.30899
-0.18414
-0.043669
0.41576
