33.926
-9.5429
-17.499
13.441
-10.1
10.665
2.7266
6.5115
12.564
43.822
33.14
-32.87
26.666
8.4563
23.155
10.251
4.9401
14.174
3.2002
26.767
-13.132
-29.992
15.238
34.714
21.324
19.513
7.6518
-28.312
23.94
-33.641
11.664
-18.321
-21.859
16.09
33.139
-28.025
16.763
30.381
12.561
-11.104
-2.4405
3.2278
17.547
-28.018
-27.737
10.777
22.952
26.647
-36.226
11.503
14.909
-18.242
33.789
-16.26
7.828
-10.205
-11.83
-44.841
-0.63495
71.089
20.992
8.1782
-5.0705
-28.227
12.331
35.132
5.531
-0.074055
23.358
-1.0974
-34.081
-45.551
-1.6119
-34.203
-33.575
-5.9494
-11.611
37.695
-5.8883
34.452
36.499
30.451
1.7545
5.4903
0.98263
25.875
-14.009
-55.131
-34.366
-5.2706
-29.487
29.217
21.02
3.9053
26.789
13.592
-71.08
-17.277
-2.0698
12.628
-11.885
-28.539
-12.6
-27.206
26.383
49.551
16.344
-8.3577
-5.5277
-25.571
-44.678
34.023
-2.0399
-1.5601
-10.09
-27.931
-0.27235
-22.556
8.1432
-4.6543
3.1804
-6.9257
7.3217
15.358
-16.57
-21.036
20.399
-2.1362
49.509
50.065
-3.8581
-24.293
-12.193
-20.18
-2.1653
-15.177
-23.079
6.1381
6.6012
-13.513
23.812
35.522
29.358
6.0798
-9.3675
-11.903
-22.031
-9.4508
-38.622
11.47
-9.0449
30.338
0.84028
-3.2971
43.749
27.742
-10.628
2.9417
32.113
-0.2074
25.984
2.7797
46.856
-45.225
31.069
1.3106
-0.63432
-2.7642
-24.502
-11.439
-16.223
-10.215
43.412
-26.744
1.9755
11.488
-0.82386
-10.438
-14.586
-1.2631
45.393
-16.97
-44.384
44.903
21.937
-28.17
21.162
-5.0465
-21.058
-8.9765
8.1473
5.6144
-18.382
33.155
17.862
-9.1534
-8.1179
-6.8874
-24.64
-13.095
-38.651
4.6048
54.795
11.076
-31.968
-38.782
-13.331
33.011
35.71
-35.96
-47.933
3.6157
-4.201
-37.843
-36.057
-13.578
-41.237
12.918
-20.65
8.9739
-13.371
-15.261
12.485
-20.562
-26.748
-49.825
-15.895
-77.414
-10.721
13.691
-14.056
39.23
-14.998
4.3786
23.83
11.374
-36.874
-54.451
-17.191
-51.001
-10.825
1.7321
-7.3827
35.615
-21.599
-30.901
-12.934
-1.4647
16.062
16.606
-18.799
40.926
-28.28
-56.348
27.861
9.5597
-86.602
15.059
11.097
-26.287
5.1062
-4.9207
-43.905
-2.9089
26.354
-19.871
9.6401
11.072
16.882
-28.836
22.922
4.0363
1.0417
-7.3545
-5.9476
-13.046
-20.87
15.537
13.088
-29.257
-0.072203
-6.2167
12.621
-14.815
-31.698
-25.454
-14.639
-5.2263
0.85105
-20.508
28.825
29.987
-0.96673
23.067
27.182
39.635
28.376
-1.2835
18.842
-26.006
-21.205
6.6752
14.353
29.528
31.429
43.418
38.195
-21.181
-15.795
32.029
24.468
-18.748
5.8255
-5.6807
-9.9359
-10.31
14.278
22.288
24.481
-12.353
-30.464
11.108
33.062
26.106
18.488
-9.6046
-14.991
-22.105
-35.975
8.7319
5.8148
-7.4484
-16.097
2.4789
23.527
27.104
-51.195
-20.314
-49.739
25.086
-6.6593
-30.216
-27.165
37.494
-44.749
-71.922
-41.062
-8.3421
48.284
34.973
-4.103
4.8388
-7.4478
14.606
-41.611
-26.286
-5.7316
4.8478
-51.558
-31.389
-23.703
17.101
-65.651
-41.081
1.4341
-0.58251
-42.94
-9.311
0.60032
-11.015
64.947
-18.23
-20.7
4.2021
-31.307
-20.214
-17.063
-8.2874
-17.865
12.313
2.8952
5.8394
-20.596
39.408
38.653
89.784
-42.778
-27.955
-6.4382
25.31
-8.9906
-4.9876
-37.305
-9.3838
-43.511
21.22
-22.888
-41.614
-3.2776
-19.441
31.29
3.3388
-12.495
53.86
46.03
16.72
47.578
-7.6024
41.144
50.79
-17.037
50.316
13.38
-32.276
8.2408
5.967
10.132
-14.858
-8.8637
-10.051
-9.7482
-6.4278
13.414
-38.133
-0.26821
-1.677
23.206
-3.0576
34.999
-33.254
13.599
-10.868
-43.982
-32.379
10.233
13.031
-22.979
-16.569
28.693
-7.2313
-1.2004
14.607
-12.6
6.986
28.777
13.252
-28.466
38.095
23.155
25.06
18.33
14.489
12.696
-24.246
-35.078
-8.9803
18.752
-28.857
14.083
32.158
-19.47
6.312
-16.905
21.74
-2.6293
5.7504
-45.831
43.783
-17.758
23.953
-30.759
-21.258
38.237
10.448
6.8985
-11.765
16.504
52.312
-1.7869
-1.6653
29.412
-16.964
43.141
41.69
-12.328
11.049
1.9937
-47.99
12.679
-26.666
25.545
1.5634
36.396
-16.688
-48.982
10.806
17.89
-3.4502
62.159
21.865
43.117
-3.4961
5.7804
-28.048
-15.185
-1.2995
22.265
19.197
20.113
-4.0999
45.727
-1.7448
-8.2277
5.2678
49.47
-51.314
25.614
10.817
-25.121
-42.934
17.22
-15.979
-16.559
20.202
13.437
-55.033
-19.238
-63.412
-17.946
-21.089
44.998
-26.867
4.9208
47.47
-29.364
-20.098
-15.507
-1.1044
-20.916
53.469
-36.463
-48.693
8.4452
-15.719
14.686
-41.494
23.57
39.181
6.7768
-12.032
-18.507
-45.448
11.57
24.354
52.062
1.0674
37.17
9.0401
-5.3132
16.209
-31.892
-30.993
9.1232
7.1217
-48.626
10.834
-8.4664
1.8399
-31.599
6.0362
-1.7484
-28.997
40.962
-28.733
1.4748
4.5944
9.9762
-26.623
32.313
-27.842
19.794
5.9421
-24.377
-7.3879
13.073
13.594
-24.933
-20.758
16.308
18.778
-26.214
22.477
-36.992
23.253
45.517
-50.783
-1.5125
0.72902
17.634
-6.5038
-20.314
52.538
3.4799
22.931
-40.776
17.758
-14.161
-17.27
17.498
-11.99
31.249
60.986
22.404
22.039
33.798
7.6649
-14.155
44.503
-44.973
-7.8971
28.765
-6.9465
33.899
7.7714
-23.686
7.8168
11.157
2.8043
4.3894
-6.6345
27.919
-3.2385
25.914
-12.788
34.084
-13.404
-3.9535
-1.7399
26.205
-8.3921
-27.314
12.959
1.3809
-0.58542
12.88
35.043
-11.992
-44.743
-33.191
-10.811
-23.639
39.603
-2.1327
-15.72
-27.925
28.754
-53.997
13.452
-22.94
-1.13
0.70853
0.13167
-16.082
-26.969
-30.968
-2.9521
21.351
2.7579
-4.1623
4.7176
-54.156
23.118
-32.608
1.1466
-14.978
37.916
-41.116
2.8426
-2.2045
55.285
-9.5853
-36.576
26.316
3.1375
31
-21.894
21.236
20.985
2.7063
7.4279
9.5422
48.463
-23.981
50.043
-25.325
-15.767
-19.173
-18.125
22.465
-2.1343
17.24
-8.4196
15.968
-8.4128
-48.052
-45.044
-24.07
-32.765
-31.826
-5.5912
7.8034
16.815
-11.516
7.5116
-14.476
-24.173
-6.2763
-19.279
4.8947
11.446
-54.527
0.78454
2.0188
27.365
21.914
38.645
-21.139
19.963
12.529
10.442
31.081
21.163
25.846
-43.545
-28.833
30.242
33.204
9.9546
-6.2241
6.0575
-13.861
-17.017
-13.425
-48.041
3.711
-47.307
-2.7346
22.723
-47.999
31.357
13.377
-7.2942
-17.35
-6.6432
-19.627
14.488
20.118
-20.815
31.655
-34.92
9.1327
25.728
7.7514
4.0339
-39.03
-25.453
-22.534
40.911
17.49
-15.018
-13.582
55.017
-14.866
16.818
-19.294
28.996
18.83
-43.434
-14.815
-7.0392
-6.774
30.164
10.385
-39.284
6.3338
-11.363
34.515
-36.309
3.8771
12.231
-23.233
-21.31
44.048
-21.278
-40.918
-5.564
-12.102
-18.818
3.4988
9.6202
-8.8475
17.021
9.9354
21.255
-46.764
-22.127
-6.0707
21.474
0.54647
-20.674
-9.7802
11.994
13.075
-54.733
-10.204
-9.7915
-37.576
50.145
-26.362
-27.606
30.515
-10.405
63.901
-18.185
4.2657
-7.3707
32.674
26.594
28.773
-30.247
-26.295
-21.539
14.483
18.604
13.318
-0.21854
-25.323
16.65
-36.85
29.26
28.723
-15.207
-18.626
4.8288
9.9171
11.106
-46.718
32.304
34.625
18.226
-22.108
-7.9378
-7.2401
20.251
-3.3333
19.881
-37.589
-5.0249
-0.69374
1.2066
22.162
14.813
30.871
24.121
25.719
11.509
-12.198
13.469
-19.419
8.5406
2.0833
-12.737
11.859
24.505
17.035
19.451
29.65
-8.7428
1.2042
43.435
4.5812
-2.5097
30.13
24.452
10.405
-51.604
-1.4071
-11.811
-0.59379
50.112
-31.135
24.071
-34.781
-2.474
11.63
-24.723
-32.668
-47.197
-14.505
-10.244
21.454
-11.936
-11.944
-65.204
-0.30912
-4.1611
8.8645
35.06
22.612
-9.1543
31.547
-69.927
-8.2842
30.217
-26.736
13.006
-13.59
-11.451
9.0019
-15.429
2.4323
41.999
17.534
12.343
-33.243
58.526
8.3279
-3.2327
-34.127
-43.58
22.791
-12.559
25.23
-30.98
-3.9769
-4.7879
-19.882
22.223
8.0788
-26.917
3.2617
-27.276
-13.191
-5.2115
11.695
14.87
-13.311
38.813
-55.994
-15.541
-10.385
-18.233
-37.693
49.877
21.818
10.483
-10.199
25.407
-3.7131
1.8114
14.638
-13.164
-16.213
6.0179
6.1257
35.843
-3.8299
3.5414
1.1936
-82.11
-13.879
22.131
1.8301
38.13
-15.718
6.0717
-26.755
13.209
-22.053
-12.572
-25.333
-1.142
-21.342
12.742
0.024953
10.824
-7.4758
20.768
-14.099
2.8589
32.055
17.268
21.579
-22.547
-42.05
11.33
2.9421
25.524
2.1503
-54.371
-12.064
15.869
9.9834
12.753
15.533
-2.6949
-5.9888
-24.821
-56.555
-8.9898
-4.5682
-16.827
41.789
-18.563
1.8619
-28.235
32.893
20.995
23.301
-49.971
-30.821
30.421
53.688
36.887
-2.4509
-30.283
25.577
10.352
20.544
8.966
44.577
21.03
4.7083
2.3041
-8.9158
4.5686
39.349
-20.15
47.938
0.79855
-5.5858
17.866
16.376
-19.925
64.301
4.6452
-34.683
-3.3733
21.67
7.6033
-16.054
-19.149
25.395
50.127
-3.5934
-2.8019
-35.638
-30.517
47.316
14.982
-3.9235
-1.4706
20.506
17.943
36.224
-6.7435
21.371
-9.9281
46.015
-18.522
-14.418
34.085
13.641
-0.98197
70.081
-10.462
15.093
5.5089
-18.816
-7.1935
-42.048
-0.79201
29.961
-13.91
-28.192
34.814
31.233
-26.89
20.413
-9.2047
5.9689
17.523
-37.141
-16.689
-24.213
23.197
3.9441
0.10993
-15.425
-17.825
-11.453
8.8433
34.822
14.432
-30.464
-32.862
32.802
3.7219
2.9529
-46.64
-37.156
32.886
9.5401
-12.908
-3.542
42.753
-10.069
-8.2412
42.716
4.786
10.419
-0.17637
-8.3066
33.797
30.9
33.396
-30.314
6.2635
-19.171
24.619
38.092
-22.132
-12.386
-3.9976
-22.737
3.044
42.389
29.925
22.217
15.591
-11.196
0.12109
34.203
-50.808
5.9119
29.785
21.113
32.128
-10.605
32.359
-5.3318
37.824
-38.479
-36.468
-5.108
-21.284
-13.948
4.7179
-18.5
-2.7438
-1.0697
9.3624
12.695
32.828
30.625
0.69511
45.565
-16.287
21.854
29.107
36.746
15.224
-26.514
-12.304
-25.757
-14.014
13.602
-33.235
-10.466
-10.828
-0.45659
56.813
4.8768
-4.1476
8.7177
25.105
-9.2282
-17.202
30.933
6.5261
-30.766
2.6936
-27.98
-31.19
-1.7561
49.072
-7.3187
-30.361
-43.275
7.5829
-13.72
14.106
57.449
-7.4907
-19.195
-36.75
38.648
37.608
-0.94071
-31.089
16.253
61.132
-28.238
4.2801
28.26
8.5838
-17.101
-19.455
-21.962
66.266
-19.397
4.876
19.862
32.627
-27.243
0.93711
14.977
33.858
27.634
-9.4465
1.6196
-15.761
14.375
-26.006
22.896
29.114
-47.421
3.9917
11.958
-4.428
32.402
48.868
-29.394
-33.033
-7.7754
25.044
33.098
-17.572
33.013
22.801
5.6446
8.4272
-0.47636
-23.563
3.4673
-10.331
-15.793
-17.468
-0.84878
10.102
-33.94
-18.994
13.587
-31.763
-27.429
41.31
-8.6277
-27.137
45.753
8.5931
-5.1551
-11.671
-0.73565
-29.701
-2.8742
-63.37
46.581
8.9417
-8.672
-21.79
21.029
-20.811
-3.5537
-16.199
-31.206
-57.901
-5.2879
43.193
10.468
15.271
49.46
6.9849
32.228
-39.475
-18.655
41.217
-65.357
11.766
26.644
0.95568
35.375
-44.627
34.873
30.109
-42.962
-7.5538
-30.912
0.78837
16.654
20.245
-6.2215
-12.798
-20.182
27.33
23.177
35.396
-44.625
-37.401
8.0367
-21.518
17.492
54.103
-4.6658
19.822
-7.8762
36.004
-15.071
18.275
22.876
39.68
-30.198
7.8382
-20.779
-23.354
-6.6962
44.729
-15.817
37.471
1.7476
13.1
2.8704
53.565
-13.618
14.813
21.716
10.733
-22.251
-35.483
-37.828
10.451
13.696
5.0053
39.439
4.1057
-5.9454
19.071
-46.155
-1.1974
1.039
-38.233
5.2086
15.187
60.409
-20.202
42.428
4.1037
4.8686
9.9406
-50.446
-35.266
-5.5867
-13.284
-1.961
-19.02
17.804
7.1864
21.594
30.297
11.326
-23.731
7.722
35.176
27.731
1.8598
8.8606
33.106
50.223
9.911
0.4496
-23.57
-22.738
14.606
29.497
29.528
-25.876
22.884
1.1893
13.87
7.0276
-3.718
28.828
1.2634
7.5052
-16.036
-24.468
18.783
43.883
-27.63
-48.624
-15.466
-34.061
-2.4402
-41.926
16.73
-8.2596
-58.276
22.648
-23.486
16.072
18.375
2.1079
-17.892
-15.862
-4.7794
7.0962
-44.343
38.461
-4.3152
53.679
55.214
33.135
22.557
-39.758
-49.571
-2.0336
-15.012
-9.3503
25.747
-8.5737
23.034
-9.0927
-29.094
9.8207
-15.414
-0.20508
-1.7139
17.986
11.639
-4.0751
-45.581
5.3637
-8.0911
-25.73
6.3837
-54.311
10.353
30.095
-14.504
-3.8377
0.249
-35.742
-3.6249
-32.084
-57.487
-14.105
7.8227
36.918
-26.814
-65.472
-4.1691
-30.942
-8.65
-9.9738
16.294
-1.4368
35.502
2.9375
-21.694
-4.7919
-12.405
20.154
34.087
6.8737
30.796
6.2676
3.9994
6.64
-9.7118
-28.521
-6.074
1.1237
-7.9515
-28.463
-14.815
-13.634
-5.5066
-13.355
31.905
-12.815
-50.628
-6.2907
6.3808
11.077
-21.521
15.868
-12.69
-4.6312
4.2272
18.998
21.388
-18.291
-54.983
25.157
41.92
22.176
25.19
-13.784
34.842
-9.6716
-12.925
-46.971
-17.258
18.626
45.497
30.422
-28.574
-4.4763
17.515
-9.6328
-5.1558
-17.601
4.7068
-14.34
-0.39449
22.27
0.42206
5.5661
39.039
-49.287
-42.568
54.027
-6.2245
18.207
-56.385
11.746
4.3087
-15.992
-3.3032
-15.194
64.478
2.6451
9.6626
45.143
-6.767
14.74
7.4344
14.837
-28.6
-22.447
-1.7452
23.409
-1.5326
-41.055
-32.672
27.816
46.277
18.309
4.429
-7.5884
29.335
11.028
-28.04
-12.992
-1.4337
-5.1292
25.689
54.969
13.843
-23.194
24.595
17.672
0.036295
-16.573
-3.9705
-28.098
3.654
-18.796
17.682
8.0519
32.835
23.196
9.876
32.569
50.675
0.59981
-31.662
-36.663
6.1517
28.255
-11.902
18.81
-63.716
35.63
-15.234
41.555
9.1625
0.56344
16.807
39.705
-16.291
22.096
35.635
-19.42
-23.243
1.6184
9.3786
-8.5794
39.74
20.986
-3.2412
41.004
-31.817
-3.8065
9.5175
12.047
9.1463
-52.227
21.891
-29.607
-21.871
36.345
-5.3306
-8.482
-21.018
0.17879
-12.256
8.0261
-3.0489
-29.697
-19.589
-1.6501
9.2447
19.675
22.741
-0.75679
15.751
-19.296
48.968
-11.436
56.729
-7.6672
-7.8408
-4.0741
-41.855
-7.4414
26.107
-26.164
17.317
45.04
8.8575
-0.95555
-13.279
47.552
-12.096
-16.881
-20.842
-15.443
-21.375
19.157
8.7097
10.732
-21.58
-65.801
39.846
31.336
31.303
-12.458
-4.3345
5.0017
12.28
0.16871
2.4842
-14.831
-37.128
-0.46141
4.999
-26.849
-30.6
-18.187
41.391
15.452
-49.522
30.905
47.989
-18.909
-15.832
32.826
47.603
2.9461
35.688
-28.323
-75.223
32.087
-20.305
-8.132
24.574
-26.705
-5.3636
7.7618
-13.862
-12.323
-7.9156
-34.159
7.3825
13.095
12.799
28.277
71.047
-32.629
-22.579
-74.746
-41.895
11.403
-44.034
-55.482
-47.593
-3.7379
2.7884
-29.199
23.545
28.68
10.518
39.048
-36.85
-33.303
24.225
-22.931
-4.3247
20.406
27.861
-17.355
-10.189
-22.164
13.077
8.1742
29.548
-26.683
16.89
-6.5164
0.52932
50.511
64.301
14.6
13.037
-20.429
16.162
-20.299
-25.362
24.424
-21.159
6.2887
-24.525
-33.089
25.773
-15.014
69.133
42.274
35.836
15.654
1.6787
19.517
22.561
28.998
3.4216
-20.342
-35.081
-20.02
21.231
-25.396
-21.175
29.954
7.5745
-50.218
14.801
-2.0423
15.069
4.3344
42.396
3.8095
-12.623
15.457
-30.352
3.1594
-24.248
0.5036
-22.7
0.07847
-12.387
9.274
-14.819
-23.263
1.1348
-3.9848
31.764
29.12
14.991
-38.048
-49.713
32.369
-5.564
20.155
25.006
1.4775
1.6715
5.5896
15.172
11.156
-39.41
13.786
28.652
33.671
6.0358
-56.781
16.588
-2.4184
-24.671
-59.893
-41.32
-5.8143
-4.1255
51.709
-37.521
41.159
-3.996
-47.938
0.066667
-24.01
-50.275
-4.5446
3.497
14.167
52.954
17.896
32.845
-10.804
-19.985
4.1343
-4.5846
-38.291
18.016
-13.769
20.491
0.97967
-24.868
47.189
-2.8501
6.4592
-34.417
4.6145
-2.5911
-48.214
-14.522
36.679
36.929
45.66
17.46
43.012
-16.883
11.977
-5.9393
-8.3273
43.474
7.0003
29.246
-2.7149
-19.122
-10.466
-8.1488
-17.423
20.48
17.745
-36.937
-2.9698
-11.978
9.3588
45.406
22.124
-14.861
-10.422
7.5285
-18.531
-2.4865
-41.281
6.3748
-2.16
1.334
7.1458
23.87
38.207
14.647
-60.388
-24.21
9.0528
4.3754
3.5258
17.229
-2.761
1.798
32.29
20.52
48.573
19.252
19.034
23.483
-52.189
28.229
22.5
18.631
10.344
-6.7151
6.2494
32.659
-6.5705
-33.64
42.196
-40.197
41.434
-1.4683
13.655
26.169
-15.537
-34.117
-0.039752
-30.883
35.542
-5.8296
35.339
-49.311
-4.5985
10.543
1.3914
-14.941
26.363
-35.808
-16.557
45.289
-19.852
-21.786
-42.627
2.7257
-35.977
-42.916
2.1711
-25.292
73.957
-29.778
49.603
25.69
-13.208
37.731
-25.454
-15.548
-23.914
-3.9915
2.2966
17.819
-24.746
9.6419
-12.456
14.412
63.545
10.408
-10.172
9.3552
14.87
9.3875
-33.5
14.986
20.403
3.6907
6.7207
-12.931
-9.0546
30.075
-0.85458
-27.363
6.9668
-11.467
9.3457
31.891
-41.79
49.785
-13.711
-15.864
50.465
-18.813
-48.136
-18.278
-31.653
-16.678
5.3818
4.6523
