1.8904,29.963
3.2792,25.595
1.8318,7.3256
3.4477,29.516
2.1487,18.865
0.72226,-3.8921
1.201,-0.1926
-3.3813,-37.983
3.6406,23.786
-0.32993,-15.176
-0.053821,14.455
2.2826,0.10687
2.8148,23.482
-6.4171,-50.415
1.6396,27.044
-0.72016,18.14
-3.0974,-46.534
2.8145,36.989
0.73445,21.755
-0.18056,-3.3797
0.58483,7.0584
0.20641,25.482
-2.3924,-17.957
2.5007,4.9763
3.0838,25.31
-4.8048,-52.535
1.0333,21.542
-6.8194,-44.4
-1.7077,-44.817
-2.1266,-21.323
3.117,19.284
5.8422,48.623
-2.0029,-7.9927
0.89348,-8.5084
-1.5685,-18.931
-2.8424,-20.96
2.5656,18.602
0.43349,-7.0111
-4.8586,-51.475
-4.3261,-29.999
-3.1696,-7.0574
-3.1275,-34.044
-0.98706,-3.8579
1.9637,-13.229
0.17597,-17.893
2.2892,22.486
-4.8528,-27.386
-2.1338,-33.337
7.5628,70.693
-3.4835,-22.877
2.6315,18.075
3.5263,36.32
-3.7588,-45.892
0.71102,14.475
2.7949,10.372
-1.7312,-13.013
-0.93763,-7.5356
1.6255,4.0841
4.2706,44.728
1.6568,6.5594
1.8218,30.242
2.7451,34.083
-1.8499,-22.236
-0.26414,-2.6306
-1.4069,-18.627
1.0143,20.169
3.5058,13.979
2.2696,31.258
-0.84672,-11.324
2.2048,27.609
2.3044,20.438
-2.2179,1.0406
-2.246,-13.327
-2.3702,-50.625
-0.02514,6.6931
4.9491,37.131
3.2804,6.9996
-2.7498,-16.096
1.3185,5.6352
-1.9187,-6.3865
0.88657,-8.2906
-2.748,-16.945
2.2885,25.209
-0.84508,7.612
0.0046053,8.9208
2.879,15.51
0.23524,0.48966
-6.7261,-58.642
-5.4503,-57.761
-2.0163,-28.764
-1.5297,-11.106
-4.2369,-25.565
3.814,21.45
-3.4503,-26.391
-2.088,-16.9
3.0475,36.951
0.51661,20.554
-1.1161,-17.761
-2.1288,-15.098
1.0627,8.6624
3.9313,26.936
-1.3399,-20.432
1.6012,8.1352
-3.1773,-47.492
-1.1622,-3.5387
3.161,-7.6752
1.3426,37.943
-0.073202,3.7567
-2.5699,-30.539
-4.6872,-28.393
-0.040067,-7.1595
3.739,41.62
3.1113,32.386
2.8096,5.4232
-0.66074,-13.308
0.66583,6.1891
4.3368,27.949
-1.3131,-13.832
2.7347,11.964
4.7858,36.125
6.4604,73.168
3.2405,22.291
-2.9984,-34.002
-0.72145,-15.79
-4.5113,-58.511
4.8824,33.06
2.0259,9.2662
3.266,26.487
-2.564,-30.708
1.1771,18.779
-2.7032,-28.401
3.1726,29.718
-0.10333,-11.104
6.1683,60.767
-1.5419,-4.2097
5.5951,37.053
1.5815,19.635
4.3463,51.559
-0.39659,10.086
-5.6063,-35.528
0.68918,7.0778
-0.91001,-12.48
-1.1034,-2.9557
-3.5218,-15.964
1.6728,3.2635
1.0339,-0.0047961
0.64977,-5.6996
2.0911,5.7348
6.2875,40.954
2.67,32.872
-4.5811,-25.167
3.2488,5.8204
0.038989,-13.093
-3.164,-29.601
-1.0681,-16.495
1.1631,1.7545
-3.3413,-13.838
3.5452,47.314
2.1977,22.895
-1.7761,-9.3645
-0.50853,-13.442
1.5196,16.691
4.1819,27.646
0.80931,1.204
0.44707,14.506
1.1522,33.803
-1.6655,-24.344
0.016165,-25.841
-0.47985,-3.7297
0.84561,-7.9624
-2.5432,-25.826
-1.2732,-6.7119
-0.48732,-1.5299
1.6891,10.89
0.03085,-4.0083
1.369,22.085
-3.2483,-29.53
2.3412,11.58
-2.5873,-0.23059
-1.2968,-0.85381
0.79939,24.655
-0.76348,11.327
3.6679,47.347
-2.932,-24.358
2.5185,-7.214
-1.1105,2.4074
-0.075984,-2.3093
-2.5079,-37.023
-4.1335,-36.793
-1.2809,-24.638
2.2346,3.1121
0.13687,10.272
-1.1058,-3.025
-4.597,-30.323
-7.8336,-53.845
5.0805,29.441
6.0828,40.982
0.021477,-8.3306
5.4038,46.151
-2.0225,-3.6025
-5.3659,-42.733
-5.9513,-51.695
-0.93291,-14.781
-1.7403,-11.218
4.2929,35.981
-3.5931,-47.955
5.3612,51.438
-1.1486,8.6865
-4.8129,-45.816
-1.4202,-29.378
-5.4382,-31.802
3.0671,35.657
2.4824,25.429
-3.2614,-41.034
1.9967,16.349
3.4108,-0.89657
-1.1249,10.008
-6.0455,-57.661
1.4618,14.445
-4.5516,-40.739
1.1716,0.57664
3.3396,24.971
2.1257,9.1571
-0.57609,-14.798
-2.7464,-38.49
0.64094,-20.513
1.4164,17.14
-2.726,-13.072
1.3687,3.9847
1.1098,19.464
5.0447,43.242
0.13364,-0.85835
-2.1392,-22.527
1.367,1.5865
-2.7116,-37.097
-0.16321,-18.138
1.3074,14.812
-0.85661,-18.441
-6.0554,-58.739
-1.6448,-23.563
-0.99585,-36.717
2.8561,17.668
-2.6988,-30.746
1.9959,22.486
1.5264,24.518
-5.1351,-37.795
1.8677,30.044
2.0036,6.5164
-0.45164,-5.7931
-3.5733,-17.397
-1.8514,-18.73
2.4945,19.603
-1.2069,-6.4946
-1.63,-10.963
-3.037,-26.616
1.1031,-11.119
-2.0333,9.814
0.92456,22.895
3.7194,22.147
-0.34005,-5.3604
1.9965,13.252
-4.2193,-46.81
-0.83644,2.3207
4.3621,39.099
-1.7385,-22.637
-0.77894,-2.4542
-2.2695,-14.347
-3.5406,-16.54
-0.90512,-33.395
-2.951,-46.486
-0.62951,-10.58
-0.038122,10.7
-1.6858,-16.313
-2.3304,1.6653
0.83742,11.339
1.2562,10.718
1.1993,10.856
-1.6084,-15.562
-2.1978,-23.789
1.2688,15.863
-1.2381,-23.09
0.12524,-2.7184
-0.57906,6.5936
2.3341,29.831
-2.3768,-1.2617
3.6308,26.642
-0.051579,11.525
-0.61817,-19.535
-3.1538,-20.559
-3.52,-9.3947
-1.3452,-10.284
1.5405,17.188
0.87993,-0.69242
1.368,16.758
-1.2212,-21.378
-0.050361,6.4715
-3.2258,-8.5543
-2.1499,-26.168
-5.2692,-39.363
-0.71775,-1.307
5.3838,35.589
-1.6638,-12.183
-1.6643,-15.859
-2.6398,-33.949
0.83679,6.079
-3.6511,-25.996
-0.64028,-17.059
-1.1317,-16.235
0.45467,-3.1458
-0.30709,-8.556
-4.6937,-51.395
1.0954,21.47
-3.7131,-22.578
-1.4524,-8.6748
2.4428,34.46
0.29779,2.0195
2.8778,15.742
3.8768,30.621
-1.7466,-12.22
-3.3546,-10.665
-0.87363,-34.744
0.77153,-0.62792
-0.79115,4.3391
0.3704,-23.507
-3.5084,-22.589
1.3079,20.639
-1.3493,-9.6051
0.96025,-7.5785
-1.4371,-15.839
5.6932,30.093
-0.60371,-15.344
1.3764,26.202
-0.91726,-9.3817
1.2342,7.1008
4.6539,48.444
-2.4156,-6.9573
-1.0633,7.2614
-1.6829,-16.569
-0.66922,-5.3049
5.1697,50.706
-0.49162,-9.8304
1.6531,5.2603
0.42769,27.966
3.3589,25.366
2.3207,22.181
-3.6383,-30.392
1.2806,4.5311
1.098,7.5131
1.7708,34.703
4.1442,14.192
-1.1875,-23.308
3.9586,41.276
0.95079,13.212
1.3747,-2.5171
1.4144,8.1884
-2.3714,-1.7644
0.44984,16.747
2.1423,25.7
-0.59081,-25.903
3.5901,31.733
3.284,20.246
-6.3992,-40.696
-2.0903,-22.198
-3.4253,-23.812
-0.4233,-26.882
0.86317,8.9373
0.67133,24.223
-3.5039,-21.95
4.1772,28.982
-4.7903,-36.809
-1.0028,-12.453
-0.15084,22.485
0.10223,5.3711
-5.2448,-48.246
4.5482,25.295
-0.61385,-7.374
-0.19595,-12.618
-1.7448,5.0901
-2.3687,-35.36
3.1854,27.892
1.9777,23.007
3.6059,20.15
-0.54322,-24.916
2.2623,19.473
4.2204,40.107
-1.4261,-9.3071
2.0409,13.015
-0.5477,2.7106
1.0558,9.4547
-1.1412,-4.5721
-2.7411,-22.775
-4.4789,-40.707
-0.84863,-8.438
7.693,76.376
-2.6623,-32.866
3.0696,32.54
0.71907,5.4464
-2.3231,-18.314
1.2607,11.639
5.0237,20.816
2.1681,28.754
-0.165,12.182
1.3647,-2.7762
2.3616,-6.697
-0.65667,-21.738
0.31917,9.438
-3.3435,-29.836
-4.793,-38.341
-2.4009,-21.457
-2.0897,-5.1921
0.81384,16.963
3.0897,44.353
-0.29653,4.0129
4.3103,62.904
2.125,21.955
0.1061,12.892
-2.527,-9.4554
1.5507,13.618
-2.7438,-26.695
4.7133,46.063
-1.8433,-31.779
-10.504,-95.158
-4.8937,-56.603
1.775,11.684
0.38094,-7.4354
1.972,13.686
3.4363,51.741
-2.5024,-19.91
1.7174,4.3264
0.41431,-15.266
-5.4062,-27.893
-3.9129,-46.5
0.17138,-3.0563
1.3956,-5.9021
1.1174,-12.322
-2.0872,-19.306
0.33975,17.999
-4.3438,-38.612
5.2936,36.583
4.7472,47.704
3.941,24.727
0.30602,-7.094
2.0149,4.594
0.20438,0.11776
-5.7599,-47.791
1.7957,22.085
2.0242,10.706
4.0523,44.771
1.6433,-9.2863
-1.603,-17.75
-1.2468,-22.462
2.2355,6.3499
6.4605,41.009
-1.6096,-25.846
2.4914,18.388
-2.1007,-28.104
-2.7207,-27.38
-3.5944,-28.647
-3.9298,-48.247
4.8195,38.769
2.4224,26.528
-1.3483,-1.2615
5.5513,71.044
2.0385,14.91
-0.94228,3.6884
-3.5602,-2.2046
-0.74106,-18.9
-1.7035,-22.785
1.2251,3.1773
4.0906,20.158
-1.7765,-8.9591
3.5704,28.703
2.5098,10.115
-2.2392,-13.038
1.7602,20.465
-0.49239,11.951
-0.026832,7.5164
-2.1696,-12.119
-0.78502,-9.3392
1.9498,28.749
-2.3289,-14.758
3.6124,26.679
-5.2467,-33.493
0.3034,-8.0451
0.41535,5.5568
3.7031,38.52
-1.7534,-23.953
-2.4628,5.0517
-0.5869,-19.114
3.9907,27.866
1.5667,-7.1811
1.3475,14.775
2.7612,6.6796
0.53475,9.632
2.0909,5.6307
0.05279,-3.7072
3.374,20.006
-4.8554,-27.238
1.6347,43.618
0.69995,10.222
2.2565,10.23
0.8547,3.4918
-3.6388,-27.875
3.5161,30.179
1.7027,25.392
-4.9976,-59.344
4.0338,15.973
-0.33543,11.455
1.0137,15.19
3.1606,28.881
-2.1447,-21.555
-0.64496,1.1016
-1.3859,-17.496
0.12178,19.966
3.1093,25.411
-0.75865,-16.236
-0.87068,-6.7488
4.8295,14.196
3.7488,15.209
-1.5869,-16.704
3.1181,24.164
-1.3497,-13.641
-2.5478,-34.397
1.3673,34.599
1.8135,9.6784
0.20858,-7.9466
-2.6303,-26.763
5.5653,68.342
1.005,4.0803
-1.4669,-29.914
-0.54758,-14.162
-2.6479,-39.331
1.3486,19.018
-2.7032,-32.388
-1.2485,-4.4865
0.97836,29.968
4.2657,34.801
-2.2876,-23.265
-5.5586,-39.543
-5.3174,-63.147
0.36211,0.99411
3.2914,44.156
2.793,-2.0675
-1.397,-34.371
-3.4013,-23.138
-0.8956,-15.415
0.15222,-2.9822
-0.8605,-23.273
-6.4128,-54.997
-2.7829,-13.463
-2.3025,4.7673
-0.83947,-23.859
-1.6299,-21.143
1.4494,6.3672
-3.3722,-36.164
-1.6822,-8.8077
0.43117,5.1843
-0.23386,-0.59753
-3.9279,-29.736
-3.843,-26.363
-2.3712,-44.113
-0.81111,-8.5948
2.4929,21.062
0.49592,6.5942
-2.5112,-3.3958
1.2723,3.7262
0.3656,4.6561
-0.50296,-13.774
3.1601,16.628
5.6341,20.035
-5.6582,-43.593
-6.8966,-59.512
-0.063256,-3.8845
-3.9928,-23.354
1.3191,16.675
-1.4203,-15.053
0.24264,-8.3528
4.1726,30.595
0.76712,18.287
-6.7654,-66.405
-1.0219,14.188
-0.70382,-3.2628
-0.93057,-2.3799
-1.0081,3.8663
-5.2108,-40.831
4.4156,30.574
-5.6125,-34.684
-6.7752,-60.265
2.1277,17.494
2.1788,-28.968
-1.7898,-11.737
6.1448,37.102
-0.1861,-29.645
-1.1069,25.872
-5.6878,-49.019
1.7867,-20.687
-2.3172,-15.588
-2.176,-16.311
-1.8681,-26.339
-1.6556,-6.7995
2.1216,34.604
0.70854,15.48
-1.195,-16.984
0.36465,19.817
4.6969,28.792
-1.4517,0.17506
2.5328,16.265
-2.431,-41.055
-0.13973,-27.507
3.3426,12.991
0.4494,-9.364
2.1521,12.153
1.7174,8.0022
1.106,11.732
-1.0435,-0.25961
0.29081,-10.497
4.2977,18.265
-3.4466,-35.503
-4.4143,-49.235
-1.6655,-11.627
-3.2058,-20.551
2.0497,26.028
-1.1278,-1.8251
-3.8503,-27.106
5.0737,43.565
3.2842,14.868
-2.3917,-22.475
-0.67823,-13.995
2.5377,33.141
3.4957,38.38
0.41588,-9.4671
1.4027,4.2999
2.9658,5.6647
-0.13428,4.5471
-4.4686,-25.867
4.3227,44.619
-1.5589,-29.71
0.23744,-1.2358
2.8982,33.562
8.6384,84.721
1.4315,28.074
-3.347,-26.824
-1.7331,-0.88375
1.6374,22.623
1.2303,-4.4499
-1.8703,-10.292
2.5237,29.958
1.3492,9.6122
-1.6081,-13.356
-0.82415,-11.817
2.9713,39.304
-1.1019,6.4193
3.0893,35.569
1.8149,13.602
0.7767,18.875
3.4257,10.217
5.2293,41.313
2.0776,24.152
1.5572,28.805
-4.6174,-43.039
-3.2354,-10.907
-4.7114,-19.832
-3.5809,-22.939
1.1148,-2.4869
2.2352,19.571
1.7999,9.7584
0.1997,0.97536
1.2589,23.133
3.4113,36.964
0.74028,5.147
-3.8378,-38.129
-2.8922,-26.337
-6.9672,-50.468
4.5273,32.321
0.24234,-9.9917
2.3445,22.4
-4.4562,-19.39
2.7755,33.761
-5.863,-48.779
-4.4078,-40.98
0.20835,14.905
-2.5084,-17.02
3.5909,25.715
4.0072,38.185
0.16437,3.2342
-2.2858,-34.465
3.0367,42.008
0.117,4.8542
-2.6823,-34.348
-1.4397,-10.047
-1.6991,-17.454
1.4081,-3.9015
-4.7165,-22.235
-7.9212,-66.708
-1.0759,-13.949
3.1045,5.309
-4.87,-49.514
-1.6555,-25.536
4.8545,34.814
1.235,8.6556
-2.639,-36.275
0.58505,28.281
-2.2634,-11.513
-0.79674,-2.8798
5.768,56.735
-1.9858,-18.23
-2.6516,-1.3108
-1.9818,-18.665
-4.4155,-36.544
0.083229,10.615
-2.8755,-20.4
-2.4558,-25.821
0.41339,17.345
0.0033655,-0.30321
1.6899,3.0222
1.7118,4.9147
-1.2425,2.9639
3.4675,49.354
3.1304,47.829
6.7759,39.888
-2.0698,-0.41053
-2.215,-27.894
-1.4904,-18.299
4.5733,30.523
-4.978,-37.925
0.27642,-9.8866
-2.0078,-5.3412
0.83044,3.0896
-7.2992,-65.791
3.0659,38.618
-5.0847,-42.457
-6.529,-44.575
-0.17116,4.7226
-3.5568,-11.296
3.7591,23.887
-2.0592,-5.975
-4.1601,-22.991
1.7689,34.556
3.3045,22.622
1.0305,23.366
5.3699,17.049
0.033078,7.3512
1.5097,27.44
3.4771,30.399
-2.6179,-12.206
7.7407,63.58
-0.18764,-21.083
-1.7492,-27.146
5.984,52.698
-0.992,-5.6504
-2.4274,-12.662
-0.91261,-9.7629
-0.89385,13.219
1.9313,12.09
1.7473,4.8905
-2.0169,-5.8928
2.6366,18.758
-5.3798,-36.955
1.687,0.52693
0.42204,12.389
2.9737,9.1155
3.8694,23.223
1.8306,10.657
-3.1439,-20.269
-2.1711,-10.582
-3.1574,-36.968
-2.8251,-28.637
-2.5793,-29.15
2.9947,35.455
1.8959,6.8113
-2.7573,-13.805
-5.0968,-34.84
3.508,16.863
2.2461,15.83
-0.35142,13.623
-2.703,-16.158
-1.5784,-26.627
-0.57479,-10.97
4.612,29.43
-0.16814,-3.3188
-1.4379,3.17
2.1928,3.2294
5.3137,51.341
-1.39,-22.158
1.8411,27.397
-0.57935,5.2395
-3.6232,-33.72
-2.7161,-55.839
0.51389,-0.25699
-1.243,1.1961
2.2728,-1.0451
-1.2499,-14.924
1.6674,10.462
4.0715,31.889
0.14886,-4.6379
0.30253,-5.0425
-5.2806,-29.291
0.22306,2.8429
1.6162,7.8515
2.6966,15.544
-4.0466,-30.683
6.6481,56.766
-4.7977,-20.094
2.9752,29.829
-4.9932,-36.41
-4.4866,-26.727
3.75,28.465
-0.42973,-28.371
4.4699,33.863
0.6265,2.9952
3.2377,31.355
3.7422,31.38
1.1798,33.828
-0.92006,-16.149
-0.77144,-26.977
-0.21092,1.9234
7.1338,64.277
3.6927,36.163
-4.2023,-28.383
-0.65584,21.13
-0.37196,-21.739
-3.6103,-11.677
0.8947,21.12
-5.5528,-34.257
0.24549,7.1544
0.096456,16.651
-1.828,-22.284
2.1208,-10.855
-2.0818,-23.074
1.8838,6.931
0.75881,6.346
-0.5753,7.7427
3.8279,38.051
0.53775,15.647
3.4818,25.806
-0.60879,-18.817
2.6711,13.444
2.6578,10.654
-1.4718,-17.194
2.7637,19.05
2.89,45.574
0.54792,2.226
1.8786,1.0104
-0.48484,5.6515
2.3876,23.189
-1.9285,-5.2065
-4.9418,-47.789
0.43812,20.552
3.9806,2.0389
-3.7308,-26.847
1.7177,20.714
-1.7439,-39.664
-0.25948,-16.709
-7.8839,-64.563
1.045,13.581
-3.1694,-23.53
-1.6013,-20.976
2.9053,1.075
0.17751,-22.679
-2.1084,-26.706
-0.75594,-11.155
-4.7137,-32.105
-0.68212,-17.61
0.2922,11.438
-1.3879,8.8706
-7.4958,-77.184
2.1686,26.812
2.4298,15.248
-1.5487,-19.098
0.15277,-10.181
3.1173,19.444
-2.0323,-2.3269
-2.8713,-21.87
3.4834,22.303
-3.3494,-40.359
-6.0433,-49.925
1.4,-9.9226
-2.8198,-11.023
1.5043,3.6152
-2.4771,-7.865
2.1289,22.997
3.4581,24.937
3.1213,18.085
0.29632,8.0257
0.12393,-7.1559
-6.4761,-68.845
1.2321,-9.4898
1.8969,15.121
3.5907,39.517
0.075891,2.9146
3.2422,11.095
-0.4191,4.3566
-0.49926,4.0113
0.95011,9.1434
-0.98317,-3.158
-0.69733,4.8027
-2.0534,-11.152
-2.8167,-34.355
-5.536,-42.71
-0.41431,-10.506
-0.44096,7.4264
-4.1662,-17.264
-0.79691,-11.935
1.5705,3.1232
-0.72049,1.3094
-5.2734,-38.465
3.2711,27.814
1.7787,28.039
-0.16116,4.889
0.50902,4.5564
1.0609,29.49
-4.0171,-8.0186
2.9644,29.619
-1.8713,6.8705
0.13911,4.0791
2.5309,-5.8741
-0.33561,10.129
-0.74729,-7.8805
-2.4024,-11.361
-1.0623,-15.245
-1.1468,-8.4213
-3.5641,-41.087
1.5714,-14.983
3.5417,-0.029662
1.9537,24.508
-2.5225,-18.13
-4.7947,-27.851
1.3603,18.058
7.1131,39.908
-6.1986,-33.534
2.1016,28.247
1.2271,9.495
0.80841,4.5938
2.6649,15.033
-2.7814,-18.61
4.1404,24.012
2.6308,23.426
5.0639,57.142
-8.642,-72.875
-0.35991,7.7649
-1.8364,-23.623
-3.2503,-35.745
-1.4791,-16.237
-0.99733,-6.4647
2.7164,47.689
3.0755,16.54
1.1315,7.463
4.2962,44.45
2.9205,16.268
1.9617,-3.9857
-1.5821,24.494
0.20619,-15.171
-2.939,-26.03
1.2875,15.493
1.4396,18.182
-4.5149,-22.157
2.6024,28.689
-1.8241,-7.9825
-3.6372,-19.319
2.9052,29.395
-2.4032,-17.018
-1.7124,-18.411
1.7073,11.959
0.94804,19.608
1.7887,13.144
-4.9273,-45.423
3.2125,27.299
-2.6546,-24.996
2.6601,1.2788
-0.081213,-0.49351
-3.6934,-21.863
-2.7453,-35.964
2.2042,36.105
-4.0801,-36.632
-4.2732,-29.72
3.0422,21.486
0.31195,0.98423
-1.8827,-24.027
-2.324,-7.5679
4.8994,48.817
-3.5921,-41.541
-4.8794,-42.454
-1.7366,-21.596
1.3739,13.294
-3.2187,-29.798
0.42376,3.5061
-0.047727,-4.1005
-2.7398,-36.357
-2.7212,-13.859
4.5356,18.581
-3.65,-35.204
4.4438,26.174
1.3035,9.8138
0.12501,-7.0647
-1.7087,-18.459
-1.5686,-14.563
-3.2172,-22.983
-1.6666,-15.41
-3.7249,-46.982
2.1105,13.631
2.3988,6.107
1.8053,22.403
