0,0
0.26351,-9.2045
1.0007,16.272
3.6589,54.261
7.2617,70.992
3.6733,57.587
2.928,68.715
5.0925,83.849
1.1102,60.94
-0.13899,27.718
6.7637,72.786
6.7974,49.551
9.0414,64.535
6.9288,38.017
3.9593,17.701
0.026047,0.50913
5.196,67.688
0.71167,3.6804
-1.8127,-23.751
0.11706,6.893
1.7496,7.4508
-2.7145,-11.881
-4.6948,-8.2225
0.073634,27.23
2.8875,42.274
6.1107,43.094
1.5886,-13.024
3.8985,9.6007
1.0191,-16.678
1.0983,-21.364
-0.29936,-25.067
-0.21119,-26.459
-5.6956,-66.682
-5.0039,-34.331
0.93938,-10.426
-0.082211,-2.2609
0.80571,-12.094
1.4076,-26.465
0.082196,-60.38
6.5795,-0.91644
7.7617,-5.5589
4.8798,0.553
2.7379,-31.392
2.281,-49.195
-0.34514,-59.794
4.1257,5.1002
-0.58033,-32.128
1.5271,-28.048
5.1562,-6.529
3.1001,-1.1492
-2.0829,-52.698
-1.2835,-33.376
-0.56102,-5.6601
0.30695,-16.053
-0.29263,-12.154
1.974,7.0827
0.60978,10.286
1.8771,16.588
3.485,26.433
1.6842,5.369
3.0654,-15.09
7.0743,-0.82847
3.2144,-23.474
5.7286,9.3486
4.7728,18.057
3.8088,12.19
4.7597,14.02
0.27607,-29.079
4.2676,4.991
6.6228,27.834
2.4384,2.1154
-3.7391,-40.589
-6.1411,-41.54
-4.1402,-34.907
-6.3643,-39.765
-6.3662,-23.922
-4.0953,-31.881
-0.6062,14.11
2.1497,26.459
6.4818,79.272
8.4076,83.518
15.267,134.04
14.211,110.41
16.977,118.26
16.611,135.82
13.947,110.26
11.252,88.896
11.841,105.09
6.7906,40.354
3.0793,5.4592
-1.4243,-29.607
-1.1876,-6.9436
-4.3539,-47.301
-3.5631,-45.767
2.5218,7.9158
1.6567,-6.5362
0.016576,-37.634
-3.6614,-52.916
2.1714,-13.662
-2.4417,-51.772
-3.4559,-61.225
-5.9393,-83.112
-10.826,-118.47
-11.05,-103.37
-4.1535,-51.18
-4.7467,-52.116
-5.8169,-75.261
-1.8048,-32.595
-2.3732,-36.729
-3.9203,-43.048
-8.6201,-49.477
-8.5007,-42.568
-7.9693,-62.469
-5.1106,-23.49
-5.1698,-12.612
-1.207,38.999
-7.4733,-10.128
-8.1591,-28.835
-10.024,-30.015
-11.757,-30.528
-12.936,-57.169
-14.042,-75.341
-12.51,-75.466
-14.689,-118.23
-14.909,-152.32
-13.459,-144.82
-17.049,-136.24
-15.384,-124.25
-10.629,-95.765
-6.4841,-72.023
0.41361,-22.207
-1.1536,-25.755
0.29697,5.7315
7.6745,79.5
4.805,45.644
4.7118,26.873
3.0182,39.895
-0.8042,13.234
-0.18174,37.247
0.40537,43.08
-2.0658,13.016
0.13848,14.626
1.8686,0.52762
6.1181,19.412
7.5894,22.363
8.004,36.347
5.3583,42.309
7.2192,78.053
8.3299,105.78
6.2693,94.094
6.4491,96.242
3.0372,68.219
2.5003,61.357
5.1419,71.233
1.6838,27.256
8.2648,52.076
4.2231,7.3762
3.2431,14.016
-2.6356,-34.782
-1.5402,-31.824
-5.7664,-65.78
-2.0902,-53.076
-4.8896,-78.27
-7.3834,-103.02
-7.5192,-97.778
-4.5054,-76.104
3.9858,15.16
4.5595,37.581
1.7635,20.151
-0.84088,9.1061
-0.47847,36.492
-0.23168,60.361
1.7319,67.963
-2.7761,-4.8491
-7.7687,-27.634
-4.1287,14.955
-0.80398,40.32
-0.79464,35.902
-3.004,23.725
-2.7425,40.443
-6.0031,18.718
-0.79487,46.631
-1.5858,53.004
-4.2892,50.744
-5.5212,33.163
-11.388,-31.316
-14.783,-52.335
-18.005,-62.926
-16.392,-60.295
-14.167,-57.167
-15.824,-74.945
-8.1794,-2.015
-8.2358,-16.835
-10.292,-39.526
-10.01,-49.084
-3.6525,10.875
-5.1803,-1.2893
-9.1822,-45.79
-10.131,-74.315
-13.904,-89.803
-10.311,-61.795
-9.7788,-58.706
-9.2587,-39.415
-0.72568,3.5215
1.2122,-11.815
1.6311,-25.428
1.2848,-9.5978
-4.4051,-52.908
-5.5224,-62.965
0.49177,-21.637
-5.5432,-61.277
-10.05,-95.314
-7.9499,-83.555
-8.9189,-92.854
-9.7403,-69.926
-13.881,-111.05
-13.944,-115.79
-10.712,-61.751
-4.3059,-10.282
-9.2405,-47.635
-10.305,-64.51
-12.813,-79.818
-13.988,-93.816
-10.118,-79.147
-8.712,-51.661
-7.2272,-41.599
-5.8182,-14.408
-4.7302,-2.8637
-11.387,-13.884
-9.1478,4.0808
-8.5639,-1.3029
-6.9157,4.5245
-2.1339,22.576
-5.0691,15.847
-3.8417,13.308
-6.2878,-17.087
-7.8103,-17.76
-13.517,-79.216
-10.859,-59.903
-11.027,-54.919
-9.9229,-37.51
-7.0424,2.0709
-5.1258,9.6864
-7.0734,3.9398
-11.273,-32.777
-10.045,-13.78
-4.5388,11.713
-6.2862,-18.324
1.2318,40.783
2.5364,26.319
3.097,18.201
5.1933,35.505
6.2983,23.689
4.3966,4.5567
4.1838,36.81
0.70776,1.9836
-0.62843,5.8063
-8.9407,-53.824
-6.9994,-23.108
-10.092,-60.545
-17.221,-114.56
-6.4035,-44.216
-7.4028,-39.161
-14.648,-102.9
-13.38,-95.215
-12.936,-114.67
-14.168,-126.2
-10.014,-93.121
-2.2303,-39.48
-0.20176,-29.29
-2.2877,-22.209
1.8728,29.694
1.9788,-2.4816
5.6042,40.845
3.9729,20.781
-2.2872,-35.437
-8.3891,-74.136
-10.522,-82.58
-11.405,-108.3
-9.8269,-109.94
-8.711,-83.448
-7.7005,-72.84
-4.4409,-37.937
-6.4447,-55.415
-9.4753,-95.821
-10.61,-105.65
-13.246,-121.89
-11.323,-110.21
-8.5119,-72.309
-4.299,-44.358
-2.633,-25.15
-2.4791,-12.656
-1.0314,-8.3201
-3.6264,-47.209
-5.0461,-74.488
-6.081,-97.787
-0.36071,-65.019
3.2138,-49.038
-0.40576,-69.687
-1.0498,-79.282
-5.812,-98.38
-3.3732,-79.057
-0.22316,-30.223
2.4042,-18.119
-0.92525,-82.806
-3.5038,-94.681
0.29961,-46.959
3.5859,-21.365
5.3857,22.831
4.2543,22.314
6.8317,36.411
6.1405,43.002
1.3418,6.3594
2.6114,25.539
4.6701,60.595
3.2891,51.072
3.3403,48.535
2.3503,33.946
7.0746,50.62
10.643,81.866
12.868,122.58
12.516,137.41
14.942,166.08
9.7718,106.44
9.121,86.768
9.1679,91.018
13.498,111.1
11.061,78.306
12.429,101.14
16.434,147.23
14.901,143.58
9.9613,105.68
8.6052,114.37
4.4468,102.84
2.8184,94.297
3.4251,115.85
6.033,113.97
4.9298,121.4
1.9846,89.213
2.17,76.181
3.7498,83.23
2.8562,73.216
0.46989,70.812
1.4261,73.301
4.7829,90.97
7.3746,119.2
7.6372,135.89
6.2112,139.53
9.704,155.25
10.911,128.37
8.9333,101.45
8.9871,112.31
9.0532,91.512
6.1496,62.013
9.9412,92.598
10.369,113.26
6.7638,81.122
7.8359,73.74
6.3158,59.048
2.6037,31.357
4.2736,50.312
2.1891,45.917
0.13509,28.495
-3.9166,3.4145
-5.9724,-2.4011
-8.5006,-12.059
-9.8651,-14.223
-7.9553,6.0786
-10.22,-24.402
-3.0535,28.727
-0.85203,47.216
1.5047,30.747
5.0356,63.004
5.061,53.902
8.848,85.954
7.2058,71.668
6.3019,75.986
6.877,92.275
6.0116,82.242
2.9992,72.039
6.1495,92.183
5.2359,88.031
1.4003,55.566
-1.1274,37.304
0.9861,52.242
7.1293,91.275
13.261,107.87
7.0193,83.778
10.311,127.8
7.2194,85.578
4.7396,62.554
2.8537,24.427
4.275,31.63
0.74687,15.877
4.186,53.988
3.4786,37.827
0.17999,9.4988
3.3638,38.933
3.589,29.501
4.6255,45.424
6.2577,54.868
10.205,87.663
8.0588,51.615
11.047,63.48
10.803,47.628
13.429,76.19
12.316,53.034
16.871,79.383
7.7641,10.57
7.9159,2.6643
11.385,21.344
12.521,29.187
12.165,46.17
11.696,37.714
5.6138,-1.0499
2.3661,-12.178
3.6785,-5.3274
4.8194,-18.218
6.3334,7.8136
5.5272,3.1475
8.5405,71.916
5.3256,71.407
3.5279,37.044
5.9587,62.35
5.7121,54.908
6.694,72.032
2.9962,35.028
5.3552,52.422
1.2112,31.46
-0.10593,-8.0409
-1.3247,-6.9336
1.0453,-14.998
2.2424,-4.1043
-0.79452,-15.196
-1.2549,-17.148
-4.0629,-32.64
-1.4156,0.54279
-2.7697,-15.927
0.36168,-5.3188
0.57303,2.7149
-1.4579,-8.0113
-1.2012,-12.158
4.4988,8.686
5.126,22.862
-0.20827,-26.405
-1.8669,-40.316
-3.7367,-65.552
-4.1292,-49.436
-1.1617,-26.457
-3.4721,-51.066
-0.6379,-47.016
-2.3497,-75.98
0.21815,-49.473
4.3241,-45.104
2.3833,-49.272
-5.0917,-103.66
-6.9036,-104.97
-3.606,-69.201
-7.4233,-94.971
-9.2833,-102.94
-8.932,-104.29
-8.4583,-78.45
-9.0057,-89.213
-9.353,-112.23
-7.0807,-86.726
-6.089,-65.076
-8.1463,-63.77
-9.3224,-57.045
-7.6272,-49.177
-3.5255,-39.956
2.1271,7.1
5.432,24.503
4.9305,22.92
7.9763,33.073
6.4083,16.44
-1.028,-34.53
-1.9207,-22.613
-2.4536,-22.414
-0.57447,-26.619
0.53728,-10.823
8.0858,52.957
4.8322,-2.8126
-1.7166,-46.106
-1.3002,-30.946
1.8028,-19.303
3.6959,-9.4849
3.74,-9.1379
10.308,57.723
4.2235,21.704
6.9474,56.762
8.7975,80.323
9.6081,77.34
10.588,83.226
13.738,79.344
10.292,74.055
2.9648,22.946
0.006928,2.9041
-2.9262,-29.152
-2.479,-25.315
-1.1292,-22.07
0.81182,-13.374
4.4692,2.5008
4.2735,-1.3717
-0.12236,-29.78
-3.6392,-13.031
-4.4872,-32.619
-5.4811,-29.449
-5.0774,-35.902
1.6745,16.075
1.8456,3.5233
-0.56963,-30.873
1.7126,-26.936
3.3712,-20.049
6.4779,-9.2015
4.2246,-33.26
8.3538,-3.557
1.3608,-57.173
3.1761,-55.219
3.7165,-48.768
-4.0069,-94.637
-6.3269,-128.45
-3.6213,-128.25
-1.2261,-103.89
-2.7047,-86.978
-4.5869,-101.74
-10.635,-159.27
-17.018,-175.48
-17.347,-172.85
-17.108,-143.4
-12.751,-104.23
-13.493,-107.02
-9.232,-113.73
-3.1187,-66.553
-6.7633,-100.58
-3.5617,-89.7
-5.8526,-77.201
-6.5862,-70.851
-7.605,-64.849
-7.9094,-80.578
-3.6048,-34.618
-4.1866,-54.976
-5.2147,-51.04
-7.8235,-74.57
-6.1687,-71.86
-9.9162,-120.45
-6.5734,-83.683
-7.5459,-76.304
-4.3362,-46.56
-0.16863,-36.605
1.0342,-26.716
-0.20314,-29.505
1.3695,3.6126
-0.19714,-14.217
-3.1719,-61.564
-7.0038,-114.64
-7.0919,-126.18
-5.1026,-85.775
-5.2412,-85.234
-8.1162,-123.31
-5.1065,-88.961
-2.38,-66.949
-0.88728,-34.966
0.70911,1.5925
2.7132,10.566
1.277,0.53387
-1.0566,-20.421
2.2497,-24.005
-0.35317,-36.801
3.6077,-25.508
5.4251,36.553
4.3959,22.009
0.16095,-8.051
1.8405,7.3898
3.4933,-0.34055
3.2258,36.188
4.969,66.144
4.8228,73.442
3.7876,64.371
7.944,113.55
11.243,151.61
11.072,164.96
16.958,191.88
16.214,188.69
8.0955,119.58
10.77,143.48
9.4993,101.97
9.9752,95.074
5.4565,79.392
5.2602,71.643
0.46447,24.102
-6.5062,-47.144
-10.627,-83.068
-8.1028,-81.594
-6.6699,-63.843
-3.5532,-43.221
-1.3351,-19.641
-5.5445,-50.939
-0.1862,6.4372
3.4783,42.916
3.2029,28.636
1.9962,39.078
-1.2849,20.168
0.46187,6.9576
-1.3457,-5.2349
-0.52285,9.8932
1.4492,41.049
0.017082,7.9113
3.5221,37.7
0.51553,6.6911
-2.3332,-42.15
-2.8047,-45.247
-1.5142,-47.375
3.3685,-7.567
0.54535,-39.179
2.2409,-32.7
5.97,-11.805
4.5078,-23.486
0.19456,-67.836
7.9154,0.61765
2.4041,-23.542
0.63131,-17.216
1.8155,-16.736
3.2174,-14.157
6.4877,8.8185
6.7353,13.345
8.9816,30.356
10.184,59.654
9.7348,49.279
9.6994,38.93
7.0031,26.551
5.4874,29.576
7.2564,44.945
5.8999,15.723
3.3116,-8.1893
3.5988,-4.9868
2.9999,-28.023
-1.7654,-66.148
-1.2203,-74.116
0.97405,-60.051
-2.402,-101.1
2.0039,-55.879
0.2959,-62.725
2.4769,-40.2
3.0042,-40.576
0.95814,-50.651
-2.5813,-92.65
-0.35683,-59.082
4.0275,-32.662
0.013329,-54.091
-1.6489,-42.99
-3.3218,-44.189
-1.5002,-29.856
-2.8827,-68.037
-1.8344,-58.612
-2.355,-63.662
-6.6506,-88.871
-3.8032,-59.908
-8.7312,-75.589
-9.1907,-73.369
-12.692,-66.674
-10.483,-58.538
-10.105,-81.522
-9.8787,-94.073
-9.3318,-93.924
-6.5726,-64.584
-5.6039,-57.716
-9.2654,-85.554
-10.232,-90.576
-11.753,-107.42
-8.0398,-81.214
-6.3065,-63.096
-5.4529,-30.209
-2.9845,-1.7755
-0.4021,30.702
2.0809,48.057
-0.079363,30.497
0.32062,20.295
1.6469,40.631
-1.2194,5.3882
4.9574,56.33
8.8554,84.619
7.8929,53.718
4.5414,20.028
8.5502,62.14
10.846,97.083
12.01,115.4
1.6874,32.915
1.3043,2.7304
8.0183,73.162
3.767,43.513
3.889,53.415
2.0991,15.003
1.9512,17.594
0.45667,8.1666
2.6717,23.36
6.3415,55.022
5.3705,58.341
6.3825,68.611
3.9818,47.137
6.6828,61.213
4.9638,47.879
6.1508,59.932
7.2316,81.044
9.5628,83.837
4.3034,37.338
4.8427,62.235
4.6589,69.29
-3.0444,16.644
-4.1688,-6.3443
-4.0844,-19.909
-7.2436,-50.872
-3.505,-32.67
-4.0164,-62.637
-5.3505,-48.201
-7.2553,-65.619
-5.1337,-40.832
-8.5694,-84.258
-3.9189,-47.982
-6.1922,-59.141
-6.758,-72.633
-2.335,-46.362
-3.8018,-24.397
-4.544,-31.028
-4.9637,-44.76
-6.1511,-57.632
-2.7363,-20.585
3.358,7.9164
4.9759,28.112
8.4439,71.979
8.6902,85.606
9.4037,72.96
11.409,99.094
13.88,99.696
9.2177,50.6
6.1525,41.812
7.4939,67.972
8.6331,64.828
10.667,59.59
6.4982,29.296
3.7821,8.085
9.7356,33.906
6.8384,5.1358
9.9899,34.265
7.5609,-2.4723
5.9118,-1.3249
3.0805,-18.845
-0.16144,-43.154
-0.93711,-52.576
0.56566,-33.422
-3.7185,-54.565
-0.21638,-36.188
-1.6291,-56.016
-1.3354,-49.245
-3.3914,-49.018
-8.0199,-63.728
-8.0895,-74.08
-5.2243,-34.536
-3.015,-21.938
-6.3322,-48.688
-8.7334,-76.926
-5.0469,-53.032
-2.5041,-32.946
1.5399,-5.6155
-2.7608,-56.414
-5.3161,-74.98
-0.45609,-29.765
1.7114,-11.191
1.9943,-12.404
5.1541,-3.25
2.9074,18.522
1.9555,26.081
-0.81594,23.733
2.5306,25.882
6.2239,45.04
6.7143,21.95
0.79672,-14.853
1.5711,-2.6667
4.6192,23.12
0.72505,13.183
0.48193,-7.6546
5.2278,29.833
5.2006,19.108
1.1049,-21.69
2.8513,-7.4757
2.8925,12.712
-0.21541,-27.883
-2.7414,-42.39
4.7902,25.523
2.3705,7.3956
4.9852,44.165
7.0979,77.075
8.1438,91.021
10.473,108.12
6.6642,46.432
3.8842,45.392
2.6172,36.545
5.3066,77.244
3.4435,75.115
1.3423,45.548
2.9615,44.871
0.67583,26.375
1.3132,14.894
6.365,54.915
4.3955,35.799
7.597,39.483
5.58,36.378
7.9435,54.679
1.9071,-14.507
-0.73578,-54.873
2.9654,-17.16
5.0886,16.184
2.7281,8.8401
0.65033,-8.6182
3.4503,16.705
3.3507,14.187
1.3017,10.144
0.33019,-12.116
6.559,56.938
11.263,80.068
12.243,95.085
9.1,92.893
10.668,85.981
9.0832,73.76
15.114,103.11
13.944,95.724
12.213,115.58
6.8437,84.689
4.7446,59.879
2.6266,21.952
2.9685,28.836
-2.9369,-0.69513
-10.743,-73.276
-13.375,-104.68
-14.029,-125.6
-13.826,-120.73
-11.768,-80.847
-10.639,-82.148
-11.394,-83.445
-7.8932,-60.322
-8.667,-51.285
-4.4355,-9.9638
0.53011,22.631
-1.9063,-19.355
-2.5163,-33.74
1.5994,-9.5908
4.3702,21.859
1.4839,-11.583
2.1052,10.828
3.8351,-7.1319
9.4981,25.544
12.874,48.751
11.308,51.351
12.498,67.823
7.5583,44.714
8.8649,69.203
8.2888,71.951
2.0661,28.993
0.13068,29.13
0.66996,30.721
-1.4197,-1.066
-0.89585,-1.0941
-2.6649,-26.74
-2.0657,-20.789
2.5467,11.129
-2.5432,-30.49
1.2886,2.6136
-2.8092,-38.212
0.079117,-0.93348
1.1192,14.097
3.7866,41.311
0.51096,17.431
-2.215,21.717
-3.5009,9.283
-3.4587,5.5595
0.096203,19.299
0.30459,6.1663
3.051,13.085
0.62412,-22.847
-2.5939,-22.76
0.055566,-5.1587
1.7397,-1.8811
4.3524,7.9938
1.5975,17.372
1.7989,6.2531
4.3737,37.629
1.8616,20.992
-5.3433,-30.348
-9.4723,-64.893
-10.393,-90.39
-7.4192,-56.958
0.66227,-5.819
2.7751,8.2781
10.71,65.587
8.2772,75.791
5.0262,45.092
5.6604,54.851
-0.92676,-3.3575
3.2496,18.859
4.7753,45.016
0.5522,13.241
-4.5758,-17.654
-3.3088,-4.8055
1.5879,48.843
3.5348,60.966
2.3769,49.087
2.0062,38.758
2.9263,48.873
3.0019,41.284
1.2936,16.657
5.22,30.787
2.5941,10.259
7.6761,46.827
0.51971,9.9431
-1.1414,1.6041
-4.4419,-31.673
-9.7798,-57.168
-6.646,-33.616
-7.7918,-34.459
-8.6576,-43.356
-8.8291,-56.58
-11.425,-72.017
-9.8117,-63.665
-7.6141,-47.938
-4.7732,-28.78
-6.563,-49.346
-7.6463,-65.539
-7.6911,-69.356
-2.6227,-28.322
-2.1908,-36.592
-5.6112,-60.587
-7.6375,-56.585
-6.1492,-60.756
-6.8517,-68.52
-4.4784,-54.148
-4.427,-43.89
-2.8595,-19.794
1.6445,44.891
1.7352,59.49
1.2805,63.622
3.7486,65.985
-0.87241,24.252
1.5982,57.468
2.8601,74.209
0.47149,68.151
-4.24,23.009
-2.8718,18.2
-1.2237,22.315
-5.9353,-18.641
-5.5274,-27.69
-5.3263,-10.524
-5.5785,-4.6021
-10.167,-39.285
-4.03,22.72
-3.2933,39.118
1.6559,56.383
3.3778,58.398
-0.40048,17.284
-0.26344,39.437
-2.9245,-3.264
-0.36986,14.007
-2.4899,-12.521
4.151,22.638
2.7815,19.466
-2.0877,-15.234
-1.8756,-8.685
0.085149,-10.252
-1.3044,-32.977
-1.9062,-38.322
-0.24174,-27.366
0.31809,-5.7348
-1.7224,16.365
-1.5342,22.459
0.093928,17.184
-4.0562,-22.636
-4.0842,-26.472
-2.172,5.0499
-1.491,7.7793
0.14167,39.501
0.18434,22.951
0.084209,15.892
6.6808,68.918
2.7714,37.429
1.6912,25.586
3.2898,49.666
6.3546,57.843
10.286,93.245
10.261,97.865
7.1239,74.075
7.8857,66.434
5.6968,59.261
2.9049,19.878
3.5363,20.006
3.7091,34.253
5.3826,55.979
5.4941,44.96
6.7406,70.336
4.7128,56.293
3.0539,48.457
2.9165,35.003
1.5326,48.745
-1.7257,17.093
-0.57609,34.836
1.2302,31.306
3.186,53.97
8.017,65.771
10.117,78.961
10.835,66.481
1.7324,-4.7573
-2.9804,-26.367
-7.165,-59.935
-10.28,-70.838
-9.4278,-91.642
-8.7024,-71.846
-9.2851,-77.845
-9.7222,-79.996
-7.8714,-62.738
-6.197,-52.662
-5.6363,-47.012
-6.7459,-66.972
-7.3936,-72.735
-9.1483,-71.893
-10.831,-71.413
-2.6941,-1.8031
-0.77131,5.746
0.30928,6.9461
-1.8718,-8.8768
0.77127,32.839
6.4683,64.378
5.785,51.443
5.9489,36.269
6.9143,34.959
3.6687,3.0614
2.3784,-32.537
2.1639,-23.108
2.7312,-36.513
0.36286,-56.741
-1.9867,-76.287
-5.6974,-106.14
-8.6452,-127.62
1.3647,-41.706
-0.66144,-45.6
3.7131,0.14359
4.637,20.16
5.3831,36.652
-1.0726,4.3455
4.5908,20.357
5.1937,9.6669
2.0649,-10.555
0.87121,-27.495
1.0357,-35.672
2.1,-22.396
-1.615,-34.274
-1.7038,-19.105
1.1458,-11.932
3.5433,-15.851
5.4972,-0.15923
-0.15142,-29.835
2.5171,5.8846
-1.2812,-46.904
0.20183,-28.722
-2.7093,-54.089
-2.1481,-49.201
3.2243,-16.75
1.6875,-26.77
2.9368,-24.8
6.389,-5.032
0.40492,-57.897
-0.1237,-91.592
-0.20908,-85.807
3.1201,-44.785
1.686,-46.48
0.6126,-43.595
3.8039,-27.959
6.3522,4.0201
6.6639,20.191
9.5549,7.6165
0.92561,-46.588
-0.18208,-61.578
0.76277,-35.841
-4.5616,-48.227
-0.90802,-23.365
-4.0593,-51.367
0.89551,-13.192
6.1263,14.146
3.7733,24.463
5.8238,50.862
6.1739,52.779
12.543,122.98
3.2925,55.057
4.6052,63.765
4.0874,83.144
-0.57355,32.837
2.5907,68.327
3.978,77.842
-0.79043,34.39
-3.8816,-10.654
-0.22276,9.3148
3.0416,30.582
3.9712,37.847
0.60276,13.153
0.1474,28.35
-4.068,-11.349
-3.0208,-0.99276
-2.5672,-5.793
-5.3718,-43.183
-5.873,-25.591
-8.0775,-29.459
-3.7753,-16.013
-5.5831,-35.605
-5.7847,-40.194
-8.2496,-55.375
-6.085,-44.204
-2.7348,-6.9227
0.42043,16.374
4.765,51.471
1.1134,36.091
0.87562,28.459
3.1512,62.822
-1.4964,37.615
0.32677,43.058
-5.0956,-8.8737
-0.68728,20.256
-1.2746,20.86
-3.002,-2.7098
-3.4524,-25.478
-3.1841,-30.077
-1.4925,-20.436
-3.69,-39.002
-1.4911,-28.882
-2.9752,-37.003
-3.2771,-57.276
0.96548,-13.516
-4.309,-80.427
-6.153,-80.654
-8.3896,-89.643
-10.061,-83.172
-7.8228,-42.98
-3.1855,-42.754
0.22202,-37.392
3.3483,-7.6037
1.3256,-31.231
0.65035,-11.538
3.2896,-2.9206
1.374,-43.715
0.78232,-10.155
1.9409,15.617
7.0475,38.744
7.9921,13.849
5.8474,-30.202
4.6779,-22.2
1.4154,-40.099
-5.7562,-89.269
0.71057,-40.641
0.18129,-23.238
-1.0422,-18.276
0.29654,6.2757
4.7682,40.916
6.5838,54.961
6.7282,70.191
5.6891,72.202
6.7304,90.844
3.5722,65.075
1.6363,47.122
2.4282,35.221
14.352,112.06
15.138,96.637
8.592,50.97
8.1539,33.781
8.427,60.301
9.088,69.687
13.489,108.43
14.873,100.5
15.6,104.7
11.942,82.451
14.26,98.323
12.143,111.33
12.748,95.676
15.038,99.297
16.128,112.61
12.364,88.426
11.63,104.85
8.4366,81.744
6.7982,39.38
6.8224,44.37
9.871,54.48
9.5952,56.9
5.1887,-2.2556
3.7743,-21.939
4.6771,-15.532
5.9248,-6.0098
4.8269,-11.54
7.8562,21.343
5.699,-11.119
5.785,16.07
-0.18062,-12.717
4.9167,31.416
3.8271,7.7762
4.8825,30.85
1.3854,7.8504
1.875,16.286
2.8846,13.114
3.7781,18.67
1.2144,8.5016
2.2068,-17.645
4.2576,-11.537
7.0422,8.7668
0.76572,-43.482
1.3403,-41.152
7.1191,13.829
-0.77312,-36.588
-3.3893,-65.3
-1.1808,-71.903
2.4293,-54.474
0.67051,-67.942
1.1647,-58.2
0.81806,-66.661
2.2077,-46.436
1.5304,-69.897
-1.4082,-90.821
-4.3338,-101.33
-0.57831,-74.831
-0.86085,-63.061
1.4424,-41.699
3.1813,-11.262
11.798,43.608
7.5073,34.515
6.1195,9.1003
4.9531,-6.029
7.7016,-9.1912
5.839,-39.606
7.9773,-40.106
4.0847,-75.305
0.41294,-83.654
2.0353,-63.618
-2.778,-94.38
-1.7616,-73.044
0.557,-64.99
1.1977,-37.347
-0.4528,-27.136
2.1825,-9.2279
6.4719,43.613
4.1606,17.062
4.5637,0.46687
3.739,10.296
0.63872,0.037072
1.1706,-12.119
-1.2038,-37.274
0.49945,-33.288
1.5267,-7.9603
7.602,33.872
8.0991,33.252
11.646,35.692
10.564,31.031
6.375,-9.8257
5.5611,-4.5566
0.85712,-41.865
1.3838,-29.133
4.7009,3.5405
3.9397,-6.0665
1.2437,-23.779
2.3269,-0.74559
-1.008,-19.844
-5.7092,-35.679
-5.2746,-15.009
-15.312,-79.084
-12.729,-59.67
-9.8788,-49.665
-7.9069,-25.801
-8.069,-22.071
-6.2928,-16.261
-6.9181,-11.465
-3.1676,32.202
-1.2666,45.334
-3.9275,41.76
-8.6641,-11.59
-6.564,-0.26398
-7.8432,16.474
-2.9714,39.208
-2.3917,15.178
3.3576,71.523
1.4405,52.998
7.4308,88.433
4.0034,73.403
2.9533,42.225
-1.2009,11.448
-7.8928,-21.432
-11.7,-48.898
-11.798,-50.223
-11.565,-65.708
-13.552,-99.015
-13.833,-105.03
-10.503,-93.707
-12.796,-120.92
-4.4869,-67.296
-6.099,-55.816
-5.0871,-37.328
0.15727,26.012
-2.9172,27.035
-2.9275,35.515
-8.1373,-20.511
-10.48,-46.29
-8.6735,-49.737
-10.165,-50.953
-6.5226,-20.953
-7.1116,-48.85
-4.9543,-9.8288
-3.683,9.5935
-3.542,19.231
-3.0838,12.985
1.3877,31.315
4.243,60.778
2.3794,58.713
1.489,63.531
0.73938,82.999
1.6906,83.668
2.8258,87.32
5.6481,71.988
3.6155,80.102
-1.8779,33.023
-1.7719,45.291
-4.5463,25.564
-4.8916,12.167
-0.032253,11.362
-8.141,-72.137
-8.0682,-71.263
-8.5736,-75.156
-7.1759,-81.396
-6.7938,-71.273
-7.8829,-73.841
1.53,-6.0633
-3.184,-39.037
-5.1677,-43.672
0.32743,-19.794
-4.1939,-53.181
-2.2092,-13.878
-3.3693,-8.4069
0.20411,-16.092
1.2282,-3.5822
3.4431,2.3756
3.0459,-8.657
6.8736,14.467
4.163,-5.5467
0.93841,-54.592
0.63949,-25.165
-1.5587,-37.573
-0.13859,-27.516
-3.4911,-62.638
-1.778,-48.442
-6.5057,-81.764
-6.8494,-67.298
-5.6095,-62.934
-7.2498,-90.356
-9.4095,-85.61
-8.1799,-93.396
-5.3993,-47.307
-2.5428,-15.13
-0.62192,-24.194
-3.3762,-41.264
0.57142,-14.705
-0.98823,-39.962
-0.073594,-23.535
-0.80218,-31.439
-1.8569,-35.617
2.8322,-41.339
0.52936,-61.898
-0.56856,-73.469
-1.4361,-85.863
-2.4902,-82.053
-0.021677,-48.047
-5.0649,-65.029
-0.26144,-5.7377
0.52794,27.316
-2.2555,8.9629
-3.8985,6.5553
-5.5084,-20.53
-3.4982,-18.578
-2.7881,-6.5992
-0.7453,1.3911
2.4177,2.3464
-1.0426,-21.053
-4.4838,-47.915
-0.68895,-8.9852
2.0853,9.2777
5.098,29.349
7.6483,41.954
6.88,29.058
5.1578,13.987
6.5874,35.103
8.7545,59.077
11.39,77.654
12.119,85.319
11.631,87.3
12.634,101.6
13.115,102.82
11.289,89.219
7.3408,38.717
8.6483,47.688
12.233,82.201
14.128,92.337
12.043,88.693
9.1182,67.845
9.6592,85.613
7.2289,58.082
8.0892,49.773
6.7854,65.089
8.1339,102.92
7.0769,77.477
4.3808,56.585
4.8435,58.062
1.8609,40.364
-1.7665,5.6374
-3.7946,-0.25795
-9.2651,-38.751
-10.355,-55.438
-6.8735,-49.063
-12.61,-112.25
-15.982,-121.37
-13.984,-125.09
-9.9993,-101.53
-6.5342,-61.476
-5.8118,-42.366
-8.8249,-78.572
-10.129,-91.621
-9.6094,-83.729
-10.953,-89.647
-11.28,-92.183
-8.6614,-58.792
-10.863,-87.583
-14.844,-117.94
-11.108,-98.944
-0.1121,-27.431
5.3531,18.883
5.2794,22.59
4.7841,25.547
4.79,38.985
4.9664,36.752
7.4286,54.584
10.91,67.008
5.2833,7.3132
7.6506,37.483
8.6002,56.155
9.5586,66.422
7.8333,58.763
0.47774,-14.225
0.38967,-6.5478
-0.69776,-15.495
0.28754,-2.6971
3.1735,-9.0704
1.9686,-23.654
0.84267,-31.62
0.89737,-20.603
3.3987,-8.2851
0.23696,-45.855
-3.8016,-66.046
-3.1341,-60.764
-5.0274,-61.068
-1.5546,-55.416
-3.1002,-63.169
-1.8013,-34.074
-5.3884,-53.822
-6.0252,-44.478
-5.3203,-6.1422
-11.983,-70.559
-14.885,-76.071
-10.977,-44.695
-12.344,-59.163
-10.075,-49.956
-3.5781,-31.882
-1.3917,4.3002
-4.9205,0.50021
-9.2385,-54.911
-12.718,-74.969
-12.015,-76.083
-6.5837,-24.988
-12.404,-99.532
-12.333,-100.41
-8.7767,-77.029
-12.799,-125.41
-13.899,-126.63
-7.1097,-75.056
-4.9757,-57.823
-2.2723,-35.123
-3.5364,-46.671
-4.2509,-48.667
-1.7165,-37.588
0.52032,-37.794
-0.79056,-47.365
3.908,-1.1773
0.091362,-12.682
1.7054,4.0135
1.1159,2.3885
11.41,61.823
7.3521,26.211
6.2644,45.974
7.7628,78.137
10.361,113.23
10.489,112.37
6.7247,95.605
8.7288,103.73
8.2283,84.678
-2.3396,3.0211
-5.3021,-14.332
-4.0155,-3.2617
-2.4258,-7.8929
-0.30945,14.482
-2.1298,5.0903
1.2757,39.967
1.5798,29.083
-3.4469,-5.4708
-2.1078,-7.9392
-5.3781,-39.756
-9.7166,-71.294
-11.556,-59.882
-7.2058,-30.951
-0.38218,13.404
-2.0122,-7.6151
-2.61,-18.85
-2.6384,-5.6024
-0.46773,0.59185
-7.5597,-46.816
-7.9229,-50.885
-8.9501,-51.754
-5.1452,-19.402
-5.9878,-41.369
-10.533,-83.96
-12.287,-123.1
-12.573,-109.34
-9.717,-65.379
-9.7437,-72.855
-7.232,-68.556
-6.1587,-70.634
-2.6624,-27.619
-2.3495,-30.451
-8.5159,-60.524
-9.7869,-63.991
-10.484,-82.62
-9.7384,-84.528
-12.226,-93.233
-9.564,-114.4
-8.2831,-83.724
-8.8064,-65.169
-4.8229,-65.751
-3.9874,-45.492
-7.4393,-89.746
-9.6006,-105.37
-8.5864,-111.59
-7.8599,-91.532
-2.3599,-41.803
-4.3566,-57.673
0.055826,-25.131
0.42411,-55.33
6.1492,-6.2195
5.1694,10.358
7.343,23.259
3.7879,9.637
3.8888,-0.61895
0.81581,-16.834
-2.0149,-38.572
-4.7832,-51.547
-4.9609,-61.832
-6.1553,-60.575
-7.5629,-97.271
-9.8813,-104.75
-15.583,-145.1
-21.22,-177.98
-20.192,-150.07
-17.879,-135.4
-15.329,-112.28
-15.495,-131.14
-15.631,-131.09
-6.6573,-46.447
-3.7197,-27.45
-3.9278,3.7201
-0.47004,29.843
-3.2284,12.367
-0.50681,31.112
4.6932,51.956
8.8575,62.803
8.9316,78.692
1.7988,17.191
2.3622,15.283
2.6348,7.2958
2.5616,27.26
3.5117,40.636
1.0809,35.653
-0.89775,51.165
0.44488,31.542
1.5858,59.342
1.4926,42.071
2.0047,31.559
1.7033,27.546
6.7151,42.886
3.1321,32.273
6.7623,53.604
6.4958,26.706
8.1248,45.922
-1.2404,-35.368
4.3976,15.054
2.2522,4.7219
5.7329,33.159
1.5703,11.764
4.6623,6.3436
1.1521,18.048
-4.4533,-34.154
-6.5886,-53.789
-7.0808,-83.631
-7.5275,-78.361
-5.4598,-56.838
-6.0247,-81.311
-4.4431,-90.232
-6.7467,-111.11
-9.0702,-141.9
-8.3897,-131.52
-9.3288,-143.11
-6.5346,-107.93
1.9458,-45.522
2.9794,-28.928
4.8432,-30.132
5.3526,-5.0396
2.4347,-18.008
2.0827,-3.4882
7.241,34.154
4.0025,22.669
3.5927,35.325
0.16444,21.991
0.091489,10.054
2.7752,23.438
-2.6777,3.5343
-3.917,-25.358
-3.1886,-25.812
-1.7492,-25.562
4.0591,10.754
6.5817,54.475
4.7011,50.446
4.1701,35.637
6.5973,57.723
7.5111,54.64
8.8303,45.218
10.467,80.463
8.9502,54.379
9.588,49.238
10.398,43.658
2.7354,-3.5536
2.5689,12.888
0.43906,-0.82461
0.34865,-3.0517
1.6808,13.348
-0.41557,-4.9592
1.3699,-9.2885
-2.9378,-29.832
-1.2195,-18.355
-3.4526,-34.648
-1.8161,-29.453
-5.9078,-50.022
-4.544,-9.39
-3.6797,17.314
-2.0569,22.679
-2.3611,25.045
-1.158,30.877
-5.212,-12.623
-4.6067,11.968
-6.2246,-15.611
-3.9805,10.349
2.4029,34.279
-0.963,22.868
-0.45226,29.559
-0.4665,36.398
1.5527,58.148
0.2742,46.214
1.6411,41.06
1.8845,36.132
-5.6191,-26.304
-4.9399,-8.7286
-6.0782,2.3731
-4.0842,2.7392
-5.2707,4.4285
-3.8159,17.987
-1.7143,50.743
-0.95178,57.683
-1.7187,50.825
-4.0346,16.543
-3.6294,15.662
-5.6762,-29.352
-0.051356,22.288
-3.3033,2.4252
-1.3902,-8.4245
-1.3752,-9.0628
-4.7588,-33.256
-5.1138,-27.01
-3.5924,11.259
-5.4935,-35.062
-5.892,-47.032
-3.7887,-17.816
0.2749,-17.197
3.409,-3.2279
8.3327,48.481
5.5318,28.661
4.5258,-5.1055
4.974,-10.908
11.654,64.108
11.365,64.79
7.3362,39.48
-0.85948,-14.404
5.0637,39.933
6.8227,60.404
7.0297,51.712
7.1387,66.418
5.159,67.998
11.844,129.51
12.598,143.95
12.591,141.93
13.773,133.3
11.693,105.95
5.8958,66.345
2.029,38.091
3.4679,59.78
2.001,33.227
-3.6872,-12.888
-3.4663,-25.201
-5.4672,-23.22
-3.5671,6.79
-4.0943,21.601
-2.9673,44.302
1.8366,54.123
-2.3127,48.485
-6.177,25.062
-5.697,49.356
-4.7583,46.853
-2.3814,42.236
-3.2828,32.675
-4.2068,13.56
2.138,51.398
5.0417,60.769
11.055,109.84
8.815,82.23
5.8738,51.723
4.5067,19.86
2.2444,-5.5562
-7.4353,-86.507
-4.4959,-60.293
-3.1545,-66.423
0.57538,-42.017
4.5297,2.8736
0.20575,-40.217
-0.51454,-55.493
-4.9681,-85.126
-2.4337,-61.561
0.85898,-20.56
-0.89372,-41.9
0.085921,-35.882
0.042877,-38.675
-4.3942,-95.773
-0.76298,-97.009
-1.5587,-74.713
1.7179,-42.192
-0.50282,-27.358
-0.37896,-29.718
-0.83032,-29.281
-2.9715,-53.019
1.0392,-15.633
-3.4979,-45.093
-0.4102,-33.728
0.083413,-11.411
6.1222,47.215
2.4964,27.106
2.1418,32.588
5.902,37.035
5.8629,33.33
4.502,12.375
3.8708,27.973
2.2092,16.625
2.4606,24.154
3.3682,15.554
6.014,47.531
7.7585,56.403
7.1916,52.598
2.9548,26.146
1.2227,-1.8636
-0.2836,-13.674
-3.5633,-17.341
-1.3817,-7.1267
-5.0839,-43.063
-5.4456,-46.21
-2.941,-21.549
-4.1742,-33.091
-2.2409,-10.552
-1.2886,3.2197
-3.5265,-2.2992
-3.2701,-21.709
-4.4584,-29.582
-3.3663,-26.017
0.24083,13.159
-4.0107,-34.492
-2.4401,-18.901
-7.6832,-45.085
-5.8225,-23.414
-11.656,-55.969
-7.4478,-14.793
-7.2543,-15.704
-3.4932,-2.6068
-10.624,-59.208
-13.356,-89.301
-13.688,-103.88
-6.6649,-55.185
-5.9016,-62.709
-1.362,-51.153
3.5882,-16.24
3.9986,-0.19371
0.16492,4.4035
-1.8698,-41.668
-1.9693,-34.683
-8.5611,-84.583
-9.0148,-97.839
-7.7159,-91.177
-7.9278,-78.286
-7.476,-53.517
-7.6536,-62.852
-1.0531,-9.1553
-4.1688,-0.24644
-4.6392,3.7051
-3.7141,-2.7347
4.9171,49.236
-0.86379,14.162
0.92175,26.431
3.7664,40.675
-2.1434,-29.948
-4.5327,-38.541
-5.4255,-23.325
-4.4331,8.2352
-5.1652,0.26445
-2.0439,24.823
-0.4863,6.605
-3.1057,7.5579
1.2237,36.856
4.5066,57.577
2.002,53.913
-2.7396,29.306
-3.6413,19.913
-7.9624,2.6807
-9.3242,7.0724
-3.6402,34.811
-7.4947,-13.652
-3.9309,-1.069
-5.9514,-23.251
-8.6975,-43.333
-10.596,-50.013
-14.833,-85.74
-13.592,-66.44
-11.152,-25.114
-8.4824,5.6176
-8.0208,-23.149
-15.85,-92.779
-10.325,-59.142
-7.5445,-51.766
-13.55,-97.362
-6.5922,-36.047
-0.054329,7.4916
1.1141,19.995
-3.541,-25.876
-2.6683,-9.3244
-2.8134,-11.584
-4.401,-7.551
-6.5211,-34.601
-3.6679,-17.19
-1.4793,-5.8182
-1.4978,-12.103
-2.2641,-16.559
-0.8594,-15.348
-0.27919,-1.7889
10.326,94.562
8.7555,98.494
16.265,142.87
18.812,136.08
23.813,185.65
22.915,199.16
22.401,194.38
21.539,197.8
16.23,142.77
17.417,139.99
17.68,142.95
13.479,97.516
13.975,106.91
10.863,91.595
10.229,95.411
6.1403,60.661
3.885,29.713
2.2788,3.4597
-0.75693,-32.544
-1.6655,-26.452
-2.8436,-47.105
2.4891,-0.44427
0.19946,2.249
-2.1038,-25.541
-9.3145,-48.071
-8.4763,-46.552
-10.14,-55.729
-8.1365,-29.237
-7.0143,-10.605
-8.0081,-37.804
-4.1558,-16.68
-0.13704,8.6441
0.84532,18.326
2.702,55.18
6.8993,57.405
6.0292,46.139
2.0525,-1.8225
2.8241,-13.073
0.5877,-31.117
2.4311,-21.351
1.8635,-19.625
4.5442,4.1186
6.9575,5.7977
4.7476,-3.2786
4.4324,-2.9549
5.9521,5.3891
1.2381,-7.3497
2.6124,-12.956
0.80783,-24.267
-3.3035,-61.289
-5.0179,-72.523
-6.4092,-104.03
-3.5986,-77.682
-1.531,-41.784
-2.4526,-40.189
-6.2157,-58.843
-7.997,-80.679
-11.101,-92.175
-11.009,-113.2
-7.0561,-79.965
-0.36327,-31.336
-2.3153,-70.673
-6.9037,-101.88
-7.4654,-120.58
-6.001,-88.146
-8.5204,-84.596
-10.183,-100.04
-10.731,-103.75
-4.4336,-69.601
-1.9773,-39.476
-3.2592,-52.32
-1.6601,-36.914
-1.7507,-46.161
3.8379,9.6014
9.0788,58.592
6.51,52.818
8.9706,73.565
10.076,60.006
6.6121,57.753
7.694,70.587
3.5922,57.383
4.2942,66.215
3.5528,59.333
2.3934,67.569
6.1038,74.027
5.5086,79.407
5.0513,50.738
0.07462,24.134
2.4131,22.108
-0.71282,-19.306
2.5017,6.0391
1.5008,-10.848
-6.4687,-69.652
-10.466,-93.341
-4.9093,-27.968
-5.8594,-11.074
-5.399,3.6774
-7.4992,-34.772
-13.271,-76.111
-15.398,-72.99
-9.9671,-12.755
-5.5465,7.8244
-3.9512,-2.4396
-0.91365,-1.9843
-0.78779,22.839
-1.1971,8.9469
-3.1722,4.0404
-2.7406,10.419
1.0982,63.422
5.5074,78.192
5.2072,52.788
4.3347,38.244
6.5156,68.174
3.2928,39.978
0.098829,13.001
5.646,41.848
0.20338,-2.8697
-1.6759,-12.954
-4.9069,-41.707
-10.069,-87.462
-4.593,-36.267
-1.11,-27.857
-10.208,-101.45
-7.2454,-91.002
-4.6118,-82.696
-7.2924,-80.048
-1.244,-47.075
-9.1723,-104.04
-7.0968,-80.818
-9.7426,-91.91
-10.195,-68.705
-8.5529,-36.018
-6.2096,-29.399
