0.90852
31.449
54.496
58.01
83.228
93.332
80.347
71.252
21.372
48.266
29.699
44.111
43.466
63.698
-3.7545
21.686
37.518
-14.146
27.413
46.479
37.533
38.836
59.053
32.415
37.408
64.883
4.1773
26.956
-30.375
-76.113
-92.478
-61.221
-0.63039
-10.32
-18.44
-37.811
-55.333
-28.131
-31.348
-83.2
-108.77
-107.54
-132.47
-123.19
-121.98
-127.88
-89.107
-109.07
-131.04
-38.85
-60.846
-35.036
7.3847
-42.448
-22.334
-7.8598
-23.191
-26.974
-16.301
36.258
43.351
71.261
101.51
67.731
57.232
31.859
51.479
65.601
93.173
70.887
93.815
108.95
98.043
70.548
8.1362
15.784
59.085
63.815
38.162
41.759
30.794
19.93
-1.5199
26.16
27.559
32.218
46.818
42.711
-26.262
-86.315
-107.42
-109.27
-128.09
-89.605
-111.54
-119.16
-65.402
-34.905
-48.714
-61.717
-44.611
-7.9718
-29.751
-15.711
-62.529
-61.148
-59.074
-12.188
-5.8198
-39.988
-71.959
-72.037
-19.046
19.146
26.459
9.2214
14.087
45.3
26.224
38.429
76.47
149.86
160.34
106.55
79.261
7.8111
44.053
51.966
78.744
37.802
52.035
12.911
43.911
30.558
98.466
86.27
120.18
128.08
170.8
163.81
107.12
105.2
81.864
70.302
43.902
43.342
37.915
28.966
34.132
75.957
102.52
61.537
64.088
44.807
7.7852
-9.4212
-4.807
-21.862
30.208
51.402
36.162
20.194
34.085
61.098
57.366
66.431
94.909
58.705
24.864
16.492
7.398
-23.275
-29.408
-29.067
-15.729
-17.755
7.5947
-28.252
-14.301
-19.304
-21.735
4.6094
13.182
60.878
25.153
16.409
11.346
3.7118
-34.966
-70.383
-88.587
-74.016
-56.401
-54.639
-84.046
-139.16
-91.677
-34.756
-39.077
16.317
11.46
-37.043
-90.913
-93.767
-93.795
-43.282
-92.023
-27.34
-17.397
-65.313
-88.78
-116.06
-65.169
-31.043
-73.955
-49.574
-42.662
-30.163
-92.309
-68.223
-108.87
-98.779
-59.247
-40.584
-51.657
-86.975
-98.13
-70.995
-78.863
-64.506
-38.145
14.099
10.396
-16.78
-12.221
-51.329
-65.069
-41.828
-55.622
-113.9
-126.88
-152.39
-118.52
-144.09
-107.14
-68.247
-101.64
-56.98
-40.425
-42.093
-59.848
-73.421
-42.463
-48.308
-59.667
-86.226
-86.094
-65.78
-35.882
-8.6409
-14.221
2.4141
-48.76
-42.486
3.2122
-22.282
-21.662
-32.509
-47.491
-77.988
-120.16
-117.38
-91.512
-99.504
-90.773
-69.652
-50.08
-31.362
-42.361
-60.831
-36.59
-57.438
-52.982
-40.662
-4.1913
-7.4178
23.786
33.674
11.611
-12.82
-25.907
-35.659
-13.055
-12.389
6.6663
-14.104
-3.4893
-14.158
-40.197
-80.188
-74.251
-24.833
-35.7
-48.452
-80.683
-67.039
-90.085
-101.84
-111.73
-103.92
-105.04
-153.98
-116.43
-130.96
-128.91
-79.286
-67.737
-40.632
-0.50314
-13.402
-24.488
-55.972
-49.214
-39.955
-59.823
-79.943
-48.174
-54.775
-56.205
-67.974
-27.327
-42.119
-13.493
-25.908
-18.547
34.136
21.454
24.692
4.7763
0.50208
57.434
42.547
46.166
69.553
90.965
108.15
66.109
67.139
71.427
102.15
109.23
73.474
114.02
118.99
106.23
106.45
93.944
103.62
122.08
82.341
106.98
118.79
60.035
30.918
1.0191
-27.774
-15.553
13.029
-12.589
22.41
-19.632
-28.743
-1.4526
4.8991
-49.695
-14.563
-22.057
-34.795
-29.53
-65.229
-27.927
-1.1421
21.639
-7.4462
14.443
59.127
42.01
51.143
48.802
54.953
43.553
15.026
-30.181
-35.634
53.569
12.491
45.512
47.847
23.487
34.325
57.793
83.675
88.875
78.402
63.06
33.805
43.307
6.807
-39.12
-59.633
-59.061
-34.92
14.743
17.01
83.181
99.788
103.9
83.006
90.794
51.311
93.72
49.908
-59.411
-113.8
-87.81
-85.669
-60.893
0.74605
-21.217
-12.711
-25.486
-55.293
-100.28
-91.798
-86.642
-90.706
-103.33
-73.192
-108.88
-56.564
2.8599
33.341
24.67
27.349
23.485
-32.855
-6.362
5.6539
53.814
42.035
19.596
-5.8369
4.018
52.752
21.216
40.26
4.5261
-25.63
-56.037
-103.99
-50.323
-16.731
-16.998
60.268
69.336
63.7
49.37
24.642
0.42266
8.1016
34.443
21.7
52.513
60.919
38.418
55.505
60.403
61.726
41.971
29.712
58.833
34.795
60.039
15.474
7.4421
12.241
52.81
21.885
20.887
-2.9977
27.447
19.024
34.176
40.373
46.981
49.66
38.995
57.463
17.723
58.868
64.59
72.214
69.571
28.943
59.262
81.87
9.8204
29.928
39.482
53.879
81.714
50.406
47.572
25.644
44.156
69.7
48.334
36.411
49.892
63.866
42.984
69.683
46.546
2.7699
37.326
42.469
29.423
-2.5399
72.842
73.262
36.333
18.929
-24.027
-0.4786
-37.134
-40.601
-3.9671
36.967
8.0338
-38.855
-104.84
-92.821
-34.159
-27.503
-59.996
-80.584
-88.814
-81.082
-92.999
-142.74
-144.07
-126.46
-136.33
-143.16
-121.18
-151.09
-149.41
-130.02
-117.36
-138.74
-153.98
-183.78
-174.89
-136.8
-117.81
-107.97
-89.414
-74.867
-82.008
-54.927
-24.235
-72.753
-130.82
-120.92
-138.13
-109.12
-116.68
-114.64
-71.018
-47.457
-114.98
-88.34
-83.314
-78.072
-66.772
-106.24
-62.909
-98.682
-156.61
-122.52
-134.98
-133.45
-77.563
-99.398
-64.665
-113.26
-120.21
-124.25
-129.43
-145.03
-141.09
-91.215
-64.652
-75.985
-50.65
-14.79
-13.745
7.0238
-37.784
-61.457
-37.808
-44.068
-27.996
-14.023
3.7966
4.3007
-4.4817
18.123
-24.795
-77.329
-83.856
-99.478
-61.327
-59.014
-84.02
-25.708
-6.2902
-31.239
-42.742
-3.7765
37.25
23.267
25.887
31.687
33.838
1.4333
51.038
15.327
13.449
48.389
135.97
152.75
110.06
96.564
108.52
92.508
72.079
99.01
99.157
73.755
54.77
92.119
88.505
119.33
122.25
129.09
129.1
161.88
170.01
181.94
118.58
94.534
61.189
29.95
27.868
48.091
53.918
49.055
69.715
103.16
98.787
46.795
13.166
-44.444
-2.921
-12.134
14.214
-11.443
26.758
-28.682
-69.14
-45.166
-60.448
-25.85
16.529
16.791
-19.68
28.759
30.711
-9.1418
-17.664
-33.276
-32.71
-55.597
-123.4
-126.37
-106.42
-150.01
-162.78
-108.16
-89.054
-121.12
-80.285
-84.846
-81.6
-13.371
-35.08
-36.157
-49.443
-83.891
-64.889
-81.12
-102.7
-77.387
-72.537
-61.016
-47.871
-42.635
12.36
61.293
101.98
89.573
50.998
25.093
54.649
4.5509
-4.8333
-12.655
-10.075
-83.027
-33.637
-78.069
-120.86
-105.19
-108.7
-67.184
-66.887
-88.416
-44.42
-11.776
16.679
40.122
46.76
72.602
98.631
74.149
138.79
102.5
62.547
114.59
98.265
75.563
56.085
61.772
71.263
70.922
55.52
73.262
24.403
25.839
38.779
48.976
72.76
77.65
46.9
31.946
-8.0068
-37.446
-69.177
-28.153
-18.851
-33.445
-66.801
-35.57
-13.034
0.067087
-19.033
-45.098
-52.296
-13.618
-15.603
-12.779
-7.2216
51.292
24.631
51.723
50.24
8.6874
-49.394
-45.222
-42.488
-37.122
-49.276
-32.199
7.0255
1.6533
-5.8416
-41.666
-35.471
-23.61
-2.3232
-36.141
29.811
2.8808
37.594
-5.9487
-34.495
2.0662
-26.881
13.84
14.722
46.38
76.59
105.85
79.65
44.736
43.962
112.13
142.45
94.641
104.92
73.375
50.947
69.337
22.11
24.738
37.18
9.6813
0.74305
-24.462
-14.015
-6.2787
1.2832
42.682
54.088
78.751
53.677
64.424
68.875
40.785
58.228
102.15
96.014
90.788
87.105
101.86
83.317
23.655
44.576
47.138
13.2
36.89
-7.5561
-23.923
-93.978
-71.474
-91.7
-106.24
-92.081
-105.64
-124.18
-122.71
-146.16
-149.96
-124.09
-105.9
-180.7
-133.73
-103.16
-112.95
-113.98
-82.676
-79.915
-97.435
-61.828
-98.961
-145.39
-141.51
-141.34
-121.18
-119.34
-82.539
-45.875
-20.363
-12.444
-20.42
-96.308
-96.286
-69.199
-18.672
-11.423
7.8506
11.904
12.827
20.527
12.705
15.826
2.5376
-36.099
-82.753
-87.202
-72.78
-85.597
-86.749
-72.465
-65.903
-103.03
-60.922
-23.582
-13.559
-4.9785
25.792
9.7962
38.196
35.023
32.56
24.322
32.498
22.433
6.5884
-11.887
-23.031
-66.802
-71.807
-58.031
-24.078
-42.235
-67.973
-40.375
8.4386
-34.523
-1.9569
9.4417
13.971
28.658
3.3245
29.129
51.064
109.62
18.309
22.583
-6.7858
-46.895
-62.279
-63.457
-5.8103
13.98
20.859
67.837
81.154
71.185
87.328
63.981
28.792
44.441
59.931
26.277
55.344
41.285
14.323
46.611
24.473
2.2835
16.156
36.281
49.228
-5.6864
25.668
-4.5378
-1.8394
-3.5465
-28.89
-65.247
-22.569
-63.082
-92.853
-61.04
-53.494
-72.747
-72.905
-9.6742
-53.789
-96.408
-109.02
-81.337
-108.01
-94.239
-89.309
-121.62
-126.2
-88.951
-119.21
-78.22
-58.483
-58.14
-72.804
-83.22
-102.42
-110.22
-149.59
-118.76
-98.927
