0.90852
-2.2207
-0.23906
0.068735
-2.0202
-0.36408
-0.08125
-1.9797
0.78817
0.73664
0.95533
1.9295
-0.74531
-0.89842
-3.2625
-0.030017
0.61341
1.0446
-0.80735
0.20594
-0.9646
-1.5254
0.090377
-0.4829
1.2883
1.4055
1.5757
-1.1114
-2.1935
0.16231
-0.70561
0.38409
-0.41943
0.70407
-2.311
1.8256
0.49092
-0.038025
0.58915
0.69802
-0.32953
0.94103
0.45657
0.37173
-0.25713
-0.099009
1.323
1.9087
0.49292
0.29012
0.15939
-1.1562
0.34215
0.17953
0.48593
-1.4602
0.23351
2.114
-0.05895
1.9949
0.30803
-0.15714
0.72038
-0.33445
-0.46383
0.89434
0.63917
1.0826
-0.58684
-0.15238
0.37081
1.3702
-0.34659
-1.736
-0.45192
2.2902
0.27997
0.050695
-0.4818
0.98944
0.42786
-0.85128
1.1725
-1.2593
-1.3661
-0.0079738
-0.55775
0.46296
0.15792
0.35821
0.65384
-0.67951
0.80097
-0.46752
-0.54236
0.81139
0.95205
1.839
-0.44446
-0.15841
1.3829
-0.2099
-0.57298
1.9585
0.12619
-0.31016
0.81414
0.79741
0.58891
-2.2894
-0.37128
0.3338
0.062027
0.72252
0.20003
-0.84361
-0.13936
0.48948
0.060574
0.061951
0.90469
0.41697
-0.52424
-0.17931
0.072128
-0.58051
-0.28129
1.3352
0.7535
-0.62478
-1.2558
-1.4343
0.97767
1.1694
2.7426
0.38551
-0.5389
-0.70181
0.39479
-0.038166
0.86623
0.079738
0.48342
0.1516
-0.051026
-1.05
-0.9665
0.95522
-0.81368
-1.1085
-0.16105
-0.80786
0.52378
-0.39422
0.65774
0.41194
0.3013
-0.68745
-0.21931
-0.636
1.7404
-0.31616
-1.9525
0.74062
-0.4496
0.34266
-0.21046
-0.47283
-1.625
0.11137
-0.45072
-1.0682
0.70043
-1.3537
-0.65796
1.1026
-1.0933
-1.106
-1.5789
-1.8786
-0.14409
-1.1258
-0.29114
-1.6811
-0.4984
-0.98443
-3.6367
-0.11364
1.3494
0.5287
0.094421
0.26209
-0.48405
0.78514
-0.81484
-0.94245
0.081278
0.59912
-0.14648
0.093159
2.2967
-1.7844
2.0344
1.5301
1.8703
-1.1977
-0.20278
-1.0962
0.87781
0.0073118
0.79172
0.20944
0.33318
-0.66941
-0.98425
-0.27773
-0.25368
-0.37136
-1.0473
0.10066
-2.2882
-0.027817
1.374
-0.056138
0.30435
0.41766
-0.43908
-0.75179
1.6582
-0.70772
0.11587
0.015383
-1.5854
0.27347
-0.37324
-0.11148
-0.44898
1.1093
0.099859
0.84811
-0.10302
-0.36948
-1.4824
-2.3432
0.63448
1.4344
1.1326
1.3391
0.8634
-0.41548
-0.53704
1.6137
-0.25654
-2.1079
-1.2777
-1.4664
3.138
0.47181
-1.0189
-1.0924
0.45761
-0.53882
0.68906
-0.84386
-1.0834
0.39484
1.1906
2.2927
-0.67471
-0.20369
-0.30682
2.3055
0.93323
-0.17052
-0.36692
0.27119
0.33464
1.2873
1.619
1.5004
-0.62454
0.50835
0.74632
0.18604
0.034477
-0.045054
0.23912
0.52999
0.8745
-0.51899
-0.88322
0.25816
0.024788
-0.85363
0.62889
1.804
0.79872
-0.11624
0.99078
-0.46805
0.45769
0.51684
-0.072605
1.281
-1.8966
0.74611
-0.9235
-2.0523
-0.45046
-0.17455
-2.4524
-0.66011
0.30919
-0.22037
-0.67116
0.56541
0.68197
0.9605
0.51119
0.45477
1.0938
0.48188
0.4874
0.25285
-1.0046
1.1002
0.61691
-1.1427
0.96725
-1.1768
-0.64239
-0.86942
-2.208
-1.036
-2.4256
0.3994
-0.33502
-0.44617
1.2965
0.75135
0.27903
0.8721
0.00081542
-0.39123
0.07274
1.6975
0.93885
0.79672
1.5139
-0.27409
-0.7409
0.47869
2.135
-0.13993
0.4382
0.75811
1.437
0.29493
0.65557
-1.7595
-0.51362
-0.45794
0.72188
0.38059
0.011606
-1.3985
1.1811
0.83316
0.22225
0.33586
1.4292
0.8091
1.1922
-0.57834
0.022584
0.29384
-1.2851
-0.71643
-0.77188
-0.074826
-0.21629
-0.75404
-0.25975
-1.1764
0.7038
1.0266
-1.6002
0.037418
0.56953
-0.10587
-0.074666
1.426
-0.087292
0.91218
0.56718
-0.81695
-0.44015
1.2047
-0.26407
0.57865
0.42313
0.27343
1.2498
-1.5488
-1.4628
1.0541
1.9657
-1.152
-0.8445
0.36162
1.4931
-1.1852
0.032139
-0.010773
0.66941
0.10931
0.97616
0.40158
0.47817
-1.491
-1.5962
0.93849
0.30194
0.82983
0.24236
0.1477
0.38926
-0.0563
0.58581
-0.30378
1.1398
-0.31018
0.23729
1.0792
-0.70429
-0.74975
0.51918
0.89878
-1.0371
0.68947
0.55786
1.4855
-0.18369
-1.2605
-0.064476
-0.37023
-0.26631
-1.0572
1.0657
0.072274
1.0378
-0.90571
1.6821
-0.18357
1.396
-1.2493
-0.12895
0.53968
-1.3227
0.077199
-0.40764
0.057998
0.60576
-1.6951
0.010336
-1.4599
-0.58889
0.49835
2.1845
0.91581
1.895
-0.64744
1.4226
-0.53284
-0.54614
-0.69583
-0.24528
0.14414
0.54787
1.4595
-0.21221
-0.8347
-0.64957
0.89337
0.27426
-0.73111
0.37453
-0.34922
-1.0138
-0.98027
-0.63411
0.63378
0.23572
-0.086128
0.57364
-0.97554
-0.97138
0.056164
-1.9616
-0.17787
0.88166
0.62737
-0.45853
-1.6524
1.3362
-0.030595
0.51276
0.51858
0.85641
1.2002
-0.13807
0.71472
0.96393
0.6506
0.27349
1.1376
1.3471
-0.95174
-0.85652
0.94742
2.7532
0.68726
-1.934
-0.048978
-1.0792
-1.4291
0.51107
-0.1897
1.4292
1.0473
0.62539
0.25133
0.6396
0.075185
-1.6944
0.41837
1.1671
0.18712
0.11042
-1.1053
-0.19177
0.39088
1.5027
0.86107
-0.42222
0.41597
-0.43582
2.1598
1.7329
0.4655
0.1272
0.60204
1.5167
0.63894
-0.84903
-1.5575
-1.2286
0.18474
0.28725
0.23422
0.83211
0.36932
-0.49283
-2.4034
0.85909
3.022
-0.56398
1.2046
-1.6751
0.93423
-1.4968
-0.044359
1.1121
-0.45681
-1.4557
-1.1873
-0.69385
-0.75614
-1.7791
-0.63748
1.6061
0.20546
-0.066552
0.29416
0.31079
-0.44493
-1.7933
0.20581
-0.98752
-0.097835
2.18
-0.83359
0.20841
0.010322
0.016184
-0.37178
1.0325
0.70578
0.10505
-0.44955
-1.614
0.81656
0.35484
-0.0090814
-2.435
-0.015621
0.86006
-0.35004
-0.23507
0.45365
0.67052
-1.8633
-0.59061
2.1032
1.2659
0.79443
0.98019
-1.4845
-0.52329
-0.78828
-0.1011
-0.13874
0.27795
-1.1724
1.3386
-0.20182
-1.0825
0.47997
-0.48174
-0.45711
-0.72485
-0.40938
-0.3052
0.093425
0.80407
0.43081
0.33269
0.29559
0.32837
-0.53765
-0.35059
1.2609
1.3691
-1.38
-1.1291
-0.69872
1.7524
-0.27058
-0.61592
0.15548
0.86023
-0.39498
0.71451
0.22737
-0.81501
0.31121
-1.0597
0.3104
-2.2502
1.0425
1.3406
0.48006
0.12385
1.2629
0.89576
0.21844
-1.1624
0.63245
0.47788
-0.48355
0.58709
-0.7928
1.1523
-0.12511
0.36785
-0.16021
0.56623
-1.0127
1.6341
0.079822
1.9742
-0.2243
-0.024218
-0.72625
-1.599
0.27543
1.6559
-0.39511
0.29055
-0.070721
2.1283
-0.56642
0.35506
0.40282
0.82291
-1.1843
0.19978
-0.066286
-0.5116
-0.75738
-0.77146
-1.2121
1.1935
-0.12663
-1.4222
-0.86948
-1.8739
1.4388
2.1629
-0.8114
0.80628
-0.33103
-1.0534
-1.5542
-0.87881
0.52181
-0.15747
-1.099
-0.88113
0.17868
-0.045091
0.32232
0.13632
-1.1656
-1.7485
0.19318
0.46861
-1.4717
-0.98689
0.21706
-0.83567
0.66552
-0.22202
-0.72273
1.6097
1.2328
0.25759
-1.3503
0.3153
1.9293
0.75823
1.8575
1.2231
0.22286
-0.83254
1.1208
-0.4971
-0.59671
-0.14876
-0.21569
2.009
0.0043501
-1.2513
0.34692
1.2642
-1.2423
0.96572
0.83722
-0.11896
1.7925
0.74199
1.1694
0.30269
-0.65372
1.1474
1.2274
2.0167
-0.99639
-2.6504
-1.4281
-0.64911
0.79717
2.3593
1.5846
-0.84017
-0.54978
0.37304
-0.17305
0.026872
-0.62363
0.82558
-1.3759
0.37045
0.72979
1.2128
-1.0168
0.14756
0.65228
0.62568
-1.7126
0.14219
-0.26636
0.6005
-0.64027
0.74843
-1.0038
-1.4854
-0.20348
-0.81328
-0.25995
0.97137
-0.38878
-0.64765
1.6546
0.37756
1.2038
0.74813
0.073637
-0.020766
-0.27707
-1.051
-0.30686
0.06397
1.8418
-0.57331
1.4309
0.41311
0.69756
0.91634
-1.9906
1.4628
-0.55492
0.80678
0.58297
-1.1255
-1.3222
-0.37775
0.74632
-0.05646
0.087656
-0.91018
0.2309
-0.4874
0.18477
-0.71443
1.5698
0.49984
-0.55079
-1.8123
-0.54333
0.30631
0.94188
0.27095
1.1878
-1.0773
-0.92516
-0.20579
1.6268
0.5078
0.44124
0.86861
1.6229
-1.1349
1.0948
-1.2044
-0.19446
-0.46116
-0.62021
0.2331
-0.51823
0.27481
0.66239
0.37326
-0.53484
-0.27308
-1.3998
0.83321
-1.0052
0.63117
-0.15122
-2.1383
-0.2996
-0.81745
0.12945
-0.065915
0.4656
-0.87091
-1.1741
1.1522
-0.36571
0.4681
-0.77188
0.8639
-1.2322
-1.0835
-0.99664
-1.5128
0.31325
0.095663
0.39392
1.9586
1.6396
-0.90254
-0.40644
-0.6636
-0.8977
1.2736
0.098362
-1.3198
-0.56566
-1.1818
0.015883
1.3185
1.5697
-0.81112
-0.38126
0.44324
0.23005
1.1769
1.6425
0.35283
-0.66651
-0.64748
-2.4924
-1.6106
-1.4075
-0.090507
0.91482
0.80641
-0.72579
-0.71088
-1.9823
0.75706
0.89441
2.0989
-0.62065
0.77057
1.8356
-0.63663
-1.545
-0.68513
-0.48138
1.0103
-1.04
-0.46892
-0.5612
-1.3977
0.32827
1.0972
-0.041389
-1.2545
-0.27106
-1.4947
-0.71356
0.841
-0.029411
-0.374
0.094144
0.21368
0.67727
-0.575
0.98168
-0.72915
0.98019
0.67001
-0.42426
-0.52305
0.97958
0.20383
-0.10127
1.5308
0.26025
0.095596
0.32967
0.82184
0.7375
-0.45218
0.77131
-0.83682
-0.77375
-0.46519
0.36999
-0.94372
-1.1181
-0.82795
-1.1751
-0.70844
0.9258
0.28857
2.1414
-0.13163
0.19587
-0.87974
2.0479
-0.14041
-1.6361
0.84086
-1.2704
-0.7436
0.64823
0.80353
-1.1815
-0.25292
1.0763
0.2506
-0.58583
-0.92008
-0.30557
-0.63139
1.0032
-0.96852
0.5153
