-26.392
21.111
23.959
27.428
-19.049
-18.755
-17.789
20.383
8.9801
31.969
-39.817
20.029
22.499
-30.308
5.1328
-44.057
39.105
-24.999
-32.59
13.604
-11.638
-17.808
-16.632
17.106
2.9936
23.689
9.502
-47.297
17.397
11.508
11.68
43.738
-7.2754
61.729
12.591
20.457
-8.6185
17.377
-6.1904
-16.627
-52.911
0.72864
-5.319
37.994
38.661
-7.5591
-28.276
34.091
22.142
-6.8595
13.723
3.8579
20.757
14.749
15.918
-24.439
-3.9263
20.804
3.4752
26.304
-15.218
17.686
30.99
-34.598
7.3817
-13.781
15.833
-5.5919
-24.509
-6.6607
-3.3336
-29.088
-28.07
52.987
1.8416
59.021
57.069
9.2934
16.58
2.4148
23.928
-0.096797
46.377
-7.7544
-10.337
-7.6656
-28.138
-39.66
-12.122
19.23
-9.0172
-6.5672
20.623
-20.284
-32.33
-2.513
9.9926
-34.145
-27.816
-0.57497
-2.061
7.006
-19.103
0.99024
-35.847
16.211
-31.086
-9.9737
24.888
-5.953
9.667
-28.181
-20.659
29.527
50.65
18.391
23.241
24.343
40.247
17.749
0.87949
3.8945
-0.074791
4.461
24.149
33.316
13.796
21.361
-8.9536
-23.891
29.118
4.9424
-7.1206
-20.377
-55.305
27.865
28.442
-3.1098
-22.211
-26.592
-12.81
21.329
-34.555
-37.658
72.314
-10.794
15.504
31.094
29.069
2.6218
-44.939
19.868
5.4609
34.713
38.143
26.658
-35.396
-21.126
36.39
-24.672
39.315
-4.9263
81.902
22.329
-48.164
-14.055
47.622
8.3348
2.8647
25.742
1.0334
-21.266
-4.6866
4.5727
-19.705
1.5862
-34.382
14.101
-59.68
-45.959
-14.161
-22.813
-1.1231
6.5822
40.821
-10.116
-2.9958
-41.233
5.607
-20.269
21.988
-40.528
-2.7345
-56.298
-63.739
13.866
32.959
5.9112
42.836
-46.184
-29.382
-10.371
26.174
4.5983
28.973
18.515
16.307
-7.9915
0.60013
33.853
-17.648
-9.5717
-7.5245
0.53736
25.954
26.894
-15.807
-0.9536
-20.281
-7.8554
-8.1457
27.671
14.473
-7.4575
-9.0102
37.753
6.2015
-19.688
-2.0885
-20.278
34.597
-17.513
-10.796
40.993
-21.364
26.325
0.33653
19.338
-32.175
-23.94
30.374
39.394
30.248
20.855
24.563
3.3882
-9.7603
12.907
15.878
-3.4774
-19.184
27.696
-6.6068
-61.534
-23.623
23.292
-58.102
-40.829
12.796
8.4458
30.08
4.0952
-43.137
-13.659
9.7928
-19.703
12.087
-6.3867
35.639
-6.4011
-19.659
-15.229
49.152
-22.041
-15.392
3.2415
5.2269
-34.454
-32.163
11.712
-6.7696
-5.6364
-43.942
-27.94
-37.306
14.085
-15.994
23.625
5.1454
-8.5012
7.2835
13.833
-16.245
-22.924
9.9046
-3.027
-89.096
5.416
-42.348
-29.863
23.63
-16.751
18.31
-1.7163
-6.8162
0.74059
0.38641
-3.7738
19.78
37.682
-3.5099
4.5557
5.596
-20.19
-21.718
-11.71
44.038
-11.267
14.201
-53.934
-0.33408
-3.579
-27.921
27.918
-39.302
-11.684
-1.0414
13.661
18.232
49.282
34.596
-32.696
-1.1488
-0.54329
5.9209
2.458
-37.138
2.2779
25.442
8.0587
4.6531
-4.9029
-31.893
-11.18
19.071
-34.997
3.7649
-10.787
21.508
2.6122
12.804
14.764
-20.441
35.175
23.974
-27.196
-27.603
-25.889
6.8863
27.939
-3.0988
-70.239
8.8699
-30.202
33.416
34.971
-49.705
-21.27
11.954
-45.279
-41.386
-20.577
-28.422
22.806
8.9048
-24.904
22.815
5.6267
7.498
-2.6771
0.50356
54.838
6.352
22.223
24.204
-31.128
23.498
-4.7882
6.9831
-11.866
11.233
-19.948
-29.953
-24.58
7.7496
20.58
19.192
-13.235
0.01845
31.528
3.56
-21.79
27.718
50.823
60.637
-24.947
-6.0237
6.586
-16.754
11.296
-21.978
11.032
-11.109
-20.339
-30.977
-24.525
-5.4403
-18.013
-3.0249
16.846
-17.109
-28.966
8.0053
46.239
-17.107
8.196
-18.49
-28.17
-5.7499
51.089
-31.143
-5.882
-3.0883
32.129
27.439
11.912
-2.8283
-4.6432
-4.8971
24.744
27.61
25.994
42.775
10.951
-47.12
22.92
42.096
36.492
32.552
-13.853
44.344
51.166
17.17
13.243
0.70274
-35.245
-55.516
-22.671
54.853
10.017
-1.4521
-24.243
-33.322
4.5102
-3.6629
-8.5296
11.981
8.6939
56.898
31.199
13.512
23.681
9.7282
-24.297
-43.575
-41.916
-26.564
-3.0413
28.294
12.601
31.681
19.125
-31.424
17.888
-7.4847
-4.4364
-19.125
-72.862
-1.6613
39.985
16.671
-14.408
17.218
-15.136
6.4669
-30.452
30.694
-44.626
2.6533
20.007
19.551
5.2613
29.562
45.07
-23.776
-34.577
47.816
1.3116
12.605
-6.1213
1.6203
3.5984
-0.71214
-35.624
25.456
48.009
-20.561
24.117
38.375
-6.0702
6.2604
2.0848
16.526
3.5989
1.8506
4.8545
-4.7284
-0.78368
4.0241
4.8463
-12.095
36.442
-2.4167
31.463
-3.401
-35.966
-17.685
-10.897
-13.724
6.1051
-13.335
-15.148
48.484
33.105
-23.96
5.2439
41.699
-5.239
-25.956
21.719
-35.624
13.742
-3.3704
-4.0506
-3.6746
-18.813
24.793
1.0702
17.911
-12.942
87.457
30.829
-4.948
-1.3297
-50.88
27.273
-8.5853
-4.1296
43.074
25.561
-6.3637
-1.3936
32.332
8.5613
-10.325
7.1392
-8.1327
47.626
-15.291
-12.084
-12.159
-30.253
-32.906
-23.957
-33.661
6.6274
-4.7814
-39.279
12.442
111.17
23.366
8.0994
29.543
-62.864
1.8962
50.028
-22.09
-55.166
7.8284
-2.1848
-4.9179
-30.26
36.38
6.1947
1.2476
11.273
-0.69773
2.891
48.103
43.836
2.1176
5.7052
52.22
-5.0933
4.7285
22.187
9.1685
-5.4113
6.675
-13.187
10.814
-5.2262
-10.401
-9.4378
5.1638
-4.1578
-41.389
-14.085
-15.893
-22.532
16.952
6.3287
45.285
-10.738
8.7084
-17.871
-36.281
-14.63
21.921
-10.521
0.95892
-5.3564
-35.584
-17.281
15.813
5.4176
24.098
4.4224
0.9835
4.1706
-29.891
-13.058
37.755
50.372
13.143
15.675
1.7292
-5.3255
-23.027
-21.201
-24.068
-3.4662
-15.359
16.768
30.689
28.701
7.7049
-0.88308
-18.5
35.933
-8.9382
-2.3837
-19.969
26.324
59.633
5.5655
-43.265
15.987
35.192
39.146
-11.738
-40.731
1.0242
18.551
-24.008
29.218
-10.938
30.029
15.108
-11.515
0.26055
34.861
-43.065
-4.9936
0.89189
57.859
23.912
33.839
27.763
36.932
10.689
-21.948
-1.7023
-38.535
24.026
-1.4382
-34.283
-2.1064
11.197
-3.4907
-19.422
18.595
-17.011
9.8769
14.325
23.488
-28.587
-16.38
-52.488
62.818
6.6637
-9.0114
1.1536
-11.516
-8.8002
34.107
9.112
-0.13969
-25.053
-4.623
-16.721
-20.978
-5.9351
-24.919
-6.4359
-26.696
-69.28
-29.632
-0.65078
-16.505
33.56
-40.676
-33.941
11.588
-11.999
7.5852
29.997
34.199
3.8087
-35.693
1.5716
1.4123
20.281
33.229
-0.086643
-4.8571
14.198
-5.7721
13.992
-5.8748
47.746
-14.275
23.502
-45.801
-20.327
24.277
11.655
4.2028
6.3584
14.973
-30.907
-26.38
41.102
6.7506
-44.422
-7.1564
-15.46
0.23167
-0.62168
23.885
-38.108
23.875
-26.243
-10.446
-19.221
-48.652
-2.5256
46.121
4.0193
-11.972
37.912
-7.4227
-1.4763
39.271
-3.66
-18.15
-45.942
16.597
20.791
35.363
-15.784
5.6715
-26.437
7.3767
-26.726
-34.995
-3.426
30.927
35.083
7.6889
-25.714
23.864
-6.6536
-43.853
21.445
1.3638
-0.15302
-6.996
-34.263
-13.487
33.99
-24.662
-10.921
-50.796
-1.504
-62.961
33.108
57.748
-4.1026
-8.0876
2.228
-51.66
-11.686
-26.744
11.71
15.022
66.715
18.533
19.764
5.1997
-14.778
-7.8061
10.696
-41.707
-5.9758
-37.698
-17.902
-32.293
54.285
-31.484
-23.036
29.018
-6.7078
-39.374
-2.8799
-3.1774
-5.6885
-0.60277
57.69
13.017
40.107
-0.20878
28.946
-68.01
-35.095
-10.374
-34.583
33.37
22.481
47.042
-3.0112
-6.6766
-48.824
31.783
4.3951
-19.423
6.6066
-18.406
38.92
-23.444
-15.481
28.567
29.36
23.749
7.4312
-22.672
-6.8189
-29.9
8.9801
-20.796
-0.35075
-0.46934
-16.09
34.74
28.67
-32.275
-39.272
9.7413
-35.765
7.2356
-39.224
15.391
3.4863
3.8499
-9.7218
-43.624
60.498
-0.18073
-3.5939
-2.3933
0.19686
-35.586
28.483
-34.669
12.479
41.985
-0.70492
-37.4
-35.169
19.842
-6.4574
-17.053
16.118
66.318
-43.34
-0.93953
-36.631
2.7489
41.781
-5.9082
13.366
-11.323
32.352
13.599
-42.718
32.495
19.948
-4.3953
-53.235
-0.51251
-8.4859
-42.282
3.0036
-21.039
-48.091
-6.75
10.8
-6.6553
17.427
16.043
-67.295
37.076
10.683
-21.185
-23.771
-39.853
-17.101
-6.9756
-1.1221
-24.502
-25.648
3.3461
21.897
-20.025
-28.739
-22.045
5.3378
-29.427
29.43
-24.664
-33.744
-21.274
-18.567
-12.754
-7.3985
11.638
-12.807
-38.798
-15.036
0.82297
7.7201
11.841
20.195
8.0139
-55.854
3.677
-1.4956
7.1397
-10.744
57.45
7.5197
55.922
6.9251
-12.214
-17.292
-10.333
8.8878
3.844
11.659
0.28544
21.863
-6.2748
