0,0
2.7989,30.871
3.5774,51.158
4.8125,53.129
7.8477,77.4
7.1914,86.505
6.8305,73.598
7.2671,65.964
1.1794,19.405
5.4902,42.039
5.3479,23.395
5.7146,36.467
9.3552,34.856
10.489,54.108
2.1248,-2.6167
0.2893,21.427
-0.4898,37.394
-2.9248,-12.266
1.2267,26.994
1.0311,45.242
0.95341,37.544
0.4783,39.883
-0.88851,59.851
-3.1017,36
-0.77371,36.893
3.6757,59.802
-0.09118,2.6928
2.527,25.541
-5.6565,-22.525
-8.9921,-67.283
-10.057,-81.716
-6.6401,-54.965
0.25024,-0.46121
-2.1972,-8.8273
-0.37989,-15.749
-4.2214,-35.416
-4.816,-51.008
-1.2779,-26.815
-0.75462,-31.182
-4.9486,-78.95
-8.0819,-100.36
-10.773,-97.707
-11.882,-121.04
-11.224,-112.34
-7.7664,-113.96
-7.071,-120.71
-4.1737,-86.256
-7.2862,-103.69
-6.7826,-124.75
1.9513,-41.091
-1.4372,-59.569
1.4974,-35.377
3.7178,3.3248
-0.070644,-42.557
0.82696,-23.647
4.0251,-10.425
0.43123,-23.856
-0.31602,-28.772
3.4551,-19.697
7.3213,26.942
10.241,32.802
11.347,60.072
12.8,87.99
10.39,57.675
8.7528,48.943
6.0069,24.958
7.3148,43.525
10.728,53.791
13.008,80.752
10.273,60.766
11.298,82.146
12.844,94.741
10.712,87.678
7.048,65.236
2.237,6.351
1.5363,11.957
8.6219,50.183
11.32,52.444
7.489,31.155
7.5768,33.193
5.8899,24.476
6.6153,14.166
2.3545,-5.0469
5.5801,21.839
2.9177,26.008
1.2644,30.962
4.009,43.367
3.2856,38.962
-3.3061,-23.113
-8.2679,-78.405
-9.0992,-98.97
-9.0651,-99.525
-13.075,-115.82
-7.1525,-81.985
-10.355,-100.64
-11.95,-108.02
-6.896,-59.458
-4.7378,-32.006
-3.5411,-44.728
-5.7602,-55.798
-4.2799,-41.714
1.4622,-9.2242
-0.23377,-28.944
0.81787,-18.487
-0.48266,-62.172
-1.4704,-59.367
1.5275,-61.416
3.5315,-16.517
3.9025,-10.311
1.5313,-39.23
-5.5985,-65.989
-5.45,-66.921
-0.83222,-18.276
2.4243,15.999
5.7139,20.545
4.6818,5.3832
4.0359,10.19
7.8298,36.981
6.2232,19.941
8.3961,29.971
12.404,63.161
18.529,130.92
20.333,140.53
14.778,91.954
12.399,66.79
6.7199,1.6718
10.35,33.985
11.059,39.571
14.555,63.436
11.289,27.138
10.712,42.578
5.6819,8.6638
6.852,36.081
7.0411,22.347
13.675,82.049
13.508,72.377
18.138,102.58
17.367,111.42
19.275,151.13
17.345,146.5
9.9663,96.283
10.525,94.599
8.6423,72.739
7.1581,62.993
3.072,40.881
4.3866,40.005
3.9319,34.95
3.222,24.789
5.9461,29
10.825,66.24
11.304,91.38
5.4316,56.913
7.3294,56.235
7.1593,38.042
2.8851,4.2423
2.1863,-12.019
3.5427,-8.651
0.14842,-21.323
2.9913,27.436
4.6706,47.368
1.7914,32.631
2.8441,17.666
3.7632,32.274
5.6162,54.741
6.6045,51.211
5.9416,60.146
6.8423,88.277
4.2821,54.895
3.3973,23.092
0.95268,15.428
1.8144,6.0343
-1.361,-20.846
-3.5663,-26.542
-2.9966,-24.717
-2.3616,-12.709
-2.7525,-16.105
-0.0056484,8.6936
-4.3466,-22.799
-2.6768,-10.045
-6.5753,-10.85
-9.0931,-12.497
-7.5285,13.264
-8.6649,22.138
-4.4217,66.981
-8.5926,34.244
-5.7132,23.107
-7.2368,22.219
-10.226,14.051
-11.825,-24.49
-13.426,-57.485
-12.836,-75.846
-9.2234,-65.055
-7.9021,-48.015
-8.7017,-46.723
-11.643,-71.588
-19.127,-119.09
-13.077,-78.682
-5.6049,-29.75
-4.4238,-34.507
1.2759,14.948
-0.78111,9.9442
-3.7722,-31.486
-11.131,-81.817
-8.916,-86.382
-8.2346,-87.431
-1.2479,-40.836
-5.9139,-85.906
-0.16411,-26.08
-2.3926,-15.882
-6.0884,-59.232
-6.8924,-82.68
-10.85,-105.42
-6.4881,-59.014
-3.0237,-27.35
-6.6522,-66.319
-4.9745,-44.322
-1.344,-41.064
-2.5882,-27.203
-8.7462,-82.515
-7.4571,-60.866
-11.162,-95.419
-11.163,-87.588
-6.7346,-53.886
-2.5615,-37.967
-2.9375,-49.024
-5.0859,-82.307
-3.5187,-94.172
-2.1895,-68.054
-5.4483,-75.072
-1.8765,-61.922
-1.2869,-36.974
4.0024,10.081
3.7512,8.2302
-0.34851,-16.705
1.3268,-13.174
-1.8908,-49.327
-1.9764,-62.644
-0.92034,-42.017
-0.57562,-55.146
-6.4736,-108.27
-6.6229,-120.16
-7.0595,-144.96
-3.8669,-113.17
-7.6614,-134.08
-7.2426,-100.53
-4.3574,-65.323
-7.6224,-95.151
-3.8598,-54.459
-0.13115,-41.158
0.29372,-41.972
-3.7245,-55.586
-5.7404,-69.295
-1.0581,-41.148
-2.4158,-43.785
-5.9121,-52.477
-9.6356,-75.124
-9.0353,-80.196
-7.0271,-59.225
-4.928,-29.935
-1.7347,-5.8139
-2.9936,-11.685
-0.24012,3.1931
-4.9742,-44.475
-4.6242,-37.018
-0.64351,4.9391
-3.4011,-19.275
-3.445,-19.407
-4.1794,-30.622
-5.0094,-41.807
-6.0883,-71.696
-8.6341,-111.22
-8.707,-110.98
-5.569,-86.877
-5.7646,-93.569
-7.6891,-82.717
-6.4497,-63.473
-4.2773,-46.137
-2.3156,-30.333
-2.4051,-41.575
-2.7435,-59.588
0.30006,-36.266
-1.5926,-56.353
-0.79977,-52.928
-0.55254,-40.295
2.0229,-6.2487
-0.52174,-6.851
3.1162,20.431
2.9921,30.152
2.6047,8.1316
0.064917,-12.366
-3.9806,-21.043
-5.811,-30.106
-3.4312,-9.6489
-2.1833,-9.3516
-1.4506,7.488
-1.8979,-14.01
0.045518,-4.3335
-2.3862,-11.656
-4.4137,-36.774
-8.2507,-71.469
-8.6115,-66.097
-1.9088,-23.441
-2.8649,-32.762
-4.3153,-45.417
-5.2425,-73.544
-5.7781,-62.007
-8.1053,-81.057
-8.8585,-90.933
-11.157,-100.13
-10.037,-93.711
-9.5148,-93.071
-15.709,-137.61
-13.703,-103.04
-15.737,-115.01
-15.836,-112.4
-12.481,-67.371
-10.369,-58.049
-5.7727,-35.82
-0.35807,-0.65626
-1.5577,-12.299
-4.3018,-21.28
-3.6514,-52.802
-2.0329,-47.668
-2.1333,-38.075
-1.2967,-57.522
-5.6801,-75.363
-2.7039,-46.087
-3.1659,-50.466
-3.0318,-54.141
-3.1984,-63.599
1.6378,-28.323
0.22794,-41.477
0.71216,-11.997
-2.4843,-22.387
-2.0377,-14.084
0.39437,33.343
-1.6613,23.45
-2.8935,28.032
-4.7332,8.213
-3.6326,3.3833
2.6517,54.503
2.1739,39.501
4.4817,41.683
4.4621,65.482
6.9835,83.909
8.6786,97.772
5.8699,59.3
7.5024,58.84
8.6468,61.266
11.067,91.357
13.83,96.139
10.519,62.477
13.904,97.984
15.6,103.53
15.274,90.522
15.6,90.097
12.426,80.081
13.07,90.256
14.201,107.23
12.845,71.255
13.391,94.104
14.823,104.43
6.4832,52.83
4.4664,26.071
0.97513,0.032318
0.46592,-26.841
-0.11597,-16.618
1.748,10.448
-1.0975,-11.714
3.4118,18.662
-1.3839,-19.677
-0.8191,-28.733
-0.078921,-2.5658
1.2234,4.254
-4.7221,-44.996
0.32093,-15.178
-0.031166,-20.741
-1.5091,-32.569
-3.8194,-24.939
-6.578,-58.576
-2.8096,-24.902
-0.76724,0.37919
2.1614,19.737
1.1423,-7.4121
2.114,11.625
6.8268,51.274
5.7447,37.866
5.6109,45.494
4.5395,43.693
5.7109,49.348
3.8927,39.735
0.68767,12.912
-2.434,-27.66
-3.1265,-33.419
5.7913,47.21
3.1171,10.191
5.058,40.894
4.8311,41.811
3.2296,20.521
3.9033,29.844
9.1153,48.254
10.795,72.606
9.8239,77.801
11.456,68.495
11.123,53.4
7.8913,24.859
8.4755,32.865
6.2502,1.7089
-0.31986,-37.956
-3.5333,-56.461
-4.9081,-55.646
-2.1103,-31.624
0.0052502,14.706
-0.25967,17.281
4.0658,78.446
6.4537,93.225
6.0237,96.904
3.8705,78.734
5.4357,84.88
2.6265,50.175
5.5862,89.73
1.5881,47.382
-8.1366,-51.576
-11.915,-102.72
-8.1183,-79.934
-6.6832,-79.134
-3.8952,-57.387
0.31985,0.4825
-2.2708,-19.532
0.25947,-12.667
0.34405,-26.97
-3.9567,-51.027
-7.7841,-92.735
-6.597,-86.28
-3.4625,-82.475
-2.7031,-87.253
-5.2697,-98.584
-3.8838,-70.207
-6.9404,-100.9
-1.9899,-55.263
3.6458,-1.3438
7.7801,24.076
8.7936,16.06
9.7455,18.864
7.7149,15.835
1.119,-33.604
2.4326,-8.5283
3.9472,2.7639
6.5475,46.201
8.6018,33.36
6.2109,12.347
5.3807,-10.312
6.1725,-3.8366
13.698,39.238
10.535,9.2849
13.369,28.141
8.6819,-4.0269
4.9641,-31.134
1.413,-56.127
-3.9808,-100.08
1.3141,-51.23
3.1974,-19.987
1.5873,-19.191
7.5857,54.378
7.1705,62.155
5.5215,59.638
-0.050754,50.01
-1.3756,25.52
-2.4433,0.68138
1.2107,5.9751
6.0961,26.452
5.6049,16.743
7.9674,43.123
11.103,50.349
7.2206,31.744
7.7126,48.488
5.7532,54.895
4.9057,56.676
2.3897,39.034
1.9136,26.339
5.1315,53.914
2.0772,33.552
4.6472,56.041
-1.7138,16.295
-0.34565,7.5134
0.37853,12.593
3.3127,49.122
1.6026,20.631
-1.3697,23.271
-2.8334,0.81592
0.46034,27.62
1.3469,17.043
3.1934,30.747
5.871,34.588
5.7325,40.675
7.8238,42.812
6.1187,33.848
7.9095,49.498
2.3193,17.366
1.7605,57.286
2.1065,61.602
5.034,66.553
6.0127,64.017
1.3141,29.282
3.0463,54.88
5.7807,76.12
0.17439,9.1333
4.7036,24.706
4.4164,34.209
5.8448,46.834
9.6211,72.231
6.3762,43.315
5.8083,40.8
4.8056,20.188
5.0974,38.785
7.9705,60.592
7.5524,39.434
7.2736,30.089
10.424,40.325
12.274,50.645
10.407,29.824
15.238,53.758
13.051,35.428
7.2646,-4.4457
7.8564,30.549
7.805,36.094
5.804,23.108
3.1043,-5.4545
8.1695,63.243
9.7867,62.428
8.3883,27.319
7.6273,11.05
4.468,-29.135
6.0093,-6.5631
2.7804,-38.22
-0.4406,-40.579
1.0002,-6.1343
6.3329,30.447
3.5992,4.3242
-2.209,-35.541
-8.4107,-96.239
-7.3993,-85.813
-2.9771,-32.684
1.6163,-29.981
0.91871,-60.493
-2.9967,-78.003
-3.1766,-85.202
-3.1426,-80.099
-1.529,-93.203
-6.056,-137.15
-7.7678,-136.43
-9.1664,-117.89
-8.4872,-129.36
-7.7517,-136.05
-4.8882,-115.44
-8.6206,-140.91
-10.998,-137.18
-10.696,-119.51
-9.6753,-107.97
-12.348,-126.62
-14.722,-140.09
-14.789,-169.36
-13.752,-160.65
-10.377,-124.02
-11.247,-107.42
-11.774,-99.218
-6.3023,-82.548
-5.8704,-70.201
-4.5817,-75.751
-2.6385,-53.223
4.1936,-26.932
-3.3806,-69.328
-9.9835,-121.95
-7.9363,-112.53
-11.592,-125.09
-10.57,-97.359
-12.12,-103.86
-11.36,-102.52
-6.8071,-62.432
-7.1384,-39.681
-13.828,-102.76
-11.861,-76.685
-11.173,-72.074
-11.053,-67.313
-10.661,-56.421
-14.495,-91.299
-9.075,-52.04
-15.573,-83.314
-20.585,-135.04
-17.387,-105.03
-13.567,-123.59
-11.82,-120.79
-5.327,-72.445
-4.772,-94.636
-5.3913,-59.29
-10.524,-102.36
-8.0566,-113.19
-8.5356,-116.42
-9.1522,-120.39
-10,-134.58
-11.105,-128.37
-9.4871,-82.545
-7.0133,-57.994
-7.1522,-68.824
-6.0814,-42.134
-3.2114,-11.563
-4.3575,-10.247
-0.5289,7.9028
-3.257,-34.292
-3.3061,-58.605
0.82078,-39.299
1.8586,-44.063
1.9616,-29.367
2.8922,-19.019
5.8123,-3.2816
5.4534,-1.9472
5.9933,-11.455
10.672,8.9353
4.6736,-28.946
-0.73137,-75.809
-3.112,-80.643
-6.1077,-93.231
-3.5861,-58.019
-4.0773,-53.764
-8.6922,-76.666
-1.4107,-24.096
1.8128,-7.0204
-1.8427,-29.876
-1.8567,-40.403
0.38496,-3.7043
3.3851,34.589
2.7376,20.938
3.4571,22.735
5.772,25.821
5.1539,27.88
0.97397,0.028564
5.6301,45.076
3.8408,11.19
3.9898,9.1311
6.8174,42.109
14.236,122.08
13.894,137.6
10.418,98.274
9.0124,88.932
8.3685,101.28
7.6328,85.574
4.3005,66.026
8.1465,91.134
8.4105,91.362
5.3454,68.254
4.1422,49.767
7.5595,84.955
5.3067,82.484
8.5799,110.52
9.7642,113.3
8.7495,120.03
11.611,118.55
14.62,146.95
15.546,156.72
13.298,167.6
8.3938,108.84
5.6596,88.394
0.86228,60.203
-2.681,31.368
-0.035183,27.007
3.0993,44.773
4.8077,50.273
3.3643,45.059
4.9192,64.318
8.3165,95.328
7.7416,90.458
3.7167,43.871
-0.33998,12.354
-6.1209,-38.198
-1.1066,-2.1822
-0.38574,-11.588
1.8371,11.811
-2.2366,-8.1937
-0.25016,25.374
-4.454,-24.308
-8.3366,-62.778
-5.3204,-39.621
-7.5211,-52.903
-3.2023,-21.922
0.39891,17.729
-1.0756,17.592
-2.9784,-18.357
2.012,27.142
1.5327,28.887
-1.0123,-8.0588
-2.4215,-17.371
-1.7502,-30.96
-0.7335,-32.331
-5.0216,-50.979
-12.038,-112.19
-11.087,-114.09
-8.0583,-98.56
-11.923,-138.02
-12.452,-149.82
-6.8641,-100.53
-5.7001,-82.583
-8.5405,-111.37
-8.3136,-73.165
-8.5521,-76.167
-8.6202,-71.557
-3.4124,-9.089
-5.9265,-27.28
-9.8594,-27.736
-9.4164,-42.189
-10.727,-72.352
-10.383,-55.313
-11.414,-69.375
-13.059,-88.59
-12.393,-63.44
-12.705,-58.953
-10.623,-50.914
-7.3273,-40.386
-7.9946,-33.541
-4.8266,18.068
-2.0947,63.209
5.0694,96.955
2.4476,86.804
0.31016,50.551
-1.0749,27.333
2.4402,53.957
-4.5303,8.888
-3.6077,-1.6942
-4.7861,-6.3974
-4.9487,-4.1398
-12.74,-70.504
-8.183,-24.618
-13.285,-65.449
-17.82,-102.81
-16.431,-88.031
-19.068,-91.247
-11.792,-56.625
-11.439,-55.705
-14.198,-72.868
-12.36,-32.376
-7.5038,-6.2015
-3.7936,19.714
2.7139,35.55
4.3331,41.204
6.6326,65.747
9.6693,89.794
5.2519,67.776
13.588,125.7
11.545,91.549
8.0443,54.652
13.075,101.74
10.56,85.696
9.0856,66.473
7.2688,50.067
4.3968,57.028
6.2354,63.763
8.6233,63.541
4.5018,50.052
7.6539,64.771
2.346,22.176
3.6794,20.367
5.526,32.511
8.6891,39.118
12.859,59.598
13.706,64.598
8.5381,37.215
6.6605,24.058
4.0645,-14.088
2.8497,-39.299
-1.011,-65.516
-0.56555,-26.16
-0.041206,-18.16
-3.4435,-30.798
-7.3988,-61.761
-0.79158,-36.363
3.1182,-15.312
1.6148,-0.99794
-1.7994,-17.606
-2.8248,-42.1
-3.2902,-49.032
1.6777,-14.672
0.71814,-17.147
0.034009,-11.437
0.8475,-8.4395
6.4469,44.116
5.142,18.276
7.6818,45.058
5.3175,44.775
1.3101,6.725
-0.88472,-49.135
0.34331,-43.852
-2.6467,-39.984
0.032984,-36.888
-1.4866,-48.39
0.92991,-32.489
4.2681,2.0089
4.7386,-2.0815
3.5634,-7.9197
-3.5589,-37.904
-3.1834,-31.474
-2.0622,-21.288
0.58067,-3.8752
-2.5526,-33.2
3.9619,26.497
-1.8796,3.1058
2.9381,34.279
-1.9714,-5.1811
-5.057,-30.186
-0.053177,2.0457
-0.40395,-26.457
4.0856,10.031
4.0264,11.746
5.8105,40.876
8.6648,67.861
9.0421,94.968
9.0596,71.164
6.8089,36.496
7.348,36.201
14.16,97.271
17.134,124.4
12.135,84.497
8.275,95.187
8.5383,65.392
3.5192,46.621
4.8688,63.886
-0.58787,23.823
-1.4091,27.47
-2.494,40.052
-4.4504,13.385
-1.1382,1.9377
-3.1627,-21.387
-0.87496,-12.229
-0.93884,-5.5708
-1.1894,2.9599
2.2701,40.227
2.7656,52.037
5.2564,71.925
5.6918,47.485
8.2935,56.681
9.5712,61.116
5.33,35.998
7.0174,50.905
9.5119,91.695
10.051,85.693
11.195,78.405
10.778,77.404
11.011,91.775
7.0561,76.466
1.2029,20.825
3.1475,40.921
7.3211,39.376
3.2994,9.0321
5.5559,29.711
4.8792,-11.3
2.9969,-28.015
-4.0919,-88.682
-3.8421,-67.437
-6.8218,-84.417
-8.2021,-97.413
-5.0968,-87.217
-4.1765,-100.94
-6.3855,-118.07
-6.2281,-117.14
-9.6566,-136.87
-8.9998,-140.42
-8.3425,-115.48
-9.1692,-95.331
-17.148,-164.38
-12.431,-120.3
-9.7636,-94.025
-9.7048,-103.09
-8.7328,-103.11
-6.8805,-75.496
-8.5243,-70.573
-11.361,-86.204
-6.6117,-55.15
-9.3659,-90.061
-14.007,-130.51
-12.077,-128.26
-14.863,-127.63
-10.72,-110.1
-12.491,-107.32
-8.6451,-73.122
-5.0944,-41.644
-0.59971,-18.531
-1.4756,-9.8844
-2.2877,-17.135
-9.5316,-85.264
-8.8591,-87.74
-5.7631,-63.531
-1.5004,-17.566
-0.88058,-12.501
4.4083,1.8028
5.188,7.6187
3.2674,9.9656
3.4843,17.706
1.4891,12.114
-0.25484,14.807
-1.0091,3.4484
-3.6265,-31.153
-10.12,-72.067
-10.088,-75.933
-10.702,-62.095
-13.782,-73.133
-11.882,-76.437
-7.5535,-64.1
-8.3297,-57.192
-13.151,-90.319
-8.1219,-53.031
-5.301,-19.458
-3.7552,-11.447
-1.2282,-4.1031
0.30839,26.15
-4.4061,14.85
-1.6486,42.337
-5.8474,42.481
-6.7341,40.701
-4.9373,29.35
-4.8697,36.453
-4.2152,25.842
-5.3897,12.704
-6.6388,-4.5373
-7.8326,-13.216
-12.596,-54.964
-9.0078,-63.694
-3.6709,-56.459
0.74881,-24.206
-2.4692,-40.536
-6.2464,-63.563
-2.4258,-37.313
4.2932,5.6903
-3.8797,-29.958
-2.0752,0.59966
-1.1219,9.5533
0.80894,14.202
2.3529,26.774
-1.1327,5.0184
2.5598,27.967
3.537,47.199
8.5754,99.949
0.17308,18.177
-0.24553,24.083
-3.3119,-3.2029
-6.502,-38.899
-8.8256,-52.74
-9.6539,-54.644
-5.1311,-0.64978
-1.5719,15.926
-0.65722,21.422
3.7988,63.824
6.5531,73.924
8.5367,63.223
5.526,80.82
6.1613,58.549
1.8769,25.934
3.9569,39.814
5.6708,54.685
0.16456,26.635
2.2274,52.137
1.1601,39.921
-2.3892,16.814
0.65361,44.426
-0.28422,24.497
-1.7079,3.8959
0.26573,15.561
1.5169,33.943
3.9757,44.514
-0.6117,-4.6225
2.2098,22.686
0.10553,-3.8065
1.9182,-2.9839
0.87146,-3.9527
-3.3743,-25.886
-5.4122,-58.891
-3.6105,-17.841
-8.4475,-53.807
-12.704,-78.974
-9.5664,-50.765
-9.0063,-45.413
-9.0625,-63.973
-10.192,-64.855
-2.1317,-7.4109
-5.6422,-48.343
-9.7616,-85.767
-11.402,-99.665
-6.8397,-74.357
-9.5148,-96.86
-9.7757,-85.304
-8.005,-80.033
-11.215,-109.66
-13.558,-113.29
-7.0183,-82.736
-9.163,-108.86
-4.9843,-72.983
-3.4353,-56.124
-1.8904,-56.5
-3.1594,-69.058
-4.9979,-77.302
-8.6354,-93.475
-9.7441,-99.843
-13.126,-137.47
-8.6996,-109.09
-6.3994,-93.043
