-2.1658
0.64338
-0.34416
-2.6128
-2.7612
-2.5123
-0.68487
-2.8578
-0.092374
-2.8606
-2.3357
-2.3799
-2.6819
-0.66727
-2.6156
-0.32394
-2.6104
-2.2585
-2.8511
-1.1731
-2.8593
-2.1018
-2.0485
-2.3964
0.12775
0.16771
-0.36452
-0.32141
-2.6391
-0.26785
-2.2901
-2.6294
-2.3945
-0.43191
-2.7572
-2.6168
-2.8377
0.36768
-0.51921
-2.8139
-0.25793
-2.3313
-2.484
-2.7152
-2.3318
-1.1821
-0.1013
-2.1745
-0.26229
1.0754
-0.023542
-2.3924
-0.085881
-2.8974
-2.7409
-0.7321
-2.8103
-1.1708
-2.3653
-0.52384
-2.7658
-2.2288
-2.614
-2.6158
-2.8511
-0.35024
0.75042
2.812
-2.5676
-2.2733
-2.4059
-0.76329
-2.7318
-2.288
-2.5658
-2.8426
-2.1846
-0.24608
-2.6564
-2.4722
-1.1018
-2.7467
-2.1512
-2.7689
-1.0206
-2.708
-0.6517
-2.3902
0.96146
-2.7595
-2.8613
-0.94368
-2.6588
-2.4916
0.014301
-2.6816
-2.621
-0.81022
-0.93758
0.21523
-2.578
-2.8469
-0.86737
-2.5806
-0.78521
-2.1308
-1.9835
-2.2163
-2.4657
-2.6602
-1.9162
-2.4136
-2.3365
-0.71248
-1.9613
-2.8513
-2.8063
-2.5982
-0.18747
-0.75637
-2.7012
0.8351
-2.6972
-2.5507
-2.8122
-0.68265
0.19048
-2.7472
-2.4276
-2.4425
-2.3697
-2.7524
-1.7416
-2.5716
-2.5074
-2.3357
-1.5522
-2.801
-0.96193
1.0734
-1.629
0.14891
-2.8454
-1.525
-2.2041
-2.7232
-2.3364
-0.91599
-2.8061
-2.4323
-2.6804
-0.41162
-0.31305
-2.3528
-1.1235
0.77667
0.31901
-2.7709
-2.8496
-2.8537
-0.21769
-2.7762
-0.46142
-1.0613
-0.0090862
-2.4837
0.64935
-2.849
-0.21555
1.7314
-2.0223
-2.7778
-2.6655
-2.0457
0.89448
-0.65339
-2.7465
0.71511
-2.757
-2.5601
-0.71258
-2.5779
-0.11846
-2.2374
-2.791
-2.4246
-2.0393
-0.91022
-0.99323
-2.8281
0.077473
-2.0733
-2.3398
-2.55
-2.6532
-0.92679
-2.6052
0.13261
-2.8949
-2.3174
-2.2024
-2.3844
-2.8235
-2.5831
-1.9626
-0.21811
-2.4409
-0.54588
-2.5457
-2.6781
-2.1195
0.80555
-0.092003
-2.7344
-2.8259
-2.063
-2.3647
-2.7556
-0.96888
-2.8906
-2.5883
-0.53449
0.11023
-1.1322
-2.8549
-2.4692
-0.78759
-0.89365
-0.88709
-2.6652
-2.8165
-2.0213
-2.7633
-0.2293
-0.76024
-2.8793
0.37024
0.17411
0.41392
0.20783
-2.4979
0.76473
-2.2123
-2.8407
-2.6141
-0.22522
-1.5654
-2.6415
-2.8743
0.01998
-2.8587
-2.4517
-0.56348
-0.65044
-0.65914
-1.8052
-2.85
-1.1883
0.14104
-2.5513
1.0081
-2.2875
-2.0481
-1.3635
-2.2523
-2.6736
-2.4028
-2.7564
-2.5957
-1.4365
-0.32891
-2.8447
0.11819
-2.4226
-2.8676
-2.8736
-2.5926
-2.4412
-2.8262
-1.8234
-2.8418
0.10789
-2.7073
-2.8488
0.20531
0.41817
-2.1777
-0.7475
-2.8028
-2.0368
-0.85545
-0.86701
-1.9397
-2.1745
0.26313
0.14385
-2.3555
0.6367
-2.7715
-1.184
-0.65257
-2.0293
-2.3733
-2.4552
-2.836
-2.2308
-2.7613
0.2219
-0.93316
-0.56209
-2.5329
0.75797
-2.2774
-2.8157
-2.6847
-2.814
0.20666
-1.0011
-1.9129
-1.1131
-2.7675
-2.1903
-2.9428
-2.5504
-2.8081
-0.73941
-0.5463
-2.5172
-2.8588
0.17379
-2.2798
-2.8403
-0.15521
-2.3856
-2.7959
-2.152
-0.57083
-0.033758
-0.25613
-2.4492
-2.7311
-2.7943
-2.6409
-2.7824
-0.91058
0.71273
-1.7054
-2.0986
0.98602
-2.1818
-2.2445
-0.30477
-2.8204
-2.1268
-2.8893
-2.6914
0.89981
-2.8151
-2.8903
-2.6902
-2.7406
-2.881
0.46472
-2.7703
-2.1829
-1.7693
-0.25744
0.79906
-2.0401
-2.7885
1.8027
-2.9425
-2.2976
0.3335
-2.7934
-2.5947
1.6882
-2.3885
-2.8564
-2.5153
1.375
1.5336
-0.1241
-0.41761
0.15604
-2.4832
-2.3698
-0.21171
-0.3802
-2.8597
-2.7055
-0.11557
-2.5238
-0.48117
-1.0809
-2.463
-0.89293
-2.6923
-0.20843
-2.5761
-1.8402
-2.033
0.015651
-2.107
-2.1239
-0.66865
-2.4511
-2.7834
-1.2296
-0.12677
-2.8219
-2.7571
-2.8469
-2.4275
-2.8216
-2.3673
-2.8636
-1.0085
-2.6655
-0.014944
0.37266
-0.90405
-2.6678
-2.7417
1.1738
-2.801
0.6761
-0.53402
-0.8748
-0.12366
-2.6741
-2.7509
-2.4444
-1.9612
-2.8733
-2.6074
-2.5545
1.6915
-0.72588
-2.848
-2.6859
0.91501
-0.78885
-2.7104
-2.8826
-2.758
-2.8773
-1.6602
-0.8113
-1.9003
-2.6789
-2.8712
-0.28195
2.46
-2.6084
-1.1296
-2.7939
0.26444
0.22403
-2.7752
-2.7804
-2.6913
-0.80784
-1.9843
-0.27301
-2.8699
-2.2153
-2.8664
-0.94753
-0.18807
-0.73837
-2.2984
-0.33576
0.40554
-2.5028
-2.3417
-2.8034
-2.5293
-0.73401
-0.59717
0.077916
-1.9701
-2.7694
0.090316
0.026563
-0.6863
-0.88146
-2.7056
-2.8148
-2.8316
-0.34867
-1.1186
-0.89581
-2.8588
-1.0286
-0.57485
-2.2784
-2.5172
-0.63254
-0.35181
-2.8751
-0.40427
-0.025063
-2.6879
-0.96895
-2.3783
-2.8457
-2.37
-2.3297
0.86736
-2.8029
-1.8357
-2.4369
-2.6843
-2.2332
-2.7857
-2.7501
-2.588
-2.4653
-1.9479
-2.8073
-2.9574
-2.5827
-2.5166
-2.9317
-2.7156
-0.38219
-2.7289
-2.2461
-2.7848
-2.3708
-2.5069
-2.5867
-2.6897
-2.5853
-0.29069
-2.1017
-0.17559
-2.5804
-0.81986
-2.3272
-1.9676
0.64357
-0.49268
-0.35805
-2.0865
-1.6325
-1.4048
-2.467
-0.68082
-0.73711
-2.7861
-2.7271
0.70351
-1.9806
-2.3712
1.8043
-1.0501
-2.1138
-2.8646
1.2472
-2.9033
0.31031
-2.7959
-2.5283
-1.8729
-0.48175
0.20654
-2.8434
-1.2872
0.50704
-2.451
-2.766
0.14421
-2.8945
-2.8957
-2.2996
0.38558
-2.4506
0.28359
-2.2253
-2.658
-2.8647
-2.2769
0.09517
-2.7775
0.019208
-2.8993
-2.85
-2.6213
-2.8528
-1.2523
-0.16678
-2.7541
-2.8315
-2.7798
-2.6646
-0.088741
-1.1726
-0.50667
-2.7208
-0.28199
0.50888
-1.2995
-0.26989
-2.6333
-2.1071
0.96374
-0.57961
-2.6228
-2.7141
-2.7307
-2.5298
0.27671
-0.093981
-0.49104
-1.873
-2.7391
-2.9013
-2.6379
-2.6063
-0.39707
-2.4681
-2.8309
-2.804
-2.7718
-0.39985
-2.1451
-2.203
-2.572
-2.0753
-2.5458
-2.7984
-2.4605
-2.7103
-2.8315
-2.5132
-0.021789
0.34802
-2.8191
-0.60575
-2.7652
-2.5095
-0.32673
-2.8389
-2.7016
-2.5754
-0.089689
-2.8726
-1.9743
-0.69024
-0.31531
-1.7905
-2.77
-2.437
-2.7127
-2.7669
0.23474
-2.6203
-2.7932
-2.8245
-2.6757
-2.7692
-2.2395
-1.9617
-0.049976
1.1543
-2.8424
-2.4543
-2.4332
0.35957
-2.7547
-2.7953
-2.4104
-2.312
-2.4311
-0.17168
-1.5122
-0.44194
0.84012
-0.85622
-2.6732
-2.6883
-1.997
-2.5755
0.7728
-2.7798
0.36849
-1.6548
-2.9367
-2.8712
-2.6029
-2.9826
-2.7194
0.1581
-0.65864
-0.0084114
-2.5128
-2.9008
-1.38
-2.3202
0.59234
-2.8883
-2.6331
-2.7903
-2.4113
-0.93498
-0.75884
-1.9948
-2.5056
-0.066775
-2.7495
-2.2456
-1.7633
-2.2234
-1.3926
-0.65254
-2.8842
-2.5076
-0.45509
-2.4166
-2.5417
1.8369
-2.7109
-0.81001
-2.5619
0.20367
-1.2681
0.17345
-2.4445
-2.7387
-1.9427
-2.818
-2.6433
-0.30814
-1.5734
0.24884
-0.50088
-0.9308
-2.7726
-2.67
-0.84918
-1.2129
0.50774
-2.5495
-1.3558
-2.7163
-0.55601
-2.9907
-0.1101
-2.5682
-2.7957
-0.13852
-1.595
0.21415
-1.5077
-2.6861
-2.3709
-1.735
-2.6808
0.80587
-0.82178
-2.2617
0.21084
-2.884
-2.6629
-1.5434
-2.1959
-2.0971
-2.8336
-2.7046
-2.5414
-2.6316
0.1789
-2.7379
-2.5647
-2.5985
-2.8715
-2.6791
-1.073
-0.62421
-2.5426
-0.48833
0.77394
-2.7928
-2.8336
-0.98486
-1.9931
-2.7154
-0.24549
-2.7523
-2.088
0.70922
-2.5276
-2.6949
-2.5605
-2.2229
-2.7617
-2.4435
-0.40604
-2.1598
-0.1023
0.41707
-2.6351
-1.2317
-2.0797
-2.4019
-2.4703
-2.5819
-2.073
0.16258
-2.3682
-2.0215
-2.3085
-2.9025
-2.8432
-0.75012
-0.50477
-2.5584
-2.8521
-2.1978
-0.54366
-1.9945
-2.0939
-2.572
1.168
0.42708
-2.6495
-2.6043
0.89056
-2.1891
-0.98313
-0.3367
-2.649
-2.8185
-2.7412
-0.97471
-2.5266
0.46992
-0.65498
-0.70057
-2.5566
0.22048
0.72309
-0.30706
-0.5382
-1.2139
-2.8699
1.9
-2.1036
-2.5443
-0.99135
-0.55869
-1.7968
-2.2466
-1.2585
-0.094117
0.79817
-2.6747
-0.58929
-2.764
-2.4643
-2.9055
-2.7444
-2.5211
-0.30002
-0.38406
-2.7576
-2.099
0.53039
-2.8088
-1.959
-2.6564
-2.6232
-1.0639
-2.6541
-0.71052
-2.9456
-2.8373
-2.2121
0.24337
-2.7219
-2.221
-0.47585
-0.38014
-2.2756
-2.8751
-1.8518
-1.8449
-2.7732
-2.7764
-2.5195
-2.9712
-2.7983
-2.3119
-2.6868
-1.0409
-2.9053
-2.3147
-2.5553
-2.8234
-1.8595
-2.8878
-2.6813
0.25697
-2.8571
-0.17607
-2.6811
-2.4257
-2.8761
-2.496
-0.17794
0.46996
-2.7963
-2.8303
-1.0373
-2.3876
-0.56736
-0.23254
-2.7231
-0.87054
0.22051
-2.6587
-2.3417
-0.62151
-2.8881
-2.4919
-1.8821
0.43661
-2.2333
-2.8066
-2.5236
-1.3463
-1.0699
-2.8095
-0.45705
-2.2603
-2.3235
-1.8948
-2.2815
-2.8276
-2.6745
-2.3477
-0.28361
-0.11833
-2.1974
-2.7181
-2.8583
-2.0696
0.062565
-2.5812
-0.68099
-2.8584
0.64572
-0.050681
-1.0903
-2.8098
-0.062708
-0.12262
-2.7208
-0.75846
-1.8915
-0.63369
-2.8573
-2.6804
-2.5902
-2.8456
-2.6323
-2.513
-2.5988
-2.743
-2.0726
-1.9159
-0.4345
-2.0164
-2.2719
-2.8506
-2.2455
-2.2826
-2.3835
-2.6865
-2.874
-2.8072
-2.8825
0.89726
-1.319
-2.9309
-0.89482
-2.9313
1.115
-2.638
0.36342
-2.7595
-2.7167
-0.39705
-2.4602
-0.82824
-0.095894
-2.2192
-2.6903
