-0.484170,0.391233,0.390541,0.392136,0.571530
0.557660,0.397562,0.384417,0.400536,0.508730
-0.884360,0.321026,0.321062,0.321985,0.339670
0.096899,0.525342,0.529448,0.529454,0.847090
1.932400,0.031724,0.028673,0.031713,0.030841
0.253810,0.504912,0.503549,0.506094,0.350660
0.133750,0.524022,0.527202,0.527549,0.738330
-0.839350,0.327032,0.326063,0.326828,0.251340
1.091100,0.122702,0.112908,0.120893,0.110020
0.300210,0.493627,0.491330,0.494440,0.303140
-0.526720,0.383479,0.382268,0.384470,0.558730
-0.918490,0.315785,0.316206,0.317644,0.417180
-0.547840,0.379364,0.377702,0.380234,0.527630
0.692920,0.314327,0.282013,0.314791,0.219000
-0.608880,0.366730,0.363586,0.366788,0.386550
-1.442300,0.100868,0.075318,0.098476,0.070534
0.439920,0.450550,0.446439,0.452710,0.515520
-0.538510,0.381203,0.379752,0.382139,0.543130
-0.630330,0.362191,0.358645,0.361879,0.334670
-0.137870,0.473799,0.466644,0.473649,0.376040
-0.967640,0.306184,0.305882,0.309094,0.503620
0.137570,0.523737,0.526784,0.527190,0.724960
0.070149,0.524566,0.528792,0.528910,0.892730
0.364460,0.475686,0.472817,0.476783,0.358560
0.364680,0.475619,0.472750,0.476719,0.358950
0.304510,0.492508,0.490155,0.493312,0.302690
-0.053607,0.501782,0.499789,0.504445,0.667540
0.409020,0.461491,0.458123,0.463179,0.450780
-0.964920,0.306796,0.306588,0.309660,0.500490
-1.493900,0.084714,0.063914,0.082572,0.065374
-0.994630,0.299515,0.297861,0.302785,0.520140
-0.400850,0.405013,0.403465,0.404610,0.428340
-0.002566,0.514749,0.516406,0.518643,0.834260
-0.151920,0.468853,0.461275,0.468257,0.340720
-1.012500,0.294468,0.291475,0.297870,0.515430
-1.766700,0.037403,0.031684,0.036588,0.041899
0.517250,0.417990,0.409245,0.420976,0.567760
0.555400,0.398769,0.385904,0.401753,0.513300
-0.936170,0.312662,0.313039,0.314946,0.454250
0.840040,0.219907,0.183961,0.217047,0.141430
-0.900740,0.318620,0.318903,0.320019,0.376940
-0.876260,0.322158,0.322040,0.322898,0.321820
-0.513540,0.385958,0.384972,0.386970,0.570280
1.162200,0.108979,0.102682,0.107896,0.101550
-0.531610,0.382542,0.381235,0.383514,0.552830
0.031506,0.520734,0.524112,0.525045,0.894760
0.086974,0.525230,0.529444,0.529450,0.867900
0.426870,0.455295,0.451554,0.457256,0.489530
1.061000,0.129823,0.117823,0.127669,0.113650
0.618500,0.362453,0.340681,0.364692,0.362520
0.393950,0.466481,0.463334,0.467948,0.417500
0.258930,0.503743,0.502245,0.504861,0.341610
-0.566800,0.375534,0.373408,0.376214,0.489180
-0.072317,0.496071,0.492674,0.498148,0.596680
0.012635,0.517710,0.520234,0.521834,0.867820
-2.009900,0.023797,0.022854,0.023450,0.026474
0.273280,0.500361,0.498529,0.501329,0.321210
0.101080,0.525328,0.529368,0.529387,0.837090
1.820700,0.039210,0.036624,0.039063,0.038036
-1.042800,0.284701,0.278617,0.288121,0.479990
0.438750,0.450983,0.446909,0.453126,0.513320
0.265560,0.502199,0.500539,0.503243,0.331250
-0.929130,0.313945,0.314365,0.316065,0.440050
-0.023790,0.509884,0.510120,0.513345,0.772850
-1.127000,0.249913,0.231308,0.252163,0.283800
0.444290,0.448918,0.444661,0.451143,0.523540
-1.323200,0.149970,0.115735,0.147953,0.085286
0.011140,0.517439,0.519885,0.521544,0.864970
0.131240,0.524194,0.527459,0.527769,0.746940
-0.011259,0.512855,0.513956,0.516587,0.810930
-0.418620,0.402110,0.400936,0.402075,0.469400
-1.291500,0.165516,0.130764,0.163936,0.092348
0.072333,0.524686,0.528923,0.529018,0.890290
-0.458650,0.395569,0.394875,0.396208,0.545960
0.582120,0.384039,0.367635,0.386817,0.453270
0.479890,0.434736,0.428817,0.437430,0.569170
0.308000,0.491591,0.489195,0.492391,0.302800
-0.142260,0.472252,0.464948,0.471960,0.364470
0.032682,0.520898,0.524319,0.525217,0.895850
-1.040100,0.283831,0.277929,0.287185,0.484350
0.705800,0.305709,0.271954,0.305821,0.203540
-0.350540,0.413770,0.410763,0.412289,0.319100
0.462750,0.441767,0.436762,0.444252,0.552130
-0.927900,0.314164,0.314587,0.316254,0.437490
-2.501800,0.010494,0.008186,0.010318,0.008727
-0.274690,0.430401,0.424581,0.427943,0.233190
-0.114770,0.481893,0.475761,0.482523,0.444750
0.445310,0.448534,0.444242,0.450773,0.525350
-1.392900,0.119255,0.089294,0.116807,0.075804
-1.350800,0.137181,0.104217,0.134910,0.080978
-1.519500,0.077784,0.059191,0.075802,0.062893
0.519570,0.416883,0.407922,0.419879,0.565860
-2.319900,0.016534,0.015281,0.016593,0.013531
-0.567960,0.375296,0.373141,0.375962,0.486590
-0.135670,0.474573,0.467499,0.474496,0.382010
0.136370,0.523829,0.526918,0.527306,0.729200
-0.189950,0.455734,0.447786,0.454112,0.270880
0.489070,0.430806,0.424302,0.433595,0.573910
1.272200,0.092964,0.088817,0.092572,0.088824
0.016508,0.518390,0.521112,0.522562,0.874750
-2.090700,0.021920,0.021452,0.021779,0.022429
0.223040,0.511459,0.511071,0.513129,0.423610
0.545400,0.404016,0.392347,0.407034,0.531940
1.267200,0.093613,0.089423,0.093202,0.089393
0.087157,0.525234,0.529447,0.529452,0.867550
0.001723,0.515630,0.517547,0.519596,0.844710
-0.032881,0.507560,0.507133,0.510799,0.742510
-0.062335,0.499170,0.496516,0.501567,0.634600
0.406520,0.462334,0.459007,0.463984,0.445230
0.252930,0.505110,0.503771,0.506304,0.352310
-0.766320,0.336975,0.334212,0.335575,0.186280
0.097483,0.525342,0.529440,0.529447,0.845740
0.549900,0.401673,0.389476,0.404678,0.523860
-1.712600,0.043145,0.035646,0.042189,0.046039
-0.726850,0.343329,0.339819,0.341840,0.193220
-0.468540,0.393912,0.393248,0.394671,0.558560
0.204470,0.514954,0.515275,0.516987,0.481020
0.564820,0.393692,0.379633,0.396623,0.493550
-0.887500,0.320578,0.320668,0.321621,0.346730
0.970500,0.157829,0.136438,0.154757,0.124590
1.577300,0.058646,0.054758,0.058291,0.057513
-0.580370,0.372730,0.370261,0.373234,0.457570
0.512340,0.420306,0.412001,0.423270,0.571080
0.549230,0.402024,0.389906,0.405031,0.525110
0.071475,0.524640,0.528874,0.528977,0.891280
-1.799300,0.034528,0.029739,0.033776,0.039537
-0.016327,0.511687,0.512446,0.515315,0.796110
-0.464390,0.394610,0.393938,0.395322,0.553660
-0.964130,0.306972,0.306790,0.309823,0.499540
-0.578220,0.373177,0.370762,0.373711,0.462730
-0.480050,0.391947,0.391272,0.392817,0.568990
1.283000,0.091580,0.087510,0.091226,0.087603
0.272710,0.500498,0.498678,0.501471,0.321870
-0.125610,0.478109,0.471449,0.478369,0.410930
-0.668430,0.354306,0.350399,0.353368,0.257830
-0.073210,0.495789,0.492326,0.497836,0.593300
-1.150700,0.238449,0.216043,0.240142,0.231150
-0.130740,0.476308,0.469427,0.476395,0.395870
0.693300,0.314073,0.281714,0.314527,0.218500
-0.543250,0.380272,0.378716,0.381177,0.535580
0.420970,0.457379,0.453777,0.459250,0.476980
0.731750,0.288326,0.252242,0.287730,0.179870
0.402330,0.463732,0.460471,0.465320,0.435920
-0.589760,0.370766,0.368063,0.371133,0.434490
0.169830,0.520338,0.522106,0.523115,0.605410
-0.904950,0.317972,0.318301,0.319481,0.386600
-0.095027,0.488650,0.483678,0.489962,0.512370
0.000290,0.515339,0.517171,0.519282,0.841300
0.360020,0.477014,0.474178,0.478065,0.351000
1.467800,0.069948,0.065885,0.069710,0.067943
-0.432620,0.399839,0.398893,0.400068,0.499730
-0.079603,0.493741,0.489817,0.495578,0.569170
-0.529780,0.382894,0.381624,0.383873,0.555140
0.544890,0.404280,0.392670,0.407298,0.532820
0.205720,0.514731,0.515002,0.516739,0.476900
1.102200,0.120298,0.111200,0.118612,0.108690
0.560760,0.395896,0.382360,0.398852,0.502280
0.850910,0.213737,0.178628,0.210751,0.139770
-1.091500,0.265848,0.252969,0.268781,0.372650
-0.029398,0.508467,0.508296,0.511793,0.754360
-2.280200,0.017700,0.016796,0.017787,0.014825
0.528010,0.412788,0.403005,0.415808,0.557300
0.440320,0.450402,0.446278,0.452567,0.516280
0.133930,0.524009,0.527183,0.527532,0.737710
-0.171090,0.462164,0.454262,0.461012,0.300870
-1.041800,0.285048,0.279081,0.288472,0.481630
0.251090,0.505524,0.504236,0.506743,0.355850
1.305600,0.088746,0.084791,0.088459,0.085078
-0.584950,0.371774,0.369190,0.372213,0.446400
0.572550,0.389430,0.374347,0.392302,0.476080
-1.618900,0.056642,0.044939,0.055285,0.053809
-0.214730,0.447642,0.439994,0.445546,0.244400
0.438080,0.451231,0.447178,0.453363,0.512040
0.424190,0.456246,0.452570,0.458166,0.483870
1.135100,0.113775,0.106400,0.112437,0.104770
-0.430250,0.400223,0.399244,0.400410,0.494800
-0.964000,0.307001,0.306823,0.309849,0.499380
-0.930240,0.313747,0.314162,0.315893,0.442330
-0.519510,0.384844,0.383762,0.385852,0.565860
-0.207710,0.449886,0.442115,0.447906,0.250490
0.517780,0.417737,0.408944,0.420726,0.567340
0.398580,0.464970,0.461763,0.466504,0.427640
0.050939,0.523063,0.527023,0.527448,0.903570
0.740600,0.282424,0.245742,0.281592,0.173750
-0.404920,0.404344,0.402889,0.404027,0.437860
-0.418120,0.402192,0.401008,0.402146,0.468270
0.150650,0.522567,0.525122,0.525756,0.677440
-0.686950,0.350645,0.346746,0.349460,0.230080
1.357900,0.082438,0.078553,0.082235,0.079354
-0.569100,0.375062,0.372878,0.375715,0.484020
-2.706100,0.005147,0.003496,0.004983,0.005126
-0.067603,0.497549,0.494500,0.499778,0.614580
1.401500,0.077371,0.073426,0.077179,0.074727
-0.808240,0.331082,0.329323,0.330224,0.210840
-1.079200,0.269159,0.257993,0.272194,0.403040
0.715280,0.299354,0.264654,0.299205,0.193810
0.372320,0.473299,0.470370,0.474484,0.372960
-0.260420,0.434169,0.427827,0.431693,0.229540
0.020323,0.519031,0.521935,0.523245,0.880890
-0.408420,0.403771,0.402393,0.403528,0.446020
-1.082000,0.269817,0.258399,0.272891,0.396320
0.136040,0.523854,0.526955,0.527337,0.730330
-0.003001,0.514657,0.516288,0.518544,0.833160
0.404400,0.463043,0.459751,0.464662,0.440520
-1.329300,0.147079,0.113065,0.144996,0.084236
-0.686220,0.350787,0.346885,0.349611,0.231050
0.709990,0.302901,0.268716,0.302897,0.199080
-0.338650,0.416045,0.412628,0.414335,0.298290
-0.799970,0.332191,0.330225,0.331192,0.203300
1.709600,0.047183,0.044145,0.046855,0.046276
-0.264660,0.433027,0.426837,0.430550,0.230220
0.603820,0.371360,0.351802,0.373851,0.399060
1.280800,0.091860,0.087776,0.091499,0.087861
0.108090,0.525224,0.529129,0.529186,0.818790
-0.535150,0.381857,0.380478,0.382812,0.548050
0.687790,0.317749,0.286054,0.318352,0.225920
1.084500,0.124186,0.113949,0.122301,0.110810
0.696220,0.312122,0.279423,0.312496,0.214780
0.276550,0.499569,0.497670,0.500510,0.317600
-1.040100,0.283831,0.277929,0.287185,0.484380
0.755460,0.272581,0.235135,0.271366,0.165260
0.381190,0.470549,0.467541,0.471844,0.390490
-0.284190,0.428013,0.422552,0.425600,0.237790
-0.504810,0.387561,0.386694,0.386686,0.574240
-0.707630,0.346746,0.342991,0.345360,0.207110
-0.507650,0.387043,0.386140,0.388051,0.573280
-0.824190,0.328991,0.327637,0.328446,0.229230
0.339510,0.482970,0.480280,0.483856,0.322350
0.505010,0.423698,0.416011,0.426618,0.574290
-0.989140,0.300962,0.299647,0.304174,0.519030
-1.162900,0.232345,0.208073,0.233731,0.207300
0.215630,0.512899,0.512785,0.514709,0.445450
0.151610,0.522470,0.524987,0.525638,0.673880
0.157830,0.521802,0.524069,0.524838,0.650640
-0.943780,0.311211,0.311501,0.313664,0.468540
-0.506320,0.387286,0.386400,0.388292,0.573770
-1.283600,0.169509,0.134810,0.168061,0.094705
0.102600,0.525314,0.529328,0.529353,0.833270
-0.571370,0.374595,0.372353,0.375219,0.478830
0.489990,0.430406,0.423840,0.433203,0.574200
0.738720,0.283676,0.247112,0.282893,0.174980
0.480930,0.434297,0.428315,0.437002,0.569870
-0.148720,0.469978,0.462483,0.469481,0.348320
-0.036632,0.506562,0.505856,0.509704,0.729450
1.026300,0.139282,0.124140,0.136735,0.117840
0.121150,0.524770,0.528347,0.528525,0.780140
-0.638010,0.360575,0.356917,0.360130,0.317310
0.497270,0.427195,0.420110,0.430057,0.575360
1.072000,0.127113,0.115974,0.125085,0.112320
-0.010338,0.513063,0.514224,0.516813,0.813530
0.474170,0.437126,0.431537,0.439755,0.564630
0.309970,0.491070,0.488651,0.491869,0.303050
1.900900,0.033838,0.031026,0.033806,0.032757
0.142750,0.523309,0.526167,0.526660,0.706430
0.552860,0.400115,0.387562,0.403110,0.518270
-0.505750,0.387390,0.386511,0.388395,0.573960
-1.037500,0.284718,0.279114,0.288078,0.488430
0.449090,0.447099,0.442669,0.449394,0.531850
-0.728350,0.343072,0.339584,0.341578,0.192430
-0.957650,0.308382,0.308390,0.311115,0.490960
0.463010,0.441663,0.436646,0.444152,0.552450
-1.144200,0.241649,0.220268,0.243500,0.244790
0.015503,0.518217,0.520888,0.522377,0.873020
0.766100,0.265604,0.227803,0.264127,0.160350
0.677750,0.324419,0.294003,0.325291,0.240790
-0.703010,0.347598,0.343800,0.346249,0.211520
-2.766200,0.004015,0.002459,0.003871,0.004349
0.588910,0.380137,0.362768,0.382837,0.436520
-1.232000,0.196338,0.163947,0.195965,0.120450
0.412820,0.460199,0.456763,0.461945,0.459180
0.432310,0.453340,0.449456,0.455385,0.500690
-0.350620,0.413755,0.410751,0.412276,0.319260
-0.197090,0.453356,0.445455,0.451579,0.261800
0.861810,0.207718,0.173564,0.204628,0.138200
-0.061417,0.499450,0.496864,0.501874,0.638080
-0.642240,0.359690,0.355978,0.359172,0.308110
-0.532490,0.382372,0.381048,0.383340,0.551680
0.420790,0.457442,0.453844,0.459310,0.476590
0.148180,0.522811,0.525462,0.526050,0.686590
-1.008000,0.295788,0.293166,0.299165,0.517840
0.568620,0.391607,0.377050,0.394511,0.485080
-0.275720,0.430138,0.424356,0.427683,0.233600
-0.400440,0.405081,0.403523,0.404669,0.427370
-1.037800,0.286419,0.280913,0.289854,0.488010
0.539110,0.407241,0.396283,0.410267,0.542220
-1.037500,0.284718,0.279114,0.288078,0.488400
-0.331420,0.417480,0.413805,0.415641,0.286900
-0.572970,0.374265,0.371983,0.374869,0.475130
-1.214200,0.205728,0.174930,0.205791,0.135700
0.263070,0.502783,0.501182,0.503853,0.334950
-1.425300,0.106867,0.079745,0.104430,0.072300
-0.242970,0.439068,0.432144,0.436659,0.230350
-1.003200,0.297160,0.294908,0.300503,0.519480
-1.048100,0.282835,0.276109,0.286232,0.470570
-0.058810,0.500237,0.497849,0.502742,0.647950
-0.001006,0.515073,0.516826,0.518995,0.838150
0.635360,0.351933,0.327599,0.353834,0.322700
0.223540,0.511359,0.510954,0.513021,0.422190
-0.021294,0.510498,0.510911,0.514016,0.780800
-0.991080,0.300456,0.299025,0.303689,0.519560
-0.948610,0.310254,0.310465,0.312808,0.476930
0.175530,0.519566,0.521093,0.522218,0.584040
0.723180,0.294060,0.258654,0.293695,0.186680
-0.685650,0.350897,0.346994,0.349728,0.231800
1.295900,0.089953,0.085956,0.089639,0.086166
0.522130,0.415652,0.406449,0.418657,0.563540
0.068642,0.524477,0.528693,0.528828,0.894270
0.927590,0.175276,0.148533,0.171991,0.129810
0.405480,0.462682,0.459373,0.464317,0.442930
-0.091735,0.489752,0.484995,0.491178,0.524270
1.155900,0.110053,0.103530,0.108914,0.102290
-1.417500,0.109735,0.081905,0.107285,0.073120
-0.130820,0.476280,0.469395,0.476364,0.395650
0.581590,0.384341,0.368012,0.387125,0.454540
0.572380,0.389525,0.374464,0.392398,0.476460
0.205090,0.514844,0.515140,0.516864,0.478960
-1.202700,0.211780,0.182213,0.212135,0.147950
1.211600,0.101248,0.096281,0.100546,0.095768
-1.004600,0.296764,0.294407,0.300117,0.519070
0.746410,0.278564,0.241546,0.277580,0.170180
0.020866,0.519120,0.522049,0.523339,0.881700
-1.970800,0.024996,0.023644,0.024555,0.028614
0.998490,0.147973,0.129874,0.145139,0.121200
-0.382960,0.408004,0.405997,0.407212,0.386840
1.219700,0.100078,0.095265,0.099427,0.094826
0.926610,0.175709,0.148844,0.172422,0.129930
0.539090,0.407251,0.396296,0.410278,0.542250
-0.772360,0.336078,0.333451,0.334728,0.187750
0.877390,0.199422,0.166805,0.196219,0.136100
0.320970,0.488118,0.485583,0.488927,0.306900
0.063868,0.524162,0.528335,0.528532,0.898390
0.705900,0.305642,0.271877,0.305751,0.203430
-0.879560,0.321701,0.321648,0.322530,0.329020
0.159270,0.521638,0.523846,0.524644,0.645220
0.049209,0.522889,0.526810,0.527272,0.903590
2.006800,0.026647,0.022776,0.026613,0.026639
0.482230,0.433745,0.427684,0.436465,0.570690
0.500570,0.425715,0.418379,0.428603,0.575200
-1.181400,0.222885,0.195975,0.223793,0.176310
0.384070,0.469643,0.466607,0.470975,0.396440
0.602630,0.372071,0.352690,0.374580,0.402060
-0.307650,0.422514,0.417952,0.420321,0.256660
-0.991980,0.300220,0.298733,0.303462,0.519750
-0.121220,0.479646,0.473189,0.480055,0.424290
-1.079200,0.269159,0.257993,0.272194,0.403130
-0.034159,0.507223,0.506701,0.510429,0.738090
0.423010,0.456663,0.453014,0.458565,0.481350
0.104910,0.525283,0.529254,0.529291,0.827300
1.117100,0.117238,0.108982,0.115714,0.106910
0.831210,0.225038,0.188504,0.222296,0.142900
-1.037700,0.286453,0.280958,0.289888,0.488200
0.086957,0.525230,0.529444,0.529450,0.867930
0.164980,0.520956,0.522928,0.523839,0.623710
2.006400,0.026674,0.022809,0.026641,0.026660
-0.114240,0.482077,0.475973,0.482725,0.446460
-0.498590,0.388685,0.387887,0.389669,0.575210
-0.689870,0.350082,0.346195,0.348863,0.226310
1.891600,0.034459,0.031702,0.034418,0.033343
-0.108510,0.484058,0.478268,0.484904,0.465430
0.108780,0.525208,0.529099,0.529160,0.816880
0.401480,0.464014,0.460765,0.465590,0.434050
-0.641090,0.359930,0.356233,0.359432,0.310580
0.283090,0.497964,0.495940,0.498856,0.311560
0.281860,0.498268,0.496266,0.499169,0.312580
-1.168200,0.229657,0.204603,0.230908,0.197840
-0.902580,0.318338,0.318643,0.319786,0.381160
0.803300,0.241894,0.204117,0.239613,0.148510
0.436390,0.451853,0.447851,0.453959,0.508770
-0.262650,0.433566,0.427304,0.431089,0.229850
0.536120,0.408753,0.398122,0.411781,0.546690
-0.122690,0.479132,0.472605,0.479491,0.419790
-0.142820,0.472055,0.464733,0.471745,0.363010
0.159680,0.521591,0.523782,0.524588,0.643680
-0.478420,0.392227,0.391557,0.393084,0.567810
0.448640,0.447270,0.442858,0.449559,0.531090
-0.363470,0.411403,0.408818,0.410189,0.344440
-0.126930,0.477646,0.470927,0.477861,0.407010
-0.779210,0.335083,0.332613,0.333802,0.190250
-0.725690,0.343530,0.340002,0.342044,0.193860
-0.570330,0.374809,0.372594,0.375446,0.481210
0.162960,0.521203,0.523259,0.524130,0.631310
1.664000,0.050848,0.047492,0.050480,0.049976
0.694230,0.313452,0.280984,0.313881,0.217310
-0.947990,0.310378,0.310600,0.312920,0.475880
0.623660,0.359265,0.336708,0.361406,0.350030
0.520180,0.416590,0.407573,0.419589,0.565340
0.135500,0.523895,0.527014,0.527388,0.732250
1.074900,0.126420,0.115497,0.124426,0.111970
0.731730,0.288340,0.252257,0.287744,0.179880
0.532380,0.410626,0.400393,0.413652,0.551860
0.343830,0.481739,0.479018,0.482653,0.327450
-0.615380,0.365353,0.362075,0.365300,0.370430
0.407380,0.462045,0.458704,0.463708,0.447130
1.030100,0.138174,0.123407,0.135669,0.117380
0.171790,0.520078,0.521763,0.522812,0.598060
-1.023000,0.291258,0.287308,0.294695,0.506810
1.246400,0.096370,0.091961,0.095866,0.091759
0.651620,0.341534,0.314772,0.343065,0.287780
-0.636270,0.360941,0.357306,0.360526,0.321180
-0.998570,0.298447,0.296528,0.301753,0.520190
-0.218700,0.446391,0.438824,0.444236,0.241440
0.213130,0.513371,0.513353,0.515231,0.453150
0.177980,0.519219,0.520642,0.521818,0.574940
0.565930,0.393085,0.378882,0.396008,0.491100
0.219050,0.512241,0.511999,0.513986,0.435180
0.541220,0.406166,0.394973,0.409190,0.538910
-0.033329,0.507442,0.506982,0.510670,0.740960
-1.025100,0.290594,0.286438,0.294034,0.504700
0.040028,0.521855,0.525526,0.526213,0.901060
-0.205280,0.450672,0.442866,0.448736,0.252850
1.405600,0.076902,0.072948,0.076710,0.074296
-0.566510,0.375593,0.373475,0.376277,0.489830
0.550480,0.401369,0.389102,0.404372,0.522790
-0.330410,0.417684,0.413972,0.415828,0.285380
0.744910,0.279559,0.242624,0.278614,0.171070
-1.090000,0.266484,0.253838,0.269440,0.376300
-0.591610,0.370377,0.367629,0.370716,0.429880
-0.578070,0.373208,0.370797,0.373744,0.463090
0.431290,0.453709,0.449853,0.455738,0.498630
0.561900,0.395279,0.381598,0.398229,0.499860
-0.179450,0.459291,0.451336,0.457919,0.286470
0.180870,0.518799,0.520100,0.521335,0.564220
-0.573710,0.374112,0.371811,0.374706,0.473410
0.060865,0.523939,0.528075,0.528317,0.900380
-0.140210,0.472974,0.465738,0.472749,0.369790
0.412160,0.460425,0.457000,0.462160,0.457730
0.082635,0.525117,0.529355,0.529376,0.875600
-0.319270,0.419990,0.415867,0.417955,0.270050
-0.507220,0.387122,0.386224,0.388129,0.573450
0.020180,0.519007,0.521905,0.523220,0.880670
0.002466,0.515779,0.517739,0.519757,0.846440
-0.029933,0.508329,0.508119,0.511642,0.752560
-1.189300,0.218787,0.190839,0.219490,0.164820
-0.505710,0.387397,0.386519,0.388402,0.573970
-1.497300,0.083754,0.063255,0.081632,0.065037
-0.541520,0.380613,0.379096,0.381530,0.538410
-0.845550,0.326231,0.325416,0.326176,0.261630
-0.056094,0.501048,0.498866,0.503636,0.658200
1.599200,0.056572,0.052793,0.056203,0.055542
0.304840,0.492421,0.490064,0.493225,0.302680
-1.689200,0.046052,0.037663,0.045017,0.047904
-0.477230,0.392432,0.391764,0.393278,0.566880
-0.484260,0.391217,0.390525,0.392121,0.571580
1.738200,0.045021,0.042159,0.044731,0.044043
-0.655200,0.357001,0.353163,0.356268,0.281690
-0.464300,0.394626,0.393953,0.395336,0.553550
-0.477000,0.392471,0.391804,0.393316,0.566700
-0.058864,0.500221,0.497828,0.502724,0.647740
0.563940,0.394171,0.380227,0.397108,0.495460
-0.563190,0.376272,0.374237,0.376994,0.497120
-0.732670,0.342336,0.338918,0.340834,0.190390
-0.529340,0.382978,0.381717,0.383960,0.555680
0.079964,0.525027,0.529272,0.529308,0.879910
1.579400,0.058444,0.054565,0.058087,0.057322
1.511100,0.065313,0.061243,0.065024,0.063704
0.082547,0.525114,0.529352,0.529374,0.875750
0.342790,0.482037,0.479323,0.482944,0.326170
-0.448540,0.397240,0.396477,0.397735,0.530000
0.303750,0.492706,0.490363,0.493512,0.302720
0.107870,0.525229,0.529139,0.529194,0.819380
-0.400960,0.404995,0.403449,0.404594,0.428600
-0.229770,0.442980,0.435677,0.440686,0.234900
0.504430,0.423963,0.416323,0.426879,0.574450
1.396100,0.077990,0.074055,0.077800,0.075291
0.017784,0.518608,0.521392,0.522794,0.876880
0.603860,0.371336,0.351772,0.373826,0.398960
-0.047839,0.503453,0.501899,0.506285,0.688990
1.461700,0.070616,0.066560,0.070384,0.068552
-0.263970,0.433211,0.426997,0.430734,0.230080
-1.008300,0.295702,0.293055,0.299080,0.517690
0.064038,0.524174,0.528349,0.528543,0.898270
0.117600,0.524926,0.528602,0.528741,0.791190
0.482030,0.433830,0.427781,0.436548,0.570570
-1.244400,0.189811,0.156548,0.189150,0.112120
-0.936240,0.312649,0.313026,0.314935,0.454390
1.400300,0.077508,0.073565,0.077317,0.074851
-0.137020,0.474098,0.466974,0.473977,0.378320
0.465420,0.440697,0.435565,0.443217,0.555430
0.379330,0.471131,0.468141,0.472402,0.386710
0.452300,0.445867,0.441313,0.448208,0.537070
-2.171600,0.020308,0.019931,0.020334,0.018877
-1.392200,0.119536,0.089518,0.117090,0.075885
0.151790,0.522451,0.524961,0.525616,0.673210
0.253730,0.504930,0.503569,0.506113,0.350800
0.231180,0.509812,0.509140,0.511338,0.401400
1.455600,0.071287,0.067239,0.071061,0.069165
0.237650,0.508457,0.507572,0.509876,0.385160
-0.863570,0.323873,0.323485,0.324277,0.295300
-0.116760,0.481201,0.474966,0.481763,0.438330
0.996550,0.148619,0.130301,0.145767,0.121440
0.072949,0.524719,0.528958,0.529047,0.889560
-0.061309,0.499482,0.496905,0.501911,0.638490
1.089000,0.123169,0.113237,0.121336,0.110280
0.289020,0.496483,0.494356,0.497340,0.307440
-0.588710,0.370986,0.368309,0.371369,0.437110
0.071944,0.524666,0.528901,0.529000,0.890740
2.529700,0.004026,0.003276,0.003883,0.008136
0.803600,0.241708,0.203939,0.239422,0.148440
-1.065800,0.276268,0.267207,0.279532,0.434380
-1.217000,0.204252,0.173177,0.204244,0.133000
-1.154600,0.236511,0.213500,0.238107,0.223280
-0.322620,0.419285,0.415287,0.417302,0.274400
-0.347020,0.414433,0.411307,0.412883,0.312680
-0.569500,0.374980,0.372786,0.375627,0.483110
-0.540540,0.380805,0.379310,0.381729,0.539970
-0.983400,0.302425,0.301428,0.305567,0.516610
-0.580020,0.372802,0.370342,0.373312,0.458410
-0.055585,0.501199,0.499056,0.503802,0.660110
0.291810,0.495779,0.493606,0.496622,0.305950
0.474330,0.437060,0.431462,0.439690,0.564770
-0.471840,0.393352,0.392691,0.394147,0.562040
0.977190,0.155367,0.134786,0.152346,0.123780
0.617870,0.362840,0.341164,0.365091,0.364080
-0.417590,0.402278,0.401084,0.402222,0.467080
0.135240,0.523914,0.527042,0.527412,0.733140
0.999310,0.147701,0.129695,0.144876,0.121100
-0.622770,0.363788,0.360370,0.363608,0.352500
-0.609730,0.366550,0.363388,0.366594,0.384430
0.019269,0.518857,0.521712,0.523060,0.879260
-0.703120,0.347578,0.343780,0.346228,0.211410
-0.589350,0.370852,0.368159,0.371225,0.435510
0.255550,0.504517,0.503107,0.505677,0.347490
0.680920,0.322317,0.291489,0.323105,0.235910
0.637230,0.350749,0.326133,0.352609,0.318500
-1.659000,0.050236,0.040554,0.049078,0.050387
-0.536130,0.381667,0.380267,0.382616,0.546650
0.555130,0.398912,0.386081,0.401898,0.513820
-0.551570,0.378620,0.376870,0.379458,0.520740
0.578330,0.386189,0.370315,0.389007,0.462410
0.568520,0.391663,0.377118,0.394567,0.485320
0.078544,0.524973,0.529220,0.529264,0.882050
0.453710,0.445322,0.440712,0.447683,0.539290
0.508850,0.421931,0.413926,0.424875,0.572870
-1.217900,0.203777,0.172616,0.203747,0.132200
0.921320,0.178071,0.150549,0.174775,0.130570
-0.009946,0.513150,0.514337,0.516908,0.814630
-0.156350,0.467298,0.459620,0.466567,0.330650
-1.007000,0.296077,0.293535,0.299447,0.518250
-0.128900,0.476955,0.470150,0.477103,0.401210
-0.838480,0.327144,0.326153,0.326920,0.249950
-1.170600,0.228434,0.203032,0.229623,0.193720
-0.294220,0.425594,0.420517,0.423257,0.244530
-0.968930,0.305890,0.305541,0.308822,0.505020
0.063798,0.524157,0.528329,0.528527,0.898440
-0.420510,0.401804,0.400664,0.401805,0.473630
0.154480,0.522169,0.524572,0.525277,0.663210
-0.546290,0.379671,0.378046,0.380554,0.530380
-0.264940,0.432952,0.426772,0.430475,0.230280
0.628050,0.356530,0.333305,0.358584,0.339590
1.575000,0.058868,0.054969,0.058514,0.057721
-0.920990,0.315363,0.315790,0.317284,0.422670
0.457680,0.443773,0.438997,0.446190,0.545220
-0.398960,0.405325,0.403732,0.404881,0.423920
-1.376900,0.125830,0.094609,0.123422,0.077649
-1.077000,0.271852,0.261180,0.274991,0.408480
-0.012648,0.512540,0.513548,0.516244,0.806950
1.981500,0.028386,0.024821,0.028371,0.028017
-1.126400,0.250195,0.231688,0.252459,0.285200
-0.488340,0.390504,0.389790,0.391436,0.573440
1.309700,0.088240,0.084299,0.087963,0.084630
0.161370,0.521393,0.523515,0.524354,0.637310
-0.352650,0.413376,0.410440,0.411938,0.323050
-0.906180,0.317779,0.318121,0.319321,0.389400
-0.507800,0.387016,0.386111,0.388024,0.573220
-0.524130,0.383972,0.382809,0.384970,0.561520
0.126050,0.524514,0.527945,0.528183,0.764330
-0.638850,0.360399,0.356730,0.359940,0.315470
-0.470340,0.393607,0.392945,0.394386,0.560510
-1.027100,0.289954,0.285597,0.293397,0.502360
-1.059500,0.278664,0.270466,0.281985,0.448160
0.037061,0.521482,0.525058,0.525827,0.899290
0.143140,0.523275,0.526119,0.526618,0.705010
-0.922290,0.315141,0.315569,0.317095,0.425490
0.459620,0.443010,0.438148,0.445452,0.547950
-0.694690,0.349161,0.345300,0.347890,0.220490
-0.520380,0.384680,0.383584,0.385687,0.565100
0.120950,0.524779,0.528362,0.528538,0.780760
0.465110,0.440822,0.435704,0.443338,0.555060
-0.186800,0.456794,0.448836,0.455244,0.275270
0.117510,0.524930,0.528608,0.528746,0.791460
-0.041319,0.505285,0.504226,0.508300,0.712770
1.014600,0.142811,0.126469,0.140139,0.119240
-2.005100,0.023931,0.022945,0.023572,0.026726
0.918770,0.179226,0.151388,0.175927,0.130890
0.026610,0.520021,0.523203,0.524294,0.889450
-0.979080,0.303492,0.302712,0.306577,0.513960
0.041094,0.521985,0.525688,0.526347,0.901580
-0.025700,0.509407,0.509506,0.512823,0.766640
-0.403580,0.404564,0.403079,0.404219,0.434740
0.068533,0.524470,0.528686,0.528822,0.894380
-1.682100,0.046991,0.038313,0.045928,0.048483
0.213140,0.513369,0.513350,0.515229,0.453120
0.597400,0.375174,0.356569,0.377761,0.415240
1.911500,0.033128,0.030245,0.033105,0.032102
-0.041255,0.505302,0.504248,0.508319,0.713000
0.468430,0.439480,0.434197,0.442039,0.558890
0.813470,0.235646,0.198208,0.233182,0.146250
1.005000,0.145843,0.128469,0.143073,0.120410
-0.906540,0.317723,0.318068,0.319274,0.390220
0.435540,0.452164,0.448187,0.454258,0.507110
-0.239160,0.440179,0.433140,0.437798,0.231310
0.011850,0.517568,0.520052,0.521682,0.866340
0.629860,0.355397,0.331897,0.357413,0.335340
-1.345800,0.139441,0.106198,0.137207,0.081678
1.406500,0.076799,0.072844,0.076606,0.074201
0.666040,0.332140,0.303312,0.333316,0.260370
-0.479120,0.392107,0.391435,0.392970,0.568330
-0.061631,0.499385,0.496783,0.501803,0.637260
-2.125000,0.021240,0.020856,0.021178,0.020866
-0.589030,0.370919,0.368234,0.371297,0.436300
0.710840,0.302331,0.268061,0.302304,0.198200
-0.378780,0.408719,0.406594,0.407835,0.377430
0.074085,0.524776,0.529019,0.529097,0.888160
-1.065400,0.276422,0.267417,0.279690,0.435350
2.088400,0.021046,0.016263,0.020883,0.022537
-0.986300,0.301692,0.300539,0.304871,0.517990
0.535510,0.409060,0.398495,0.412087,0.547570
0.000622,0.515407,0.517258,0.519356,0.842100
0.398440,0.465016,0.461811,0.466547,0.427340
-0.142480,0.472175,0.464864,0.471876,0.363870
0.163340,0.521157,0.523197,0.524076,0.629870
0.705170,0.306131,0.272443,0.306260,0.204230
-0.857790,0.324637,0.324116,0.324890,0.283930
-0.444220,0.397949,0.397145,0.398376,0.522350
-0.709670,0.346374,0.342640,0.344972,0.205300
-0.563960,0.376115,0.374060,0.376828,0.495440
0.153010,0.522325,0.524786,0.525464,0.668670
-0.664680,0.355064,0.351170,0.354182,0.264260
-1.120900,0.252765,0.235156,0.255148,0.298560
-1.012400,0.294498,0.291513,0.297899,0.515530
0.433630,0.452861,0.448940,0.454926,0.503350
-0.852290,0.325357,0.324705,0.325469,0.273610
-0.009340,0.513285,0.514512,0.517055,0.816310
1.566400,0.059704,0.055769,0.059357,0.058505
0.307000,0.491855,0.489470,0.492655,0.302720
0.580190,0.385136,0.369003,0.387935,0.457950
-0.469590,0.393734,0.393071,0.394505,0.559710
-0.281070,0.428787,0.423207,0.426356,0.236080
-0.456930,0.395855,0.395152,0.396471,0.543450
-0.379600,0.408578,0.406477,0.407713,0.379260
-0.912770,0.316728,0.317122,0.318442,0.404390
-0.289180,0.426797,0.421526,0.424418,0.240900
0.721920,0.294904,0.259605,0.294574,0.187760
-0.125690,0.478081,0.471417,0.478338,0.410690
0.597120,0.375339,0.356775,0.377930,0.415940
1.231100,0.098469,0.093847,0.097885,0.093513
-1.109500,0.257974,0.242222,0.260589,0.326940
-0.914550,0.316438,0.316842,0.318197,0.408390
0.313610,0.490102,0.487642,0.490901,0.303870
0.496300,0.427627,0.420614,0.430481,0.575330
-0.439280,0.398755,0.397897,0.399101,0.513060
0.078750,0.524981,0.529228,0.529271,0.881750
-0.014750,0.512056,0.512922,0.515716,0.800810
0.069689,0.524539,0.528763,0.528885,0.893210
-0.509720,0.386663,0.385732,0.387674,0.572380
-0.945550,0.310864,0.311127,0.313354,0.471680
0.300540,0.493541,0.491240,0.494353,0.303090
1.740300,0.044866,0.042015,0.044579,0.043887
-2.271100,0.017951,0.017119,0.018041,0.015134
0.606970,0.369470,0.349441,0.371910,0.391150
-1.300200,0.161170,0.126447,0.159454,0.090097
0.448310,0.447396,0.442996,0.449680,0.530530
-1.023600,0.291069,0.287061,0.294507,0.506250
0.395180,0.466082,0.462919,0.467566,0.420180
-1.060500,0.278288,0.269956,0.281600,0.445950
-0.084730,0.492071,0.487788,0.493735,0.550020
0.608440,0.368584,0.348334,0.371000,0.387460
0.419930,0.457743,0.454163,0.459597,0.474730
0.211780,0.513624,0.513657,0.515510,0.457390
-0.044928,0.504278,0.502946,0.507193,0.699680
-0.326440,0.418494,0.414636,0.416571,0.279650
0.084673,0.525175,0.529403,0.529416,0.872090
1.391400,0.078531,0.074605,0.078341,0.075788
0.488690,0.430971,0.424493,0.433756,0.573780
-0.709310,0.346440,0.342702,0.345040,0.205620
0.188650,0.517612,0.518584,0.519979,0.535850
-0.417930,0.402222,0.401035,0.402173,0.467850
-0.076256,0.494818,0.491134,0.496766,0.581780
1.394000,0.078232,0.074301,0.078042,0.075518
-0.289040,0.426830,0.421555,0.424451,0.240800
0.375540,0.472308,0.469352,0.473532,0.379170
0.001420,0.515569,0.517468,0.519530,0.844000
0.186990,0.517872,0.518914,0.520275,0.541840
0.176100,0.519486,0.520989,0.522126,0.581930
1.069100,0.127815,0.116455,0.125754,0.112670
-0.528250,0.383187,0.381947,0.384172,0.556980
-0.306870,0.422688,0.418096,0.420485,0.255850
0.639540,0.349282,0.324317,0.351091,0.313360
0.012994,0.517774,0.520317,0.521903,0.868500
-0.504800,0.387563,0.386696,0.386687,0.574240
-1.840300,0.031460,0.027717,0.030777,0.036694
-0.367190,0.410740,0.408271,0.409605,0.352190
1.193400,0.103968,0.098594,0.103139,0.097887
1.034800,0.136830,0.122516,0.134377,0.116800
0.711760,0.301714,0.267353,0.301662,0.197270
-0.343200,0.415162,0.411905,0.413538,0.305960
-0.871940,0.322749,0.322543,0.323374,0.312580
0.558810,0.396946,0.383656,0.399913,0.506370
-0.424050,0.401229,0.400151,0.401300,0.481470
0.699960,0.309620,0.276497,0.309892,0.210220
-0.073581,0.495671,0.492181,0.497707,0.591890
-0.463020,0.394840,0.394164,0.395535,0.551920
0.579440,0.385561,0.369533,0.388368,0.459740
-0.412860,0.403047,0.401761,0.402895,0.456280
-1.138800,0.244276,0.223759,0.246257,0.256500
-0.426820,0.400780,0.399747,0.400903,0.487490
-0.959260,0.308037,0.308002,0.310800,0.493220
-0.912850,0.316715,0.317110,0.318431,0.404580
-0.953990,0.309153,0.309252,0.311815,0.485550
-1.192600,0.217067,0.188703,0.217684,0.160460
-0.327220,0.418334,0.414505,0.416424,0.280740
-0.897750,0.319073,0.319318,0.320392,0.370080
1.383800,0.079410,0.075496,0.079219,0.076586
-0.006244,0.513965,0.515391,0.517793,0.824730
0.251560,0.505419,0.504117,0.506631,0.354930
2.120300,0.018921,0.013927,0.018694,0.021075
-0.355110,0.412921,0.410067,0.411533,0.327770
0.533870,0.409882,0.399492,0.412909,0.549850
1.212200,0.101161,0.096206,0.100462,0.095696
-0.067420,0.497606,0.494570,0.499841,0.615280
0.659950,0.336125,0.308157,0.337454,0.271520
-0.698550,0.348431,0.344597,0.347122,0.216160
-0.461430,0.395106,0.394424,0.395781,0.549820
0.533840,0.409897,0.399510,0.412924,0.549900
-0.376050,0.409189,0.406986,0.408246,0.371340
0.583430,0.383291,0.366703,0.386055,0.450050
-0.944320,0.311106,0.311388,0.313570,0.469500
-0.285320,0.427735,0.422317,0.425330,0.238450
-1.342000,0.141175,0.107734,0.138973,0.082227
0.123950,0.524630,0.528124,0.528336,0.771200
0.439760,0.450609,0.446504,0.452767,0.515230
-0.209990,0.449153,0.441419,0.447133,0.248390
0.356210,0.478142,0.475333,0.479157,0.344870
0.139940,0.523547,0.526509,0.526954,0.716530
0.546320,0.403539,0.391764,0.406555,0.530320
-3.273700,0.000201,0.000007,0.000164,0.000939
0.007128,0.516690,0.518917,0.520739,0.856800
-0.916740,0.316077,0.316491,0.317891,0.413290
0.224490,0.511170,0.510731,0.512814,0.419510
-0.029609,0.508412,0.508227,0.511733,0.753650
0.109680,0.525187,0.529057,0.529125,0.814360
-0.152010,0.468821,0.461241,0.468222,0.340500
1.864100,0.036295,0.033655,0.036218,0.035108
2.719700,0.002014,0.000961,0.001958,0.004941
0.305170,0.492335,0.489974,0.493138,0.302680
1.410100,0.076389,0.072426,0.076195,0.073830
0.396750,0.465570,0.462387,0.467077,0.423620
-0.088578,0.490802,0.486256,0.492336,0.535800
0.011190,0.517448,0.519897,0.521554,0.865070
-0.372110,0.409874,0.407554,0.408846,0.362710
-0.296920,0.424960,0.419987,0.422648,0.246680
-0.622880,0.363765,0.360345,0.363582,0.352210
1.025700,0.139459,0.124256,0.136905,0.117910
0.234030,0.509220,0.508453,0.510698,0.394070
1.264000,0.094031,0.089812,0.093606,0.089755
-1.090200,0.266399,0.253723,0.269352,0.375830
-0.413700,0.402910,0.401641,0.402776,0.458210
-0.444930,0.397832,0.397036,0.398271,0.523640
-0.708920,0.346511,0.342769,0.345114,0.205960
-0.103930,0.485630,0.480106,0.486635,0.481020
-0.086879,0.491364,0.486933,0.492955,0.542060
-1.741600,0.039907,0.033405,0.039033,0.043789
0.570840,0.390380,0.375527,0.393266,0.480030
-0.998340,0.298510,0.296607,0.301814,0.520210
-0.442650,0.398205,0.397385,0.398607,0.519450
1.156800,0.109898,0.103409,0.108767,0.102190
0.026197,0.519958,0.523123,0.524228,0.888950
-0.635680,0.361065,0.357439,0.360660,0.322500
-0.104630,0.485390,0.479825,0.486371,0.478610
-0.055050,0.501357,0.499255,0.503977,0.662120
0.091243,0.525304,0.529480,0.529480,0.859470
0.166380,0.520781,0.522695,0.523634,0.618430
-0.522190,0.384339,0.383211,0.385342,0.563440
0.614390,0.364972,0.343823,0.367286,0.372640
0.167230,0.520674,0.522551,0.523508,0.615210
-0.042280,0.505018,0.503887,0.508007,0.709300
0.111680,0.525133,0.528957,0.529041,0.808700
0.565430,0.393359,0.379221,0.396285,0.492200
-1.003100,0.297188,0.294944,0.300531,0.519490
0.586310,0.381639,0.364642,0.384370,0.442960
-0.815470,0.330128,0.328552,0.329405,0.218550
-0.975730,0.304301,0.303674,0.307337,0.511420
-1.069000,0.275026,0.265515,0.278258,0.427150
-0.066895,0.497769,0.494772,0.500021,0.617270
0.184390,0.518272,0.519424,0.520732,0.551300
0.085201,0.525189,0.529414,0.529425,0.871150
-1.137100,0.245097,0.224854,0.247118,0.260500
-0.044838,0.504304,0.502978,0.507221,0.700010
0.191190,0.517207,0.518072,0.519519,0.526770
-0.877160,0.322034,0.321934,0.322798,0.323780
-1.100400,0.262011,0.247725,0.264794,0.350060
0.768430,0.264086,0.226229,0.262553,0.159390
0.421590,0.457162,0.453546,0.459042,0.478320
0.532710,0.410462,0.400194,0.413488,0.551420
0.401400,0.464040,0.460793,0.465615,0.433880
0.546950,0.403212,0.391363,0.406226,0.529230
2.398900,0.006188,0.004277,0.005851,0.011229
-0.306240,0.422829,0.418213,0.420618,0.255220
0.139460,0.523587,0.526565,0.527003,0.718250
0.123230,0.524667,0.528183,0.528386,0.773500
0.455570,0.444599,0.439912,0.446986,0.542120
-1.105700,0.259673,0.244536,0.262361,0.336550
-1.542500,0.072121,0.055372,0.070291,0.060724
-1.079600,0.270799,0.259741,0.273904,0.402100
-0.068702,0.497207,0.494076,0.499401,0.610410
0.067162,0.524385,0.528589,0.528742,0.895680
-2.140600,0.020933,0.020566,0.020904,0.020183
0.159660,0.521593,0.523785,0.524591,0.643760
-0.207050,0.450099,0.442319,0.448131,0.251120
0.255840,0.504451,0.503033,0.505607,0.346960
-0.403320,0.404607,0.403116,0.404256,0.434120
-1.502400,0.082337,0.062286,0.080246,0.064541
-1.028300,0.289567,0.285088,0.293010,0.500950
1.195600,0.103632,0.098312,0.102819,0.097632
0.325540,0.486869,0.484292,0.487690,0.309700
-1.071900,0.273887,0.263961,0.277087,0.420490
0.651080,0.341883,0.315201,0.343427,0.288870
-0.001816,0.514905,0.516609,0.518813,0.836140
-0.465370,0.394446,0.393776,0.395169,0.554870
-0.796490,0.332664,0.330612,0.331610,0.200520
-0.280990,0.428807,0.423224,0.426376,0.236040
0.319160,0.488609,0.486092,0.489414,0.305990
0.496990,0.427320,0.420256,0.430180,0.575360
-0.091063,0.489977,0.485264,0.491425,0.526710
0.190690,0.517287,0.518173,0.519610,0.528540
0.066185,0.524321,0.528517,0.528682,0.896540
1.494100,0.067110,0.063032,0.066842,0.065348
-0.958940,0.308106,0.308079,0.310863,0.492780
1.100300,0.120701,0.111489,0.118995,0.108920
0.364440,0.475692,0.472824,0.476788,0.358530
-0.978090,0.303733,0.302999,0.306804,0.513250
0.061881,0.524017,0.528166,0.528392,0.899760
1.726500,0.045894,0.042963,0.045587,0.044949
-0.907870,0.317513,0.317870,0.319100,0.393260
-1.234600,0.194967,0.162377,0.194533,0.118610
-0.085402,0.491850,0.487521,0.493492,0.547520
-0.225930,0.444151,0.436749,0.441900,0.236880
-0.503040,0.387883,0.387037,0.388881,0.574670
-0.892030,0.319921,0.320085,0.321087,0.357000
-0.164370,0.464496,0.456675,0.463530,0.313750
-0.080911,0.493317,0.489301,0.495110,0.564260
0.561830,0.395317,0.381645,0.398267,0.500010
0.517740,0.417756,0.408966,0.420745,0.567370
-0.984050,0.302262,0.301231,0.305412,0.516950
-0.175880,0.460514,0.452575,0.459234,0.292410
0.195840,0.516443,0.517115,0.518656,0.510380
-1.250200,0.186769,0.153167,0.185979,0.108750
-0.637860,0.360607,0.356951,0.360164,0.317640
-0.934800,0.312916,0.313304,0.315169,0.451570
-1.350200,0.137451,0.104452,0.135184,0.081059
0.838490,0.220800,0.184744,0.217960,0.141680
-0.165590,0.464071,0.456233,0.463071,0.311320
-0.218330,0.446507,0.438932,0.444357,0.241700
0.028467,0.520297,0.523556,0.524586,0.891610
-0.034345,0.507173,0.506638,0.510375,0.737450
0.505780,0.423346,0.415596,0.426270,0.574050
-1.162300,0.232648,0.208465,0.234049,0.208450
0.061299,0.523973,0.528114,0.528349,0.900120
0.668560,0.330485,0.301307,0.331597,0.255950
-0.879010,0.321777,0.321714,0.322592,0.327830
-1.508500,0.080678,0.061155,0.078626,0.063954
-0.618150,0.364766,0.361434,0.364666,0.363650
0.117700,0.524922,0.528595,0.528735,0.790860
0.428910,0.454566,0.450773,0.456558,0.493750
0.218550,0.512338,0.512115,0.514093,0.436670
0.036045,0.521351,0.524892,0.525689,0.898580
-0.505670,0.387405,0.386527,0.388409,0.573980
-0.393530,0.406226,0.404499,0.405665,0.411230
0.039707,0.521816,0.525477,0.526173,0.900890
-0.570100,0.374856,0.372647,0.375497,0.481750
0.728600,0.290432,0.254586,0.289920,0.182270
-0.067755,0.497502,0.494441,0.499726,0.614010
0.495240,0.428098,0.421162,0.430943,0.575250
-0.500860,0.388277,0.387455,0.389268,0.575030
-0.475900,0.392660,0.391995,0.393494,0.565790
-0.548470,0.379238,0.377562,0.380103,0.526500
0.922000,0.177765,0.150327,0.174470,0.130490
0.137580,0.523736,0.526783,0.527189,0.724920
-0.240020,0.439927,0.432913,0.437539,0.231070
-0.985280,0.301952,0.300854,0.305117,0.517550
-0.944690,0.311033,0.311310,0.313505,0.470170
0.016829,0.518445,0.521182,0.522621,0.875300
0.627350,0.356967,0.333849,0.359035,0.341250
-0.174300,0.461057,0.453129,0.459818,0.295130
0.545980,0.403716,0.391980,0.406732,0.530920
-1.428300,0.105783,0.078936,0.103352,0.071991
0.902310,0.186933,0.157104,0.183639,0.132920
0.725700,0.292373,0.256757,0.291939,0.184580
0.275550,0.499812,0.497933,0.500761,0.318660
0.700760,0.309084,0.275873,0.309335,0.209270
-1.194900,0.215866,0.187219,0.216423,0.157400
-1.073200,0.273372,0.263258,0.276557,0.417530
0.220200,0.512017,0.511733,0.513741,0.431790
-0.832270,0.327945,0.326798,0.327578,0.240460
-0.474320,0.392930,0.392267,0.393749,0.564400
-0.537500,0.381400,0.379971,0.382342,0.544650
-0.510940,0.386439,0.385491,0.387450,0.571770
-0.520950,0.384573,0.383467,0.385579,0.564590
1.589300,0.057501,0.053670,0.057137,0.056431
0.013428,0.517851,0.520417,0.521986,0.869300
-1.475600,0.090098,0.067643,0.087852,0.067178
-2.379200,0.014619,0.012830,0.014603,0.011770
-0.669830,0.354025,0.350114,0.353066,0.255480
0.793790,0.247836,0.209868,0.245742,0.150930
-0.355340,0.412879,0.410032,0.411496,0.328200
-0.061095,0.499547,0.496986,0.501982,0.639300
0.905210,0.185543,0.156059,0.182245,0.132560
-0.998700,0.298411,0.296484,0.301718,0.520180
-0.908110,0.317475,0.317834,0.319068,0.393820
0.554020,0.399502,0.386807,0.402492,0.516010
-1.310500,0.156099,0.121524,0.154238,0.087755
-0.079171,0.493881,0.489988,0.495732,0.570790
0.832150,0.224487,0.188011,0.221731,0.142740
-0.404100,0.404479,0.403005,0.404145,0.435940
0.472230,0.437927,0.432444,0.440532,0.562810
0.134300,0.523982,0.527143,0.527499,0.736430
1.730100,0.045624,0.042715,0.045322,0.044667
0.553950,0.399539,0.386852,0.402529,0.516150
-0.531120,0.382636,0.381339,0.383610,0.553470
-1.218600,0.203408,0.172179,0.203361,0.131530
0.266060,0.502082,0.500410,0.503120,0.330530
-0.380450,0.408432,0.406355,0.407586,0.381170
-0.418910,0.402063,0.400894,0.402033,0.470060
0.199190,0.515876,0.516410,0.518019,0.498800
0.370230,0.473938,0.471026,0.475099,0.369020
-0.671450,0.353700,0.349786,0.352718,0.252840
-0.490110,0.390193,0.389467,0.391135,0.574040
0.327910,0.486216,0.483619,0.487045,0.311420
2.065700,0.022590,0.018023,0.022471,0.023628
-0.921380,0.315297,0.315724,0.317228,0.423520
-0.885340,0.320887,0.320940,0.321872,0.341870
-0.720700,0.344400,0.340801,0.342934,0.196900
-1.076600,0.272013,0.261401,0.275157,0.409370
0.103780,0.525300,0.529292,0.529323,0.830250
-0.925560,0.314576,0.315003,0.316609,0.432530
0.715150,0.299441,0.264754,0.299296,0.193940
-0.000175,0.515244,0.517047,0.519179,0.840170
-0.023164,0.510039,0.510319,0.513515,0.774860
0.529690,0.411960,0.402006,0.414983,0.555280
-0.998490,0.298469,0.296556,0.301774,0.520200
0.102080,0.525319,0.529342,0.529365,0.834580
-0.945620,0.310850,0.311112,0.313342,0.471800
-0.070669,0.496591,0.493314,0.498721,0.602940
-2.298300,0.017182,0.016125,0.017259,0.014222
0.917110,0.179984,0.151942,0.176683,0.131090
-0.122550,0.479181,0.472661,0.479544,0.420220
-0.083204,0.492571,0.488393,0.494286,0.555690
-1.078400,0.271286,0.260407,0.274407,0.404910
0.159820,0.521574,0.523760,0.524569,0.643140
-0.640470,0.360060,0.356370,0.359573,0.311930
0.808480,0.238697,0.201076,0.236321,0.147320
-0.491470,0.389953,0.389217,0.390903,0.574420
0.281210,0.498428,0.496439,0.499333,0.313140
-0.136470,0.474292,0.467187,0.474188,0.379820
0.110480,0.525166,0.529019,0.529093,0.812110
0.685000,0.319606,0.288259,0.320285,0.229890
1.036200,0.136435,0.122253,0.133997,0.116630
0.561230,0.395642,0.382046,0.398596,0.501290
-0.078594,0.494067,0.490215,0.495937,0.572960
0.376880,0.471893,0.468925,0.473133,0.381820
-0.277970,0.429566,0.423869,0.427120,0.234580
0.086149,0.525212,0.529431,0.529439,0.869430
0.184530,0.518251,0.519397,0.520707,0.550800
-0.987890,0.301285,0.300042,0.304482,0.518610
-0.517600,0.385202,0.384152,0.386212,0.567420
0.456500,0.444236,0.439510,0.446636,0.543500
-0.331490,0.417466,0.413793,0.415629,0.287000
-0.603380,0.367894,0.364871,0.368044,0.400310
0.008386,0.516928,0.519225,0.520995,0.859440
0.550110,0.401563,0.389341,0.404568,0.523470
0.492010,0.429522,0.422817,0.432339,0.574730
-0.770630,0.336333,0.333667,0.334968,0.187260
-0.567020,0.375489,0.373358,0.376167,0.488690
-0.059352,0.500074,0.497645,0.502563,0.645900
-1.076800,0.271932,0.261291,0.275074,0.408790
-1.499800,0.083056,0.062777,0.080949,0.064799
-0.942220,0.311514,0.311826,0.313933,0.465710
1.749600,0.044184,0.041384,0.043912,0.043183
0.323630,0.487393,0.484833,0.488208,0.308450
-0.320120,0.419810,0.415719,0.417788,0.271140
-1.784900,0.035748,0.030559,0.034969,0.040569
-0.973880,0.304740,0.304193,0.307749,0.509840
-0.806370,0.331331,0.329525,0.330440,0.209020
0.036520,0.521413,0.524970,0.525754,0.898920
-1.042200,0.284910,0.278896,0.288332,0.480990
0.053130,0.523275,0.527281,0.527661,0.903310
0.758840,0.270358,0.232781,0.269058,0.163610
0.117420,0.524934,0.528614,0.528751,0.791720
0.065639,0.524285,0.528476,0.528648,0.897000
-1.609900,0.058228,0.046016,0.056820,0.054599
0.143480,0.523245,0.526076,0.526581,0.703770
-0.041442,0.505251,0.504183,0.508262,0.712330
0.933530,0.172687,0.146687,0.169418,0.129080
0.016885,0.518455,0.521195,0.522631,0.875390
-1.088900,0.266948,0.254473,0.269921,0.378960
-0.353190,0.413276,0.410358,0.411849,0.324080
-1.060400,0.278326,0.270007,0.281639,0.446290
-0.458610,0.395576,0.394882,0.396214,0.545900
-0.593800,0.369916,0.367116,0.370221,0.424390
-0.999830,0.298100,0.296093,0.301417,0.520080
