1.472400,0.317360,0.319638,0.320418,0.400980
1.805900,0.246251,0.228017,0.247999,0.255160
1.465700,0.317872,0.320233,0.320899,0.401420
0.396060,0.265984,0.265732,0.265747,0.277890
1.532600,0.311114,0.312052,0.314357,0.391820
0.655850,0.268936,0.267689,0.267903,0.253160
1.756400,0.261868,0.248138,0.264130,0.287080
-0.568190,0.238706,0.238559,0.238851,0.254670
-0.818200,0.222897,0.222427,0.224092,0.214150
1.539800,0.310164,0.310865,0.313418,0.390080
1.180300,0.312794,0.312541,0.313722,0.338150
0.035425,0.264761,0.265212,0.265322,0.299110
2.407200,0.056271,0.029605,0.054232,0.023648
0.367750,0.266155,0.266007,0.266025,0.280600
1.760000,0.260778,0.246723,0.263005,0.284820
-0.366670,0.247381,0.246698,0.247089,0.279830
-0.524970,0.240554,0.240252,0.240528,0.260760
-0.637880,0.235440,0.235508,0.235910,0.244190
1.255700,0.318180,0.319092,0.319695,0.365380
-0.742450,0.229135,0.229190,0.230085,0.227190
-0.498270,0.241672,0.241277,0.241556,0.264340
-1.209700,0.163141,0.152780,0.163309,0.143980
-0.926040,0.210885,0.208601,0.212166,0.194930
0.868040,0.282367,0.280253,0.281566,0.254300
0.076473,0.265657,0.266164,0.266221,0.298440
0.149190,0.266623,0.267111,0.267119,0.296050
0.467560,0.265782,0.265270,0.265271,0.270660
1.471200,0.317455,0.319748,0.320507,0.401070
2.033700,0.165021,0.130851,0.164267,0.120240
-0.521590,0.240696,0.240382,0.240658,0.261220
1.196100,0.314078,0.314058,0.315125,0.344040
-0.093857,0.260367,0.260381,0.260722,0.297970
-0.224590,0.254263,0.253751,0.254235,0.291830
0.688430,0.270274,0.268879,0.269211,0.251210
-2.251400,0.029637,0.025572,0.029185,0.023736
-0.136160,0.258509,0.258338,0.258748,0.296520
0.793480,0.276418,0.274547,0.275422,0.249560
2.810400,0.010436,0.003402,0.009649,0.005890
-0.421420,0.244930,0.244325,0.244657,0.273850
-0.199660,0.255490,0.255062,0.255536,0.293380
0.504160,0.265891,0.265247,0.265248,0.266880
1.254700,0.318122,0.319019,0.319629,0.365040
1.854300,0.229874,0.207316,0.231072,0.223610
0.688300,0.270268,0.268874,0.269205,0.251210
-0.268890,0.252069,0.251445,0.251923,0.288660
-1.575800,0.096529,0.085150,0.095763,0.086467
1.536500,0.310605,0.311417,0.313854,0.390890
1.312700,0.320707,0.322481,0.322683,0.382900
2.236500,0.098093,0.063631,0.096144,0.050103
1.186200,0.313282,0.313114,0.314254,0.340350
0.195240,0.266859,0.267267,0.267267,0.293760
0.621500,0.267809,0.266711,0.266832,0.255730
1.428600,0.320071,0.322685,0.322897,0.401770
0.178200,0.266803,0.267246,0.267247,0.294680
0.500870,0.265874,0.265241,0.265242,0.267220
-0.393100,0.246181,0.245527,0.245888,0.277030
1.645500,0.291189,0.286445,0.294265,0.350470
1.041200,0.299410,0.297637,0.299416,0.289590
2.046400,0.160456,0.125855,0.159589,0.114290
-0.063139,0.261605,0.261749,0.262033,0.298690
0.415080,0.265891,0.265569,0.265580,0.276010
1.730900,0.269363,0.257894,0.271860,0.302980
0.859660,0.281641,0.279546,0.280812,0.253470
-0.723240,0.230468,0.230575,0.231338,0.230410
0.455570,0.265783,0.265314,0.265317,0.271900
2.057000,0.156671,0.121754,0.155713,0.109480
0.253170,0.266822,0.267074,0.267080,0.290100
1.712600,0.274482,0.264581,0.277132,0.313990
1.708800,0.275517,0.265934,0.278196,0.316210
-0.506860,0.241313,0.240948,0.241224,0.263210
-0.302050,0.250443,0.249769,0.250226,0.285940
-0.902350,0.213858,0.212085,0.215150,0.199190
0.381070,0.266071,0.265874,0.265891,0.279340
1.382200,0.321385,0.323896,0.323900,0.397540
-1.151500,0.174263,0.165415,0.174741,0.154230
-0.956300,0.206814,0.203794,0.208057,0.189450
1.778900,0.254932,0.239162,0.256968,0.272690
0.274480,0.266737,0.266920,0.266931,0.288540
-0.117370,0.259353,0.259265,0.259646,0.297230
0.116430,0.266283,0.266798,0.266821,0.297310
1.904800,0.211969,0.185259,0.212578,0.191610
1.253200,0.316758,0.317574,0.318199,0.364510
-1.086100,0.186187,0.179316,0.186995,0.165930
0.217610,0.266883,0.267237,0.267239,0.292450
-1.039700,0.194098,0.188678,0.195104,0.174320
1.456600,0.318510,0.320965,0.321492,0.401830
1.735700,0.267984,0.256094,0.270438,0.300050
1.719100,0.272690,0.262238,0.275287,0.310130
1.539900,0.310150,0.310848,0.313404,0.390070
1.766600,0.258759,0.244108,0.260921,0.280610
-0.337590,0.248738,0.248045,0.248468,0.282710
0.684620,0.270104,0.268726,0.269043,0.251410
-0.115320,0.259444,0.259364,0.259742,0.297300
1.306900,0.320523,0.322216,0.322453,0.381300
0.896330,0.284913,0.282753,0.284213,0.257670
0.435090,0.265819,0.265424,0.265432,0.273990
-0.057107,0.261835,0.262004,0.262276,0.298800
-1.287000,0.148083,0.136294,0.147870,0.130740
-1.247200,0.155847,0.144699,0.155822,0.137490
0.508520,0.265917,0.265257,0.265258,0.266430
-1.276200,0.150188,0.138552,0.150024,0.132560
0.000780,0.263807,0.264176,0.264341,0.299290
1.189200,0.313526,0.313403,0.314521,0.341460
0.687600,0.270237,0.268846,0.269174,0.251250
1.086400,0.304028,0.302627,0.304309,0.304100
-1.078000,0.187605,0.180988,0.188450,0.167390
1.450600,0.318896,0.321400,0.321846,0.401980
-0.066015,0.261493,0.261626,0.261915,0.298640
1.267500,0.318828,0.319927,0.320438,0.369280
-0.131030,0.258742,0.258594,0.258996,0.296730
0.876510,0.283114,0.280984,0.282342,0.255210
1.586800,0.302884,0.301617,0.306136,0.375660
1.041400,0.299430,0.297659,0.299438,0.289640
0.346790,0.266295,0.266224,0.266242,0.282530
1.631000,0.294341,0.290556,0.297478,0.357380
-0.344020,0.248435,0.247742,0.248158,0.282090
1.791600,0.250894,0.233965,0.252798,0.264490
-1.069200,0.189129,0.182788,0.190014,0.168990
0.635550,0.268236,0.267078,0.267233,0.254620
0.045056,0.264994,0.265463,0.265558,0.299000
1.494000,0.315463,0.317386,0.318607,0.398780
0.316130,0.266500,0.266540,0.266556,0.285210
0.646870,0.268614,0.267407,0.267593,0.253790
0.285110,0.266684,0.266832,0.266844,0.287730
0.674840,0.269684,0.268351,0.268630,0.251960
0.233010,0.266871,0.267182,0.267186,0.291470
-1.025600,0.196392,0.191405,0.197451,0.176880
-0.415020,0.245210,0.244592,0.244930,0.274590
1.201900,0.314531,0.314599,0.315622,0.346180
0.113080,0.266240,0.266755,0.266781,0.297420
-0.699040,0.232023,0.232159,0.232786,0.234410
-1.163100,0.172075,0.162902,0.172492,0.152170
0.077879,0.265683,0.266191,0.266246,0.298410
-1.100700,0.183595,0.176268,0.184333,0.163300
1.049900,0.300307,0.298596,0.300364,0.292240
1.903900,0.212293,0.185652,0.212913,0.192140
1.693100,0.279682,0.271387,0.282479,0.325280
1.721500,0.272021,0.261364,0.274598,0.308690
1.095700,0.304958,0.303650,0.305299,0.307300
0.310580,0.266535,0.266595,0.266611,0.285680
-0.634120,0.235630,0.235689,0.236082,0.244770
1.217600,0.315703,0.316013,0.316916,0.351930
0.475290,0.265790,0.265250,0.265251,0.269860
-1.876400,0.057943,0.049557,0.057297,0.051470
-0.471810,0.242779,0.242301,0.242592,0.267760
-0.122800,0.259112,0.259000,0.259390,0.297040
-0.437170,0.244249,0.243679,0.243995,0.272010
0.615030,0.267628,0.266557,0.266664,0.256260
1.301400,0.320333,0.321947,0.322218,0.379730
0.512620,0.265944,0.265269,0.265271,0.266010
0.862020,0.281844,0.279744,0.281023,0.253700
2.600500,0.026580,0.010975,0.025060,0.011401
-0.967890,0.205175,0.201851,0.206396,0.187350
-0.969110,0.205000,0.201643,0.206219,0.187130
-1.632400,0.088049,0.077244,0.087304,0.078961
1.689900,0.280509,0.272470,0.283328,0.327110
1.098200,0.305207,0.303924,0.305563,0.308160
0.585060,0.266914,0.265965,0.266020,0.258900
-1.198300,0.165345,0.155254,0.165573,0.145970
0.374800,0.266110,0.265936,0.265953,0.279940
-1.020700,0.197176,0.192338,0.198252,0.177770
-0.497050,0.241722,0.241324,0.241604,0.264500
1.138000,0.309046,0.308218,0.309669,0.322430
-0.872130,0.217376,0.216163,0.218657,0.204610
1.323000,0.320988,0.322901,0.323047,0.385600
-0.677460,0.233306,0.233438,0.233967,0.237910
1.478300,0.316880,0.319073,0.319963,0.400500
-1.289000,0.147694,0.135877,0.147472,0.130400
1.010300,0.296215,0.294260,0.296048,0.280790
-1.663900,0.083583,0.073100,0.082855,0.074970
0.053049,0.265177,0.265658,0.265743,0.298880
1.590000,0.302320,0.300892,0.305568,0.374480
1.574600,0.304954,0.304268,0.308218,0.379930
0.888410,0.284186,0.282036,0.283457,0.256630
1.552500,0.308382,0.308624,0.311647,0.386710
1.634300,0.293638,0.289641,0.296763,0.355850
1.262900,0.318583,0.319609,0.320156,0.367790
1.180200,0.312785,0.312531,0.313713,0.338100
1.239200,0.317176,0.317826,0.318559,0.359660
2.105900,0.139566,0.103716,0.138236,0.089300
-0.285970,0.251229,0.250575,0.251043,0.287290
1.202100,0.314546,0.314617,0.315639,0.346270
0.119620,0.266323,0.266836,0.266857,0.297200
-1.214400,0.162231,0.151762,0.162374,0.143160
1.874000,0.222969,0.198733,0.223937,0.210960
0.008585,0.264038,0.264427,0.264579,0.299280
0.793170,0.276396,0.274526,0.275400,0.249560
-1.683100,0.080949,0.070659,0.080232,0.072601
0.441980,0.265802,0.265383,0.265389,0.273290
0.817660,0.278215,0.276250,0.277270,0.250480
1.499700,0.314899,0.316706,0.318062,0.398000
1.979800,0.184632,0.152930,0.184407,0.147810
-0.261410,0.252439,0.251830,0.252311,0.289230
0.626290,0.267950,0.266831,0.266963,0.255350
-0.449280,0.243731,0.243191,0.243497,0.270550
1.665500,0.286566,0.280401,0.289539,0.340330
0.553750,0.266373,0.265545,0.265566,0.261880
1.200700,0.314438,0.314488,0.315520,0.345740
-1.106200,0.182607,0.175110,0.183318,0.162320
0.583890,0.266890,0.265946,0.265999,0.259010
-0.150500,0.257847,0.257614,0.258043,0.295910
0.086301,0.265833,0.266346,0.266393,0.298200
-1.683400,0.080908,0.070622,0.080191,0.072563
-1.609600,0.091394,0.080356,0.090638,0.081942
-1.118200,0.180431,0.172567,0.181082,0.160160
2.051000,0.158811,0.124068,0.157904,0.112190
-1.561200,0.098813,0.087290,0.098044,0.088469
2.113000,0.137141,0.101226,0.135763,0.086603
-1.116600,0.180723,0.172907,0.181382,0.160450
-1.021700,0.197017,0.192148,0.198089,0.177580
-0.578050,0.238271,0.238158,0.238460,0.253230
-0.858200,0.218893,0.217905,0.220160,0.207090
-1.349600,0.136000,0.123619,0.135540,0.120390
0.322030,0.266461,0.266480,0.266497,0.284710
0.472210,0.265786,0.265257,0.265258,0.270180
-0.302040,0.250444,0.249770,0.250227,0.285940
0.319640,0.266477,0.266504,0.266521,0.284910
1.762300,0.260077,0.245815,0.262282,0.283340
-0.663450,0.234091,0.234208,0.234685,0.240160
-0.491400,0.241958,0.241542,0.241823,0.265240
1.412000,0.320718,0.323342,0.323439,0.400830
-0.437280,0.244244,0.243674,0.243991,0.271990
0.352610,0.266256,0.266163,0.266181,0.282000
0.002406,0.263856,0.264229,0.264391,0.299290
-0.673900,0.233509,0.233637,0.234153,0.238490
-0.886160,0.215781,0.214321,0.217071,0.202100
-0.066986,0.261455,0.261584,0.261875,0.298620
0.193830,0.266856,0.267267,0.267267,0.293840
1.910900,0.209768,0.182592,0.210306,0.187820
-0.224110,0.254286,0.253776,0.254260,0.291860
-0.208530,0.255055,0.254595,0.255074,0.292850
0.868160,0.282378,0.280264,0.281577,0.254310
0.743250,0.273134,0.271484,0.272074,0.249320
1.245500,0.317572,0.318323,0.319005,0.361860
-0.156310,0.257575,0.257317,0.257753,0.295650
-0.939970,0.209049,0.206437,0.210316,0.192410
-1.377200,0.130778,0.118292,0.130231,0.115930
0.766550,0.274580,0.272824,0.273543,0.249170
-0.202760,0.255338,0.254899,0.255375,0.293190
1.593400,0.301712,0.300109,0.304954,0.373190
1.524800,0.312093,0.313268,0.315322,0.393540
1.017700,0.296980,0.295063,0.296853,0.282800
0.086495,0.265837,0.266349,0.266396,0.298200
2.304700,0.079567,0.047641,0.077497,0.036869
0.287520,0.266671,0.266811,0.266823,0.287540
-0.933730,0.209879,0.207417,0.211153,0.193540
1.766800,0.257420,0.242617,0.259526,0.280470
-0.067989,0.261416,0.261541,0.261834,0.298600
-0.055814,0.261884,0.262058,0.262328,0.298820
1.563400,0.306743,0.306548,0.310011,0.383500
-0.490940,0.241978,0.241560,0.241841,0.265300
-1.147900,0.174938,0.166193,0.175435,0.154870
-1.066200,0.189644,0.183397,0.190542,0.169520
0.355820,0.266234,0.266130,0.266148,0.281710
1.062200,0.301570,0.299955,0.301701,0.296120
-0.142720,0.258208,0.258008,0.258427,0.296250
1.545700,0.309353,0.309848,0.312613,0.388570
0.117730,0.266300,0.266814,0.266836,0.297270
-1.486700,0.111072,0.098910,0.110328,0.099112
-0.090347,0.260513,0.260543,0.260878,0.298070
1.649600,0.290267,0.285240,0.293323,0.348450
1.026800,0.297921,0.296056,0.297845,0.285370
-0.371570,0.247156,0.246477,0.246863,0.279320
2.032800,0.165345,0.131208,0.164599,0.120700
0.955370,0.290612,0.288472,0.290166,0.267730
1.551900,0.308469,0.308734,0.311734,0.386900
0.768800,0.274727,0.272961,0.273693,0.249180
1.054200,0.300750,0.299071,0.300832,0.293590
-0.941840,0.208797,0.206140,0.210062,0.192070
0.430120,0.265834,0.265457,0.265466,0.274500
-0.029597,0.262828,0.263100,0.263320,0.299160
1.649500,0.290289,0.285270,0.293346,0.348500
1.764400,0.259435,0.244983,0.261618,0.282010
-0.996050,0.201016,0.196907,0.202168,0.182240
1.142700,0.309481,0.308714,0.310138,0.324140
1.447600,0.319078,0.321604,0.322012,0.402020
2.200300,0.108857,0.073499,0.107026,0.058960
1.644000,0.291523,0.286881,0.294606,0.351220
0.658340,0.269029,0.267771,0.267993,0.252990
1.924100,0.204983,0.176835,0.205370,0.179820
-0.038057,0.262533,0.262775,0.263011,0.299070
-2.120300,0.037326,0.031780,0.036762,0.031614
-0.045438,0.262268,0.262482,0.262732,0.298980
1.141500,0.309370,0.308588,0.310019,0.323690
0.844960,0.280400,0.278345,0.279527,0.252210
0.172320,0.266775,0.267229,0.267230,0.294970
-1.898700,0.055682,0.047529,0.055040,0.049350
-1.113000,0.181377,0.173671,0.182054,0.161090
-1.003200,0.199920,0.195604,0.201052,0.180940
1.059200,0.301263,0.299623,0.301376,0.295160
1.126500,0.307962,0.306994,0.308507,0.318240
1.352900,0.321459,0.323725,0.323754,0.392460
0.163830,0.266727,0.267195,0.267198,0.295380
-0.660100,0.234274,0.234385,0.234852,0.240690
-0.925960,0.210895,0.208613,0.212176,0.194940
-0.230380,0.253976,0.253447,0.253932,0.291450
1.340000,0.321320,0.323445,0.323515,0.389710
0.545410,0.266261,0.265465,0.265480,0.262700
0.357370,0.266224,0.266114,0.266132,0.281560
0.085306,0.265816,0.266328,0.266376,0.298230
1.781900,0.253986,0.237943,0.255991,0.270780
-1.605300,0.092035,0.080954,0.091278,0.082512
0.588700,0.266990,0.266027,0.266086,0.258570
1.249300,0.317804,0.318614,0.319267,0.363180
0.775700,0.275185,0.273389,0.274160,0.249240
1.133400,0.308615,0.307731,0.309207,0.320740
0.719890,0.271822,0.270280,0.270752,0.249880
0.910390,0.286227,0.284057,0.285583,0.259690
-0.206240,0.255167,0.254716,0.255194,0.292990
1.846200,0.232678,0.210826,0.233970,0.228900
-0.280780,0.251483,0.250838,0.251309,0.287720
1.304000,0.320425,0.322076,0.322331,0.380490
1.158200,0.310886,0.310323,0.311653,0.329890
0.302960,0.266582,0.266669,0.266684,0.286300
0.707990,0.271207,0.269721,0.270137,0.250310
1.260700,0.318462,0.319453,0.320017,0.367030
1.826600,0.239362,0.219254,0.240879,0.241660
1.525000,0.312069,0.313238,0.315298,0.393500
0.059824,0.265324,0.265815,0.265891,0.298770
0.567150,0.266580,0.265701,0.265734,0.260580
0.508690,0.265918,0.265257,0.265259,0.266420
-1.400400,0.126457,0.113949,0.125849,0.112260
-1.926600,0.052963,0.045110,0.052325,0.046778
1.461100,0.318203,0.320614,0.321207,0.401650
-1.157600,0.173115,0.164095,0.173560,0.153150
-0.532960,0.240218,0.239944,0.240220,0.259660
-0.868350,0.217794,0.216644,0.219072,0.205280
1.191100,0.313679,0.313585,0.314688,0.342160
-0.321740,0.249493,0.248804,0.249243,0.284190
-2.734000,0.012390,0.009645,0.012313,0.007128
0.944880,0.289568,0.287412,0.289073,0.265640
-0.301850,0.250453,0.249779,0.250236,0.285950
0.120260,0.266331,0.266844,0.266865,0.297180
0.559920,0.266464,0.265613,0.265639,0.261280
1.231400,0.316664,0.317191,0.317985,0.356930
1.532700,0.311101,0.312036,0.314344,0.391790
2.861300,0.008162,0.002439,0.007516,0.005058
0.633290,0.268164,0.267016,0.267165,0.254800
-0.293670,0.250852,0.250188,0.250651,0.286650
1.557600,0.307627,0.307670,0.310895,0.385250
-0.731540,0.229903,0.229991,0.230809,0.229020
1.471800,0.317408,0.319693,0.320462,0.401020
0.469290,0.265783,0.265265,0.265266,0.270480
-1.705500,0.077958,0.067892,0.077253,0.069894
1.513500,0.313421,0.314905,0.316625,0.395750
0.864810,0.282085,0.279979,0.281274,0.253970
-0.264050,0.252308,0.251694,0.252174,0.289030
1.060200,0.301366,0.299734,0.301484,0.295480
-0.241510,0.253425,0.252864,0.253349,0.290680
0.165270,0.266736,0.267202,0.267205,0.295310
0.639870,0.268377,0.267200,0.267366,0.254300
1.506600,0.314180,0.315833,0.317364,0.396930
1.351200,0.321446,0.323695,0.323728,0.392110
-1.836000,0.062241,0.053448,0.061587,0.055478
1.347700,0.321415,0.323626,0.323670,0.391390
-0.249340,0.253037,0.252456,0.252940,0.290120
0.190700,0.266847,0.267265,0.267265,0.294010
1.541100,0.309988,0.310645,0.313243,0.389760
-1.060700,0.190583,0.184509,0.191505,0.170510
1.178300,0.312626,0.312344,0.313540,0.337410
-0.527840,0.240434,0.240141,0.240417,0.260360
2.588200,0.027975,0.011717,0.026411,0.011887
1.529400,0.311522,0.312559,0.314760,0.392540
0.585260,0.266918,0.265968,0.266023,0.258880
-0.109510,0.259698,0.259644,0.260012,0.297500
1.898000,0.214415,0.188234,0.215104,0.195830
0.167050,0.266747,0.267209,0.267212,0.295230
0.897280,0.285001,0.282840,0.284305,0.257800
0.724090,0.272047,0.270486,0.270978,0.249760
0.233940,0.266869,0.267178,0.267182,0.291410
2.062900,0.154574,0.119499,0.153567,0.106890
-2.129200,0.036736,0.031298,0.036178,0.031023
-0.082160,0.260850,0.260915,0.261235,0.298280
1.971300,0.187743,0.156521,0.187608,0.152450
1.363600,0.321496,0.323865,0.323873,0.394510
1.705300,0.276461,0.267169,0.279167,0.318300
1.102100,0.305593,0.304351,0.305975,0.309510
-1.098800,0.183935,0.176667,0.184682,0.163640
1.506700,0.314169,0.315820,0.317354,0.396920
0.993970,0.294532,0.292504,0.294278,0.276540
1.822500,0.240742,0.221002,0.242305,0.244350
1.296600,0.320154,0.321697,0.322000,0.378350
1.938100,0.199885,0.170756,0.200114,0.171450
0.359610,0.266209,0.266091,0.266109,0.281360
1.668100,0.285942,0.279584,0.288900,0.338990
1.726600,0.270586,0.259490,0.273120,0.305600
-0.299940,0.250546,0.249874,0.250333,0.286120
2.097900,0.142318,0.106563,0.141044,0.092371
0.177980,0.266802,0.267245,0.267246,0.294690
-0.646840,0.234979,0.235067,0.235493,0.242790
0.054009,0.265198,0.265681,0.265764,0.298870
-0.171120,0.256872,0.256553,0.257006,0.294930
1.427400,0.320125,0.322741,0.322943,0.401730
-0.831270,0.221646,0.221026,0.222869,0.211850
1.009300,0.296112,0.294151,0.295939,0.280520
1.659400,0.288009,0.282289,0.291016,0.343490
-0.104840,0.259900,0.259866,0.260227,0.297640
-0.159340,0.257432,0.257162,0.257601,0.295510
1.550400,0.308686,0.309008,0.311950,0.387300
-0.533540,0.240193,0.239921,0.240198,0.259580
1.547200,0.309142,0.309582,0.312403,0.388190
-1.640100,0.086941,0.076215,0.086199,0.077973
1.672800,0.284801,0.278091,0.287731,0.336510
1.154400,0.310547,0.309932,0.311286,0.328500
0.912330,0.286411,0.284240,0.285775,0.259990
0.992840,0.294416,0.292383,0.294156,0.276260
1.982900,0.183498,0.151626,0.183240,0.146110
2.100200,0.141525,0.105740,0.140234,0.091462
1.272300,0.319074,0.320248,0.320723,0.370870
-0.341340,0.248561,0.247868,0.248287,0.282350
1.543900,0.309603,0.310162,0.312862,0.389040
1.578600,0.304289,0.303418,0.307550,0.378560
-0.718950,0.230753,0.230869,0.231605,0.231120
0.168060,0.266752,0.267213,0.267216,0.295180
1.741400,0.266326,0.253935,0.268729,0.296490
1.176600,0.312483,0.312176,0.313384,0.336780
0.293740,0.266636,0.266755,0.266769,0.287050
1.563100,0.306789,0.306607,0.310057,0.383600
0.690160,0.270353,0.268950,0.269289,0.251120
0.675620,0.269716,0.268380,0.268662,0.251910
2.316300,0.076654,0.045250,0.074576,0.035016
-0.785180,0.225821,0.225649,0.226925,0.219890
-0.643830,0.235135,0.235217,0.235634,0.243260
0.054490,0.265209,0.265692,0.265775,0.298860
-1.186000,0.167710,0.157927,0.168004,0.148120
1.842200,0.234054,0.212555,0.235392,0.231500
-1.431500,0.120779,0.108326,0.120107,0.107430
0.596140,0.267155,0.266162,0.266233,0.257900
0.288060,0.266668,0.266806,0.266819,0.287500
-0.530480,0.240322,0.240040,0.240316,0.260000
-2.513500,0.019056,0.016604,0.018874,0.012714
0.700350,0.270831,0.269380,0.269762,0.250640
1.592800,0.301820,0.300248,0.305063,0.373400
1.421600,0.320369,0.322994,0.323151,0.401450
1.236300,0.316988,0.317593,0.318348,0.358650
0.440080,0.265806,0.265394,0.265400,0.273480
1.301100,0.320322,0.321931,0.322205,0.379660
-0.041496,0.262411,0.262639,0.262882,0.299030
0.134150,0.266486,0.266990,0.267003,0.296660
-1.196400,0.165711,0.155667,0.165949,0.146310
0.142800,0.266569,0.267064,0.267074,0.296320
0.853390,0.281106,0.279028,0.280258,0.252910
-0.821760,0.222561,0.222053,0.223765,0.213520
0.383030,0.266059,0.265855,0.265871,0.279150
-1.590700,0.094239,0.083009,0.093477,0.084460
-0.855360,0.219195,0.218249,0.220458,0.207590
1.090400,0.304429,0.303068,0.304735,0.305460
1.027000,0.297942,0.296078,0.297867,0.285420
-1.010300,0.198818,0.194292,0.199928,0.179660
-2.798700,0.010555,0.007534,0.010467,0.005960
-0.853790,0.219360,0.218438,0.220622,0.207870
0.537870,0.266172,0.265403,0.265414,0.263450
1.796900,0.249185,0.231772,0.251031,0.261040
1.241900,0.317348,0.318041,0.318752,0.360620
0.890100,0.284340,0.282188,0.283617,0.256850
1.299200,0.320253,0.321834,0.322120,0.379100
-0.373090,0.247086,0.246409,0.246793,0.279160
1.150300,0.310177,0.309508,0.310887,0.326960
0.276170,0.266729,0.266907,0.266917,0.288420
1.980000,0.184559,0.152845,0.184331,0.147680
-0.568780,0.238680,0.238535,0.238828,0.254580
-0.721720,0.230569,0.230680,0.231433,0.230660
-0.563400,0.238915,0.238751,0.239040,0.255360
1.724700,0.271123,0.260190,0.273673,0.306710
-1.665400,0.083375,0.072907,0.082648,0.074788
-0.076883,0.261064,0.261151,0.261461,0.298400
0.868520,0.282409,0.280294,0.281609,0.254350
1.656300,0.288731,0.283234,0.291754,0.345100
-0.026455,0.262936,0.263218,0.263433,0.299190
-2.005300,0.045941,0.038990,0.045321,0.040072
1.401400,0.321026,0.323629,0.323676,0.399890
-0.781890,0.226094,0.225945,0.227188,0.220460
-0.676940,0.233336,0.233467,0.233995,0.238000
-1.392000,0.128014,0.115507,0.127427,0.113590
1.018200,0.297031,0.295117,0.296908,0.282940
-0.139670,0.258348,0.258162,0.258577,0.296380
1.823200,0.240507,0.220704,0.242062,0.243880
1.842000,0.234122,0.212641,0.235463,0.231610
-0.599540,0.237297,0.237256,0.237583,0.250050
-0.980260,0.203379,0.199717,0.204572,0.185110
1.464000,0.317996,0.320376,0.321015,0.401510
1.559900,0.307280,0.307230,0.310548,0.384590
1.843200,0.233710,0.212123,0.235037,0.230820
1.769200,0.257957,0.243070,0.260093,0.278930
1.462300,0.318118,0.320517,0.321129,0.401600
0.028342,0.264581,0.265018,0.265137,0.299180
-0.672700,0.233577,0.233704,0.234215,0.238680
0.358040,0.266219,0.266107,0.266125,0.281500
0.926660,0.287784,0.285614,0.287208,0.262320
-0.387630,0.246427,0.245765,0.246132,0.277620
0.386170,0.266040,0.265825,0.265841,0.278850
1.614300,0.297759,0.294999,0.300953,0.364770
-0.107670,0.259778,0.259732,0.260097,0.297560
1.749900,0.263817,0.250669,0.266141,0.291210
0.847680,0.280626,0.278564,0.279761,0.252430
0.204970,0.266876,0.267262,0.267262,0.293210
1.467500,0.317738,0.320078,0.320773,0.401310
-0.539290,0.239950,0.239699,0.239977,0.258780
0.805650,0.277306,0.275386,0.276334,0.249950
0.996680,0.294811,0.292793,0.294571,0.277230
1.083300,0.303716,0.302286,0.303977,0.303060
0.487230,0.265818,0.265235,0.265235,0.268630
-1.893200,0.056232,0.048021,0.055589,0.049859
1.468500,0.317663,0.319990,0.320702,0.401250
1.528200,0.311672,0.312747,0.314908,0.392800
1.410400,0.320770,0.323392,0.323480,0.400700
-2.132200,0.036540,0.031138,0.035984,0.030823
1.014700,0.296670,0.294737,0.296526,0.281980
2.213400,0.104891,0.069817,0.103012,0.055593
1.662200,0.287350,0.281427,0.290342,0.342070
-0.262520,0.252384,0.251773,0.252253,0.289150
1.419300,0.320458,0.323085,0.323226,0.401330
-0.199690,0.255488,0.255060,0.255534,0.293380
0.140570,0.266548,0.267046,0.267057,0.296410
1.594200,0.301567,0.299923,0.304808,0.372880
-0.442420,0.244024,0.243466,0.243778,0.271380
0.871870,0.282703,0.280582,0.281915,0.254700
1.206000,0.314845,0.314975,0.315967,0.347710
0.980700,0.293173,0.291097,0.292851,0.273320
0.140930,0.266552,0.267049,0.267059,0.296390
0.463790,0.265780,0.265282,0.265284,0.271050
0.241330,0.266855,0.267142,0.267147,0.290920
0.689190,0.270309,0.268910,0.269245,0.251170
1.652600,0.289584,0.284348,0.292626,0.346980
0.474040,0.265788,0.265253,0.265254,0.269990
-1.387200,0.128907,0.116404,0.128333,0.114350
-0.551460,0.239431,0.239223,0.239506,0.257070
-0.662370,0.234150,0.234265,0.234739,0.240330
1.925100,0.204620,0.176400,0.204995,0.179230
0.051278,0.265137,0.265616,0.265703,0.298910
-1.024300,0.196601,0.191654,0.197664,0.177110
0.128030,0.266421,0.266929,0.266946,0.296900
1.134600,0.308728,0.307858,0.309328,0.321190
1.537800,0.310432,0.311201,0.313683,0.390580
-0.101450,0.260045,0.260027,0.260381,0.297750
-1.747400,0.072599,0.062944,0.071915,0.065015
-2.267000,0.028853,0.024941,0.028417,0.022916
1.221300,0.315967,0.316335,0.317209,0.353280
0.391650,0.266009,0.265773,0.265788,0.278320
0.504690,0.265894,0.265248,0.265249,0.266830
0.036470,0.264787,0.265240,0.265348,0.299100
1.294700,0.320080,0.321595,0.321911,0.377810
1.207100,0.314928,0.315076,0.316059,0.348090
0.302880,0.266583,0.266670,0.266684,0.286310
1.945900,0.197037,0.167386,0.197178,0.166920
0.298650,0.266608,0.266710,0.266724,0.286650
2.040000,0.162753,0.128362,0.161942,0.117300
0.783150,0.275693,0.273864,0.274679,0.249340
1.315400,0.320786,0.322597,0.322784,0.383610
-0.427350,0.244673,0.244080,0.244406,0.273160
0.196830,0.266863,0.267267,0.267267,0.293670
-1.054900,0.191565,0.185673,0.192511,0.171560
0.917670,0.286919,0.284748,0.286305,0.260830
0.120600,0.266335,0.266848,0.266868,0.297170
0.501570,0.265877,0.265242,0.265243,0.267150
1.093600,0.304749,0.303419,0.305076,0.306560
1.531300,0.311280,0.312259,0.314522,0.392120
-0.795430,0.224949,0.224696,0.226084,0.218120
-0.915120,0.212279,0.210238,0.213567,0.196890
1.130700,0.308361,0.307443,0.308934,0.319740
-0.375800,0.246963,0.246288,0.246669,0.278880
-0.304770,0.250311,0.249635,0.250089,0.285700
1.004000,0.295565,0.293579,0.295363,0.279110
0.290910,0.266652,0.266781,0.266794,0.287270
-0.898760,0.214292,0.212591,0.215584,0.199840
0.949980,0.290074,0.287925,0.289603,0.266640
1.995800,0.178783,0.146243,0.178393,0.139260
1.017800,0.296990,0.295074,0.296864,0.282820
1.490700,0.315778,0.317764,0.318909,0.399190
1.563600,0.306712,0.306509,0.309980,0.383450
0.256290,0.266811,0.267054,0.267061,0.289880
0.882720,0.283671,0.281529,0.282920,0.255930
1.940800,0.198900,0.169588,0.199098,0.169890
0.262310,0.266789,0.267012,0.267020,0.289450
-0.813840,0.223302,0.222878,0.224487,0.214910
1.715500,0.273686,0.263540,0.276313,0.312270
0.304830,0.266571,0.266651,0.266666,0.286150
1.701200,0.277555,0.268602,0.280293,0.320620
0.616710,0.267674,0.266596,0.266706,0.256130
-1.318100,0.142048,0.129901,0.141704,0.125550
1.082800,0.303665,0.302231,0.303923,0.302880
0.160500,0.266706,0.267179,0.267183,0.295540
1.430200,0.319998,0.322607,0.322833,0.401830
0.125270,0.266390,0.266900,0.266918,0.297000
0.668070,0.269407,0.268105,0.268360,0.252360
0.384160,0.266052,0.265844,0.265860,0.279040
1.207700,0.314973,0.315130,0.316109,0.348320
1.897900,0.214451,0.188277,0.215141,0.195900
0.170260,0.266764,0.267222,0.267224,0.295070
2.027200,0.167367,0.133441,0.166673,0.123390
-1.132600,0.177786,0.169488,0.178363,0.157590
-0.915740,0.212201,0.210146,0.213489,0.196780
-0.284500,0.251301,0.250649,0.251119,0.287410
0.717160,0.271677,0.270148,0.270607,0.249970
0.192170,0.266851,0.267266,0.267266,0.293930
-1.387600,0.128833,0.116329,0.128257,0.114280
0.243960,0.266848,0.267128,0.267133,0.290740
-1.824500,0.063512,0.054606,0.062856,0.056659
-1.317100,0.142241,0.130104,0.141901,0.125720
-1.173900,0.170024,0.160557,0.170383,0.150270
-0.777200,0.226478,0.226361,0.227557,0.221270
2.087100,0.146064,0.110472,0.144868,0.096699
-0.485460,0.242207,0.241771,0.242055,0.266020
0.544920,0.266255,0.265461,0.265475,0.262750
-0.149250,0.257905,0.257677,0.258105,0.295970
0.534910,0.266139,0.265382,0.265391,0.263750
-1.236300,0.157972,0.147036,0.158002,0.139370
1.498900,0.314980,0.316803,0.318140,0.398120
0.321870,0.266462,0.266482,0.266499,0.284720
-1.388600,0.128646,0.116142,0.128068,0.114130
0.671340,0.269539,0.268223,0.268489,0.252160
-0.694880,0.232278,0.232415,0.233021,0.235090
-1.326700,0.140389,0.128166,0.140011,0.124130
-0.489270,0.242047,0.241624,0.241906,0.265520
-1.957500,0.050093,0.042585,0.049461,0.044055
-1.984700,0.047688,0.040494,0.047063,0.041755
0.423580,0.265856,0.265504,0.265513,0.275160
-0.748310,0.228709,0.228743,0.229683,0.226200
-1.094200,0.184754,0.177630,0.185524,0.164480
1.245700,0.317585,0.318338,0.319019,0.361950
-1.393300,0.127772,0.115265,0.127182,0.113380
1.236600,0.317008,0.317617,0.318370,0.358770
-1.671200,0.082574,0.072164,0.081850,0.074060
-1.333200,0.139139,0.126864,0.138737,0.123060
1.546900,0.309184,0.309636,0.312445,0.388270
0.237450,0.266863,0.267162,0.267166,0.291180
-0.017125,0.263246,0.263560,0.263757,0.299250
1.516000,0.313137,0.314556,0.316346,0.395280
-0.754490,0.228251,0.228259,0.229249,0.225150
-0.458060,0.243359,0.242842,0.243142,0.269480
1.573600,0.305118,0.304478,0.308382,0.380250
0.498540,0.265862,0.265238,0.265239,0.267460
0.068614,0.265505,0.266005,0.266071,0.298610
0.521260,0.266010,0.265303,0.265307,0.265130
0.441710,0.265803,0.265384,0.265390,0.273320
1.401100,0.321034,0.323635,0.323682,0.399860
-0.044729,0.262294,0.262511,0.262760,0.298990
0.927200,0.287837,0.285666,0.287263,0.262410
1.965500,0.189867,0.158985,0.189793,0.155710
-1.366000,0.132887,0.120433,0.132374,0.117730
1.524900,0.312081,0.313253,0.315310,0.393510
1.980400,0.184412,0.152677,0.184181,0.147460
1.872600,0.223463,0.199344,0.224448,0.211850
-0.631550,0.235759,0.235812,0.236199,0.245170
-0.599070,0.237318,0.237276,0.237603,0.250120
2.068200,0.152698,0.117492,0.151648,0.104570
1.501100,0.314756,0.316533,0.317924,0.397790
0.406500,0.265930,0.265640,0.265653,0.276860
2.196900,0.109899,0.074476,0.108081,0.059863
-0.523100,0.240633,0.240324,0.240599,0.261010
1.363700,0.321496,0.323866,0.323873,0.394530
-0.392790,0.246195,0.245540,0.245902,0.277060
0.824770,0.278768,0.276778,0.277840,0.250860
1.721400,0.272049,0.261400,0.274627,0.308740
1.677300,0.283693,0.276640,0.286595,0.334060
1.328800,0.321120,0.323108,0.323226,0.387050
0.710830,0.271350,0.269851,0.270280,0.250200
-1.007300,0.199286,0.194848,0.200405,0.180200
1.503800,0.314476,0.316193,0.317652,0.397380
1.083200,0.303706,0.302275,0.303966,0.303020
-0.068214,0.261407,0.261531,0.261825,0.298590
-1.501500,0.108557,0.096505,0.107803,0.096940
1.516900,0.313033,0.314428,0.316245,0.395120
1.601900,0.300148,0.298092,0.303374,0.369880
1.339700,0.321316,0.323437,0.323508,0.389620
1.580800,0.303918,0.302943,0.307177,0.377800
0.019886,0.264355,0.264773,0.264906,0.299240
-1.105200,0.182787,0.175321,0.183503,0.162500
-0.095366,0.260303,0.260311,0.260655,0.297930
1.320100,0.320914,0.322789,0.322951,0.384860
-0.577330,0.238303,0.238188,0.238488,0.253340
1.204000,0.314692,0.314792,0.315800,0.346950
2.042700,0.161783,0.127302,0.160948,0.116030
-0.460530,0.243254,0.242744,0.243042,0.269170
1.746900,0.264707,0.251828,0.267060,0.293080
0.855140,0.281255,0.279172,0.280412,0.253060
1.717000,0.273272,0.262999,0.275887,0.311350
-1.202700,0.164495,0.154299,0.164700,0.145210
-0.647150,0.234963,0.235051,0.235478,0.242740
-0.854970,0.219236,0.218296,0.220499,0.207660
0.052179,0.265158,0.265637,0.265723,0.298900
0.520840,0.266006,0.265301,0.265305,0.265170
-0.973030,0.204435,0.200972,0.205645,0.186420
1.934000,0.201380,0.172533,0.201655,0.173900
0.046551,0.265029,0.265500,0.265594,0.298980
2.318300,0.076158,0.044848,0.074079,0.034712
-0.025490,0.262968,0.263254,0.263467,0.299190
1.044600,0.299761,0.298011,0.299787,0.290620
1.543000,0.309728,0.310318,0.312985,0.389280
-0.079846,0.260944,0.261019,0.261335,0.298330
1.253600,0.318058,0.318937,0.319556,0.364660
1.879000,0.221198,0.196547,0.222108,0.207780
-1.535000,0.103009,0.091240,0.102241,0.092143
0.727210,0.272218,0.270642,0.271150,0.249670
1.722500,0.271741,0.260998,0.274310,0.308080
1.806300,0.246120,0.227849,0.247863,0.254910
-0.339500,0.248648,0.247955,0.248376,0.282520
1.144200,0.309620,0.308871,0.310287,0.324700
-0.714480,0.231046,0.231168,0.231878,0.231860
-0.792160,0.225230,0.225005,0.226356,0.218680
1.328200,0.321107,0.323087,0.323208,0.386920
-0.621580,0.236251,0.236277,0.236642,0.246710
0.224310,0.266881,0.267217,0.267219,0.292030
1.350700,0.321442,0.323685,0.323720,0.392010
-1.694300,0.079443,0.069265,0.078731,0.071246
0.460400,0.265780,0.265294,0.265297,0.271400
0.941070,0.289192,0.287032,0.288680,0.264910
1.038200,0.299100,0.297307,0.299089,0.288700
-0.039193,0.262493,0.262730,0.262969,0.299060
1.056500,0.300986,0.299325,0.301082,0.294310
0.374760,0.266110,0.265936,0.265954,0.279940
1.429300,0.320039,0.322651,0.322869,0.401800
2.130300,0.131302,0.095301,0.129815,0.080382
-0.612420,0.236692,0.236692,0.237040,0.248110
0.014021,0.264193,0.264597,0.264739,0.299270
1.225300,0.316248,0.316678,0.317520,0.354720
1.565200,0.306462,0.306192,0.309730,0.382940
1.140600,0.309287,0.308493,0.309929,0.323380
-0.845920,0.220178,0.219368,0.221428,0.209260
-0.985800,0.202558,0.198742,0.203738,0.184100
-0.575390,0.238389,0.238267,0.238566,0.253620
2.166500,0.119443,0.083583,0.117758,0.068572
0.342870,0.266322,0.266265,0.266283,0.282880
0.596650,0.267167,0.266171,0.266243,0.257850
0.528080,0.266071,0.265339,0.265345,0.264440
0.816290,0.278110,0.276149,0.277161,0.250410
-0.885410,0.215868,0.214422,0.217157,0.202230
-1.236700,0.157894,0.146950,0.157922,0.139310
0.110360,0.266204,0.266720,0.266747,0.297510
0.998020,0.294948,0.292937,0.294716,0.277570
1.219800,0.315861,0.316205,0.317091,0.352740
-1.548100,0.100895,0.089247,0.100126,0.090297
-1.274700,0.150480,0.138867,0.150323,0.132820
0.983140,0.293422,0.291354,0.293112,0.273900
-0.174640,0.256704,0.256370,0.256826,0.294750
-2.257400,0.029332,0.025327,0.028887,0.023419
0.988790,0.294000,0.291952,0.293719,0.275260
-2.161800,0.034664,0.029616,0.034131,0.028925
0.829760,0.279164,0.277156,0.278248,0.251150
-0.857250,0.218995,0.218020,0.220260,0.207250
-0.180680,0.256413,0.256056,0.256517,0.294440
1.817300,0.242481,0.223211,0.244102,0.247750
1.948200,0.196197,0.166395,0.196312,0.165540
0.929730,0.288082,0.285913,0.287519,0.262850
-1.773400,0.069424,0.060021,0.068751,0.062107
-2.448800,0.021261,0.018613,0.021018,0.014925
-0.346310,0.248327,0.247635,0.248048,0.281860
1.253200,0.316758,0.317574,0.318199,0.364510
1.107000,0.306076,0.304886,0.306489,0.311240
1.512700,0.313511,0.315016,0.316712,0.395890
-0.307150,0.250196,0.249517,0.249969,0.285490
-0.219630,0.254508,0.254012,0.254494,0.292150
1.397100,0.321129,0.323716,0.323749,0.399430
-0.896000,0.214623,0.212976,0.215915,0.200330
-0.239610,0.253519,0.252964,0.253448,0.290810
-0.866230,0.218026,0.216911,0.219302,0.205660
0.033857,0.264722,0.265170,0.265282,0.299130
0.723260,0.272002,0.270445,0.270933,0.249780
1.448400,0.319030,0.321551,0.321969,0.402010
0.492770,0.265837,0.265234,0.265234,0.268050
-0.798760,0.224658,0.224378,0.225804,0.217540
0.941560,0.289240,0.287080,0.288730,0.265010
-1.190000,0.166943,0.157058,0.167215,0.147430
-0.413790,0.245264,0.244644,0.244983,0.274730
-2.426200,0.022079,0.019330,0.021813,0.015771
0.505570,0.265899,0.265250,0.265251,0.266740
-0.998240,0.200682,0.196510,0.201828,0.181840
1.766800,0.257420,0.242617,0.259526,0.280490
-1.101300,0.183487,0.176142,0.184222,0.163200
1.663600,0.287019,0.280993,0.290002,0.341350
-1.252100,0.154891,0.143653,0.154842,0.136670
-0.470180,0.242847,0.242365,0.242657,0.267960
-0.899030,0.214260,0.212553,0.215552,0.199790
0.674500,0.269670,0.268338,0.268616,0.251980
-2.773200,0.011273,0.008363,0.011192,0.006399
0.871250,0.282649,0.280528,0.281858,0.254630
0.708680,0.271241,0.269752,0.270171,0.250290
0.461260,0.265780,0.265291,0.265293,0.271310
-0.167780,0.257032,0.256726,0.257175,0.295100
1.788800,0.251792,0.235119,0.253725,0.266300
1.099600,0.305346,0.304077,0.305711,0.308640
0.903570,0.285586,0.283420,0.284914,0.258680
-0.626630,0.236004,0.236043,0.236419,0.245930
-0.005194,0.263625,0.263976,0.264152,0.299290
0.541930,0.266219,0.265435,0.265448,0.263050
-0.411800,0.245351,0.244727,0.245069,0.274950
0.800120,0.276898,0.275000,0.275915,0.249760
1.289600,0.319872,0.321311,0.321662,0.376270
1.278300,0.319367,0.320634,0.321065,0.372790
2.337600,0.071488,0.041102,0.069403,0.031874
1.397900,0.321111,0.323701,0.323737,0.399520
-0.085822,0.260700,0.260750,0.261076,0.298190
0.849630,0.280789,0.278721,0.279930,0.252590
-1.023000,0.196809,0.191901,0.197877,0.177350
-1.114100,0.181177,0.173438,0.181849,0.160910
-1.570400,0.097369,0.085937,0.096601,0.087215
-0.909790,0.212945,0.211018,0.214235,0.197850
0.042696,0.264938,0.265403,0.265502,0.299030
1.112500,0.306613,0.305484,0.307064,0.313200
-0.324580,0.249357,0.248667,0.249103,0.283930
-0.224160,0.254284,0.253774,0.254257,0.291860
0.252950,0.266822,0.267075,0.267081,0.290120
0.460040,0.265780,0.265295,0.265298,0.271430
2.291400,0.082994,0.050497,0.080938,0.039135
0.867860,0.282351,0.280238,0.281549,0.254280
1.481600,0.316599,0.318741,0.319695,0.400190
1.307300,0.320537,0.322235,0.322470,0.381420
0.510730,0.265931,0.265263,0.265265,0.266210
0.704930,0.271054,0.269583,0.269985,0.250440
0.405930,0.265933,0.265645,0.265658,0.276920
-1.147800,0.174957,0.166215,0.175454,0.154890
-1.718300,0.076289,0.066349,0.075591,0.068378
-0.287590,0.251149,0.250493,0.250960,0.287160
-0.371080,0.247178,0.246499,0.246885,0.279370
1.421700,0.320365,0.322990,0.323148,0.401460
0.330490,0.266405,0.266393,0.266411,0.283980
0.454160,0.265784,0.265320,0.265324,0.272040
1.030900,0.298345,0.296505,0.298292,0.286560
0.973860,0.292477,0.290380,0.292120,0.271730
-0.314420,0.249845,0.249160,0.249606,0.284850
1.892700,0.216316,0.190553,0.217066,0.199120
0.942650,0.289348,0.287189,0.288843,0.265210
1.069900,0.302357,0.300806,0.302535,0.298610
-0.253450,0.252833,0.252242,0.252725,0.289820
1.959400,0.192100,0.161588,0.192092,0.159130
-0.909310,0.213004,0.211087,0.214295,0.197940
1.637400,0.292970,0.288770,0.296082,0.354370
0.700470,0.270837,0.269386,0.269768,0.250630
-1.211700,0.162754,0.152347,0.162911,0.143630
0.018061,0.264305,0.264719,0.264855,0.299250
1.830400,0.238078,0.217628,0.239552,0.239210
0.168220,0.266753,0.267214,0.267216,0.295170
1.065200,0.301877,0.300287,0.302026,0.297080
-0.985400,0.202618,0.198813,0.203799,0.184170
0.242590,0.266852,0.267136,0.267140,0.290830
-0.696690,0.232168,0.232304,0.232919,0.234790
0.299040,0.266606,0.266706,0.266720,0.286620
1.367200,0.321492,0.323892,0.323896,0.395160
-0.852550,0.219491,0.218586,0.220750,0.208090
0.135810,0.266503,0.267005,0.267017,0.296600
-0.802390,0.224338,0.224025,0.225494,0.216910
-1.036800,0.194574,0.189244,0.195592,0.174840
0.982200,0.293326,0.291255,0.293011,0.273670
0.924480,0.287574,0.285402,0.286988,0.261950
0.289490,0.266660,0.266793,0.266806,0.287390
1.478700,0.316846,0.319034,0.319931,0.400470
1.455000,0.318616,0.321085,0.321590,0.401880
-0.582310,0.238081,0.237983,0.238289,0.252610
-0.662660,0.234134,0.234250,0.234725,0.240290
1.828100,0.238856,0.218613,0.240356,0.240710
-1.101700,0.183415,0.176058,0.184149,0.163120
1.797200,0.249088,0.231647,0.250931,0.260830
2.181300,0.114747,0.079065,0.112993,0.064211
1.683000,0.282267,0.274773,0.285133,0.330950
1.476100,0.317062,0.319288,0.320136,0.400690
-1.366600,0.132774,0.120318,0.132259,0.117630
1.713100,0.274345,0.264402,0.276991,0.313670
1.735100,0.268157,0.256320,0.270617,0.300400
1.248300,0.317743,0.318538,0.319199,0.362830
-0.812690,0.223408,0.222996,0.224590,0.215110
-0.676710,0.233349,0.233480,0.234007,0.238040
0.384860,0.266048,0.265837,0.265853,0.278970
-0.012007,0.263411,0.263741,0.263929,0.299270
1.776900,0.255560,0.239973,0.257617,0.274010
1.760300,0.260686,0.246605,0.262911,0.284660
1.563900,0.306665,0.306449,0.309933,0.383360
-0.267200,0.252153,0.251532,0.252010,0.288790
-0.436600,0.244274,0.243702,0.244019,0.272070
-0.767340,0.227266,0.227209,0.228311,0.222960
1.815900,0.242947,0.223804,0.244584,0.248630
0.227660,0.266878,0.267205,0.267207,0.291820
-0.769820,0.227070,0.226999,0.228124,0.222530
-0.681160,0.233092,0.233227,0.233772,0.237320
-0.979600,0.203476,0.199833,0.204671,0.185230
-1.148000,0.174919,0.166172,0.175416,0.154840
-0.162670,0.257274,0.256990,0.257434,0.295350
0.046526,0.265029,0.265500,0.265593,0.298980
-0.895770,0.214650,0.213008,0.215942,0.200370
-0.428950,0.244604,0.244014,0.244338,0.272980
-0.476390,0.242587,0.242123,0.242411,0.267180
1.434600,0.319787,0.322382,0.322648,0.401950
-0.659670,0.234297,0.234408,0.234873,0.240760
2.025700,0.167910,0.134042,0.167230,0.124110
-2.499400,0.019521,0.017039,0.019327,0.013168
-1.488800,0.110713,0.098565,0.109967,0.098801
2.266300,0.089709,0.056231,0.087691,0.043797
-1.993700,0.046917,0.039828,0.046294,0.041019
0.877710,0.283221,0.281089,0.282453,0.255350
1.408100,0.320841,0.323459,0.323536,0.400510
-0.737030,0.229520,0.229593,0.230449,0.228100
-0.833290,0.221447,0.220803,0.222675,0.211500
-0.729200,0.230064,0.230158,0.230960,0.229410
-1.114300,0.181141,0.173396,0.181812,0.160860
0.964790,0.291558,0.289438,0.291157,0.269720
2.241600,0.096627,0.062319,0.094665,0.048953
0.103480,0.266106,0.266623,0.266656,0.297730
1.550900,0.308614,0.308917,0.311878,0.387170
2.137000,0.129070,0.093062,0.127542,0.078059
-0.753370,0.228335,0.228348,0.229329,0.225340
1.074900,0.302866,0.301359,0.303074,0.300250
1.044700,0.299771,0.298022,0.299798,0.290660
1.024600,0.297693,0.295815,0.297605,0.284730
1.847500,0.232229,0.210264,0.233506,0.228020
-2.228200,0.030850,0.026546,0.030376,0.025000
1.372500,0.321471,0.323914,0.323915,0.396050
1.493000,0.315559,0.317502,0.318699,0.398910
-0.582200,0.238086,0.237987,0.238293,0.252630
0.887620,0.284114,0.281966,0.283382,0.256530
0.602640,0.267309,0.266289,0.266371,0.257320
2.076900,0.149633,0.114233,0.148514,0.100890
1.751000,0.263489,0.250243,0.265802,0.290520
0.026413,0.264530,0.264963,0.265086,0.299190
1.229500,0.316536,0.317032,0.317842,0.356240
0.765810,0.274532,0.272779,0.273494,0.249170
1.433300,0.319851,0.322451,0.322704,0.401920
0.374070,0.266115,0.265943,0.265961,0.280000
-1.254300,0.154461,0.143184,0.154402,0.136280
-0.818270,0.222890,0.222420,0.224086,0.214130
2.352700,0.067970,0.038345,0.065887,0.029836
-0.173920,0.256738,0.256408,0.256863,0.294790
-0.871580,0.217437,0.216234,0.218717,0.204700
-0.183530,0.256275,0.255907,0.256370,0.294280
0.831340,0.279290,0.277277,0.278379,0.251250
1.575400,0.304822,0.304100,0.308085,0.379630
-0.771150,0.226965,0.226886,0.228023,0.222300
0.025631,0.264510,0.264941,0.265065,0.299200
1.263900,0.318637,0.319679,0.320218,0.368120
0.041755,0.264916,0.265379,0.265479,0.299040
1.309800,0.320617,0.322351,0.322571,0.382110
0.059308,0.265313,0.265803,0.265880,0.298780
2.234200,0.098759,0.064230,0.096816,0.050612
-0.553770,0.239332,0.239133,0.239416,0.256740
1.482800,0.316494,0.318618,0.319596,0.400080
-0.213090,0.254830,0.254356,0.254836,0.292560
-1.035200,0.194836,0.189555,0.195860,0.175140
0.999960,0.295148,0.293145,0.294926,0.278060
0.672820,0.269600,0.268277,0.268548,0.252070
0.568110,0.266596,0.265714,0.265748,0.260490
-2.774200,0.011245,0.008331,0.011163,0.006380
0.912800,0.286456,0.284285,0.285821,0.260060
-1.371800,0.131793,0.119321,0.131262,0.116800
-1.768000,0.070074,0.060618,0.069399,0.062709
0.681350,0.269961,0.268598,0.268902,0.251580
1.542900,0.309741,0.310336,0.312999,0.389310
-2.414400,0.022517,0.019710,0.022239,0.016228
-0.945680,0.208277,0.205526,0.209537,0.191370
1.862800,0.226909,0.203619,0.228008,0.218160
0.691220,0.270401,0.268993,0.269337,0.251070
0.447380,0.265792,0.265353,0.265358,0.272740
1.350500,0.321441,0.323682,0.323717,0.391970
1.531500,0.311255,0.312227,0.314496,0.392070
1.516800,0.313045,0.314443,0.316256,0.395130
-0.411550,0.245362,0.244738,0.245079,0.274980
-0.097674,0.260206,0.260204,0.260552,0.297860
-1.521300,0.105254,0.093364,0.104489,0.094088
0.584740,0.266908,0.265960,0.266014,0.258930
-1.047900,0.192739,0.187065,0.193713,0.172840
-1.961500,0.049732,0.042269,0.049101,0.043712
1.314000,0.320745,0.322538,0.322733,0.383250
-1.308500,0.143906,0.131856,0.143600,0.127140
-0.226550,0.254166,0.253648,0.254132,0.291700
-1.522800,0.105006,0.093129,0.104242,0.093872
-0.767270,0.227271,0.227215,0.228316,0.222970
-0.068563,0.261394,0.261516,0.261810,0.298580
-0.102330,0.260008,0.259985,0.260341,0.297720
1.132500,0.308530,0.307635,0.309116,0.320400
1.573300,0.305167,0.304541,0.308432,0.380350
-0.590040,0.237732,0.237660,0.237975,0.251470
-0.776920,0.226501,0.226386,0.227579,0.221310
-1.533800,0.103205,0.091425,0.102437,0.092309
0.429470,0.265836,0.265462,0.265470,0.274560
-0.605110,0.237037,0.237015,0.237350,0.249210
-0.609360,0.236837,0.236828,0.237170,0.248570
-0.707190,0.231514,0.231645,0.232314,0.233070
-0.382810,0.246644,0.245977,0.246350,0.278140
-0.849290,0.219830,0.218973,0.221085,0.208670
1.649400,0.290312,0.285300,0.293370,0.348550
1.459900,0.318287,0.320709,0.321285,0.401700
1.776000,0.255842,0.240336,0.257908,0.274570
-0.830250,0.221745,0.221138,0.222967,0.212030
-0.647500,0.234945,0.235034,0.235462,0.242680
1.011600,0.296349,0.294400,0.296189,0.281130
1.797900,0.248861,0.231357,0.250696,0.260410
0.865390,0.282136,0.280028,0.281326,0.254030
1.021400,0.297362,0.295466,0.297256,0.283820
-1.250700,0.155164,0.143952,0.155122,0.136890
-1.676600,0.081833,0.071478,0.081112,0.073397
-0.162440,0.257285,0.257002,0.257445,0.295360
-1.512000,0.106797,0.094828,0.106036,0.095416
0.446150,0.265794,0.265360,0.265365,0.272860
0.684980,0.270120,0.268741,0.269059,0.251390
-0.657190,0.234431,0.234538,0.234995,0.241160
-1.697300,0.079043,0.068895,0.078333,0.070885
-2.692800,0.013580,0.010986,0.013500,0.007970
0.905420,0.285759,0.283592,0.285095,0.258950
1.174600,0.312314,0.311978,0.313200,0.336040
1.497000,0.315170,0.317033,0.318323,0.398370
1.740500,0.266589,0.254277,0.269001,0.297080
-0.341350,0.248560,0.247867,0.248286,0.282340
-0.482590,0.242327,0.241882,0.242167,0.266390
