0.40098
0.25516
0.40142
0.27789
0.39182
0.25316
0.28708
0.25467
0.21415
0.39008
0.33815
0.29911
0.023648
0.2806
0.28482
0.27983
0.26076
0.24419
0.36538
0.22719
0.26434
0.14398
0.19493
0.2543
0.29844
0.29605
0.27066
0.40107
0.12024
0.26122
0.34404
0.29797
0.29183
0.25121
0.023736
0.29652
0.24956
0.0058903
0.27385
0.29338
0.26688
0.36504
0.22361
0.25121
0.28866
0.086467
0.39089
0.3829
0.050103
0.34035
0.29376
0.25573
0.40177
0.29468
0.26722
0.27703
0.35047
0.28959
0.11429
0.29869
0.27601
0.30298
0.25347
0.23041
0.2719
0.10948
0.2901
0.31399
0.31621
0.26321
0.28594
0.19919
0.27934
0.39754
0.15423
0.18945
0.27269
0.28854
0.29723
0.29731
0.19161
0.36451
0.16593
0.29245
0.17432
0.40183
0.30005
0.31013
0.39007
0.28061
0.28271
0.25141
0.2973
0.3813
0.25767
0.27399
0.2988
0.13074
0.13749
0.26643
0.13256
0.29929
0.34146
0.25125
0.3041
0.16739
0.40198
0.29864
0.36928
0.29673
0.25521
0.37566
0.28964
0.28253
0.35738
0.28209
0.26449
0.16899
0.25462
0.299
0.39878
0.28521
0.25379
0.28773
0.25196
0.29147
0.17688
0.27459
0.34618
0.29742
0.23441
0.15217
0.29841
0.1633
0.29224
0.19214
0.32528
0.30869
0.3073
0.28568
0.24477
0.35193
0.26986
0.05147
0.26776
0.29704
0.27201
0.25626
0.37973
0.26601
0.2537
0.011401
0.18735
0.18713
0.078961
0.32711
0.30816
0.2589
0.14597
0.27994
0.17777
0.2645
0.32243
0.20461
0.3856
0.23791
0.4005
0.1304
0.28079
0.07497
0.29888
0.37448
0.37993
0.25663
0.38671
0.35585
0.36779
0.3381
0.35966
0.0893
0.28729
0.34627
0.2972
0.14316
0.21096
0.29928
0.24956
0.072601
0.27329
0.25048
0.398
0.14781
0.28923
0.25535
0.27055
0.34033
0.26188
0.34574
0.16232
0.25901
0.29591
0.2982
0.072563
0.081942
0.16016
0.11219
0.088469
0.086603
0.16045
0.17758
0.25323
0.20709
0.12039
0.28471
0.27018
0.28594
0.28491
0.28334
0.24016
0.26524
0.40083
0.27199
0.282
0.29929
0.23849
0.2021
0.29862
0.29384
0.18782
0.29186
0.29285
0.25431
0.24932
0.36186
0.29565
0.19241
0.11593
0.24917
0.29319
0.37319
0.39354
0.2828
0.2982
0.036869
0.28754
0.19354
0.28047
0.2986
0.29882
0.3835
0.2653
0.15487
0.16952
0.28171
0.29612
0.29625
0.38857
0.29727
0.099112
0.29807
0.34845
0.28537
0.27932
0.1207
0.26773
0.3869
0.24918
0.29359
0.19207
0.2745
0.29916
0.3485
0.28201
0.18224
0.32414
0.40202
0.05896
0.35122
0.25299
0.17982
0.29907
0.031614
0.29898
0.32369
0.25221
0.29497
0.04935
0.16109
0.18094
0.29516
0.31824
0.39246
0.29538
0.24069
0.19494
0.29145
0.38971
0.2627
0.28156
0.29823
0.27078
0.082512
0.25857
0.36318
0.24924
0.32074
0.24988
0.25969
0.29299
0.2289
0.28772
0.38049
0.32989
0.2863
0.25031
0.36703
0.24166
0.3935
0.29877
0.26058
0.26642
0.11226
0.046778
0.40165
0.15315
0.25966
0.20528
0.34216
0.28419
0.0071281
0.26564
0.28595
0.29718
0.26128
0.35693
0.39179
0.0050576
0.2548
0.28665
0.38525
0.22902
0.40102
0.27048
0.069894
0.39575
0.25397
0.28903
0.29548
0.29068
0.29531
0.2543
0.39693
0.39211
0.055478
0.39139
0.29012
0.29401
0.38976
0.17051
0.33741
0.26036
0.011887
0.39254
0.25888
0.2975
0.19583
0.29523
0.2578
0.24976
0.29141
0.10689
0.031023
0.29828
0.15245
0.39451
0.3183
0.30951
0.16364
0.39692
0.27654
0.24435
0.37835
0.17145
0.28136
0.33899
0.3056
0.28612
0.092371
0.29469
0.24279
0.29887
0.29493
0.40173
0.21185
0.28052
0.34349
0.29764
0.29551
0.3873
0.25958
0.38819
0.077973
0.33651
0.3285
0.25999
0.27626
0.14611
0.091462
0.37087
0.28235
0.38904
0.37856
0.23112
0.29518
0.29649
0.33678
0.28705
0.3836
0.25112
0.25191
0.035016
0.21989
0.24326
0.29886
0.14812
0.2315
0.10743
0.2579
0.2875
0.26
0.012714
0.25064
0.3734
0.40145
0.35865
0.27348
0.37966
0.29903
0.29666
0.14631
0.29632
0.25291
0.21352
0.27915
0.08446
0.20759
0.30546
0.28542
0.17966
0.0059597
0.20787
0.26345
0.26104
0.36062
0.25685
0.3791
0.27916
0.32696
0.28842
0.14768
0.25458
0.23066
0.25536
0.30671
0.074788
0.2984
0.25435
0.3451
0.29919
0.040072
0.39989
0.22046
0.238
0.11359
0.28294
0.29638
0.24388
0.23161
0.25005
0.18511
0.40151
0.38459
0.23082
0.27893
0.4016
0.29918
0.23868
0.2815
0.26232
0.27762
0.27885
0.36477
0.29756
0.29121
0.25243
0.29321
0.40131
0.25878
0.24995
0.27723
0.30306
0.26863
0.049859
0.40125
0.3928
0.4007
0.030823
0.28198
0.055593
0.34207
0.28915
0.40133
0.29338
0.29641
0.37288
0.27138
0.2547
0.34771
0.27332
0.29639
0.27105
0.29092
0.25117
0.34698
0.26999
0.11435
0.25707
0.24033
0.17923
0.29891
0.17711
0.2969
0.32119
0.39058
0.29775
0.065015
0.022916
0.35328
0.27832
0.26683
0.2991
0.37781
0.34809
0.28631
0.16692
0.28665
0.1173
0.24934
0.38361
0.27316
0.29367
0.17156
0.26083
0.29717
0.26715
0.30656
0.39212
0.21812
0.19689
0.31974
0.27888
0.2857
0.27911
0.28727
0.19984
0.26664
0.13926
0.28282
0.39919
0.38345
0.28988
0.25593
0.16989
0.28945
0.21491
0.31227
0.28615
0.32062
0.25613
0.12555
0.30288
0.29554
0.40183
0.297
0.25236
0.27904
0.34832
0.1959
0.29507
0.12339
0.15759
0.19678
0.28741
0.24997
0.29393
0.11428
0.29074
0.056659
0.12572
0.15027
0.22127
0.096699
0.26602
0.26275
0.29597
0.26375
0.13937
0.39812
0.28472
0.11413
0.25216
0.23509
0.12413
0.26552
0.044055
0.041755
0.27516
0.2262
0.16448
0.36195
0.11338
0.35877
0.07406
0.12306
0.38827
0.29118
0.29925
0.39528
0.22515
0.26948
0.38025
0.26746
0.29861
0.26513
0.27332
0.39986
0.29899
0.26241
0.15571
0.11773
0.39351
0.14746
0.21185
0.24517
0.25012
0.10457
0.39779
0.27686
0.059863
0.26101
0.39453
0.27706
0.25086
0.30874
0.33406
0.38705
0.2502
0.1802
0.39738
0.30302
0.29859
0.09694
0.39512
0.36988
0.38962
0.3778
0.29924
0.1625
0.29793
0.38486
0.25334
0.34695
0.11603
0.26917
0.29308
0.25306
0.31135
0.14521
0.24274
0.20766
0.2989
0.26517
0.18642
0.1739
0.29898
0.034712
0.29919
0.29062
0.38928
0.29833
0.36466
0.20778
0.092143
0.24967
0.30808
0.25491
0.28252
0.3247
0.23186
0.21868
0.38692
0.24671
0.29203
0.39201
0.071246
0.2714
0.26491
0.2887
0.29906
0.29431
0.27994
0.4018
0.080382
0.24811
0.29927
0.35472
0.38294
0.32338
0.20926
0.1841
0.25362
0.068572
0.28288
0.25785
0.26444
0.25041
0.20223
0.13931
0.29751
0.27757
0.35274
0.090297
0.13282
0.2739
0.29475
0.023419
0.27526
0.028925
0.25115
0.20725
0.29444
0.24775
0.16554
0.26285
0.062107
0.014925
0.28186
0.36451
0.31124
0.39589
0.28549
0.29215
0.39943
0.20033
0.29081
0.20566
0.29913
0.24978
0.40201
0.26805
0.21754
0.26501
0.14743
0.27473
0.015771
0.26674
0.18184
0.28049
0.1632
0.34135
0.13667
0.26796
0.19979
0.25198
0.0063988
0.25463
0.25029
0.27131
0.2951
0.2663
0.30864
0.25868
0.24593
0.29929
0.26305
0.27495
0.24976
0.37627
0.37279
0.031874
0.39952
0.29819
0.25259
0.17735
0.16091
0.087215
0.19785
0.29903
0.3132
0.28393
0.29186
0.29012
0.27143
0.039135
0.25428
0.40019
0.38142
0.26621
0.25044
0.27692
0.15489
0.068378
0.28716
0.27937
0.40146
0.28398
0.27204
0.28656
0.27173
0.28485
0.19912
0.26521
0.29861
0.28982
0.15913
0.19794
0.35437
0.25063
0.14363
0.29925
0.23921
0.29517
0.29708
0.18417
0.29083
0.23479
0.28662
0.39516
0.20809
0.2966
0.21691
0.17484
0.27367
0.26195
0.28739
0.40047
0.40188
0.25261
0.24029
0.24071
0.16312
0.26083
0.064211
0.33095
0.40069
0.11763
0.31367
0.3004
0.36283
0.21511
0.23804
0.27897
0.29927
0.27401
0.28466
0.38336
0.28879
0.27207
0.22296
0.24863
0.29182
0.22253
0.23732
0.18523
0.15484
0.29535
0.29898
0.20037
0.27298
0.26718
0.40195
0.24076
0.12411
0.013168
0.098801
0.043797
0.041019
0.25535
0.40051
0.2281
0.2115
0.22941
0.16086
0.26972
0.048953
0.29773
0.38717
0.078059
0.22534
0.30025
0.29066
0.28473
0.22802
0.025
0.39605
0.39891
0.25263
0.25653
0.25732
0.10089
0.29052
0.29919
0.35624
0.24917
0.40192
0.28
0.13628
0.21413
0.029836
0.29479
0.2047
0.29428
0.25125
0.37963
0.2223
0.2992
0.36812
0.29904
0.38211
0.29878
0.050612
0.25674
0.40008
0.29256
0.17514
0.27806
0.25207
0.26049
0.0063805
0.26006
0.1168
0.062709
0.25158
0.38931
0.016228
0.19137
0.21816
0.25107
0.27274
0.39197
0.39207
0.39513
0.27498
0.29786
0.094088
0.25893
0.17284
0.043712
0.38325
0.12714
0.2917
0.093872
0.22297
0.29858
0.29772
0.3204
0.38035
0.25147
0.22131
0.092309
0.27456
0.24921
0.24857
0.23307
0.27814
0.20867
0.34855
0.4017
0.27457
0.21203
0.24268
0.28113
0.26041
0.25403
0.28382
0.13689
0.073397
0.29536
0.095416
0.27286
0.25139
0.24116
0.070885
0.0079702
0.25895
0.33604
0.39837
0.29708
0.28234
0.26639
