0.32401
0.33768
0.38835
0.39207
0.39189
0.25999
0.42772
0.3572
0.38929
0.25258
0.28383
0.39958
0.36671
0.12941
0.37147
0.3208
0.090262
0.28544
0.16542
0.2134
0.37232
0.079723
0.39948
0.36888
0.39915
0.40064
0.39919
0.051602
0.40048
0.38101
0.38266
0.34628
0.3984
0.090179
0.39834
0.084513
0.35958
0.23195
0.30831
0.39398
0.28545
0.22328
0.22434
0.30463
0.21017
0.3037
0.11657
0.38138
0.37678
0.065066
0.35938
0.39959
0.18789
0.26892
0.10768
0.21902
0.25261
0.36574
0.20427
0.39077
0.074167
0.089431
0.39517
0.39937
0.2672
0.38334
0.39599
0.14416
0.39225
0.42173
0.37061
0.30842
0.39791
0.31192
0.38223
0.26208
0.20406
0.35581
0.3884
0.11601
0.094933
0.3905
0.34593
0.24595
0.36916
0.13257
0.36495
0.3134
0.39099
0.23886
0.24327
0.3576
0.079735
0.39581
0.37203
0.39691
0.32721
0.31633
0.38195
0.38203
0.34881
0.14043
0.23991
0.36524
0.30763
0.26437
0.3988
0.39921
0.39939
0.39806
0.39723
0.21643
0.31942
0.28507
0.35863
0.39186
0.31602
0.39097
0.35057
0.29438
0.38164
0.42204
0.37858
0.1947
0.34123
0.2095
0.3991
0.27872
0.0214
0.18537
0.2422
0.30208
0.33784
0.23372
0.30536
0.32084
0.34628
0.37838
0.24828
0.20402
0.41125
0.39165
0.38974
0.39959
0.30687
0.094798
0.30909
0.32299
0.15243
0.35729
0.37551
0.27073
0.1809
0.3741
0.34411
0.20712
0.38907
0.24798
0.17816
0.38566
0.19429
0.10283
0.10436
0.064036
0.28669
0.097938
0.29985
0.031903
0.37121
0.39557
0.2455
0.1653
0.37907
0.32814
0.23173
0.13089
0.068802
0.39942
0.35318
0.23901
0.15459
0.37475
0.336
0.16508
0.35208
0.39205
0.28333
0.39951
0.39719
0.37802
0.16064
0.25368
0.37794
0.3897
0.39156
0.37902
0.14554
0.13033
0.28591
0.096792
0.39834
0.35168
0.34936
0.029688
0.34516
0.19371
0.15358
0.3994
0.019939
0.26278
0.23728
0.31158
0.36056
0.383
0.36489
0.34256
0.39895
0.26529
0.1233
0.39427
0.22814
0.39857
0.026784
0.3917
0.19049
0.20833
0.37776
0.26739
0.2334
0.3901
0.39865
0.35812
0.27882
0.25107
0.23914
0.37276
0.43347
0.20966
0.17703
0.39107
0.22816
0.38325
0.3207
0.14534
0.29491
0.27648
0.3005
0.3993
0.37891
0.088007
0.39926
0.42443
0.21966
0.15437
0.33056
0.37959
0.36952
0.23869
0.14047
0.39757
0.27082
0.013149
0.13328
0.18314
0.39834
0.20687
0.24094
0.34293
0.39448
0.35522
0.34829
0.36114
0.32197
0.39808
0.018435
0.38953
0.36017
0.21391
0.22559
0.22716
0.27141
0.26844
0.34305
0.13387
0.37144
0.14592
0.13907
0.11141
0.18082
0.39036
0.10318
0.39174
0.066426
0.36799
0.37294
0.38812
0.33946
0.31692
0.23905
0.14699
0.39843
0.19201
0.18243
0.399
0.25193
0.26456
0.35986
0.29377
0.36923
0.36237
0.39753
0.37749
0.021541
0.29211
0.15154
0.39518
0.32434
0.08054
0.35671
0.11094
0.20002
0.34458
0.27868
0.33428
0.34258
0.29821
0.35435
0.34214
0.26877
0.34538
0.20493
0.31063
0.30647
0.083148
0.34854
0.093029
0.32104
0.27666
0.069286
0.28568
0.34101
0.20476
0.057428
0.15821
0.039378
0.16218
0.1043
0.3244
0.12251
0.36264
0.33388
0.15066
0.34841
0.24381
0.10417
0.39949
0.26826
0.37651
0.12888
0.2436
0.33385
0.32818
0.29843
0.26767
0.36931
0.22587
0.34053
0.18753
0.39825
0.31939
0.064983
0.074802
0.23177
0.39952
0.35531
0.37896
0.38243
0.23236
0.093349
0.2958
0.1751
0.066865
0.3755
0.16069
0.34018
0.37289
0.11218
0.28753
0.11156
0.38998
0.22516
0.083186
0.36756
0.34256
0.39029
0.33776
0.37902
0.28381
0.36895
0.36903
0.15136
0.27953
0.3676
0.30734
0.2762
0.3389
0.24684
0.2184
0.33896
0.35627
0.43388
0.31622
0.38971
0.39872
0.39584
0.39837
0.25641
0.24921
0.035624
0.17176
0.31276
0.28508
0.2848
0.4328
0.37633
0.19212
0.33532
0.2995
0.39567
0.39144
0.22336
0.39576
0.35469
0.3433
0.14977
0.33625
0.068617
0.15192
0.33674
0.12546
0.19522
0.39813
0.42397
0.36161
0.39733
0.16071
0.25699
0.38702
0.38244
0.24734
0.36613
0.35381
0.39363
0.30183
0.24066
0.1143
0.39755
0.32574
0.10942
0.18562
0.34194
0.37613
0.14622
0.15276
0.3127
0.39768
0.11601
0.39736
0.39959
0.37768
0.38616
0.038682
0.15543
0.3815
0.17456
0.35162
0.38751
0.074924
0.3964
0.38839
0.1484
0.37586
0.39243
0.39554
0.27442
0.38871
0.34881
0.27757
0.17329
0.23731
0.39734
0.29551
0.39889
0.067808
0.39173
0.39855
0.39089
0.12992
0.39051
0.28117
0.3623
0.24171
0.31676
0.2249
0.39957
0.34548
0.39357
0.2732
0.39954
0.081691
0.051955
0.35996
0.396
0.31602
0.25886
0.050406
0.33669
0.36076
0.05941
0.16687
0.13116
0.34869
0.39662
0.1471
0.19976
0.22633
0.37597
0.27085
0.20896
0.14067
0.3606
0.018926
0.39907
0.24955
0.014739
0.28308
0.13699
0.368
0.22727
0.3869
0.39876
0.3316
0.056773
0.23339
0.38976
0.30432
0.26309
0.12374
0.39789
0.39907
0.010333
0.27231
0.32223
0.22778
0.32884
0.36994
0.27373
0.21635
0.39841
0.34794
0.29092
0.2186
0.33057
0.38655
0.32791
0.31758
0.20357
0.34057
0.3814
0.37973
0.24844
0.39715
0.27709
0.39322
0.3221
0.3858
0.39422
0.31679
0.37669
0.3507
0.21313
0.38442
0.37369
0.31466
0.39957
0.40067
0.39164
0.34042
0.27126
0.067394
0.29394
0.089357
0.34934
0.30051
0.21006
0.37423
0.40473
0.36672
0.11688
0.35177
0.35221
0.36022
0.37367
0.14482
0.39705
0.39918
0.27998
0.11528
0.3015
0.42577
0.29562
0.38866
0.37601
0.30943
0.39374
0.39947
0.28314
0.28803
0.30478
0.29827
0.38823
0.32367
0.32409
0.20138
0.040999
0.37792
0.10229
0.36898
0.22515
0.20709
0.35825
0.39881
0.06761
0.35536
0.32677
0.097508
0.052937
0.39904
0.39786
0.3961
0.32465
0.32861
0.39924
0.22723
0.26832
0.14088
0.14373
0.33446
0.24189
0.37857
0.34669
0.068012
0.2438
0.2302
0.42225
0.042894
0.39798
0.38901
0.38103
0.17208
0.3784
0.39657
0.058013
0.39263
0.11587
0.26543
0.24488
0.057108
0.30482
0.37459
0.18192
0.26478
0.2052
0.39543
0.38541
0.39558
0.39654
0.19949
0.39842
0.061672
0.12934
0.25003
0.10054
0.38627
0.29154
0.39767
0.39073
0.3363
0.083678
0.12304
0.023498
0.26741
0.39669
0.29383
0.20949
0.064522
0.35917
0.2622
0.079377
0.27735
0.24361
0.23992
0.14115
0.26773
0.19613
0.3685
0.29471
0.3945
0.3951
0.20193
0.39353
0.35184
0.38804
0.09031
0.35781
0.1233
0.36669
0.27453
0.20556
0.39737
0.3952
0.24983
0.37061
0.36846
0.36954
0.3922
0.39878
0.39922
0.38377
0.34779
0.37036
0.39675
0.38476
0.30988
0.31559
0.39
0.17271
0.35618
0.38886
0.43148
0.39903
0.34248
0.12169
0.34119
0.27659
0.3765
0.39704
0.15928
0.32186
0.27523
0.39915
0.33584
0.24779
0.21083
0.37774
0.417
0.39946
0.35143
0.032441
0.37039
0.069185
0.27158
0.40582
0.3964
0.39539
0.4313
0.34253
0.22973
0.43362
0.21355
0.41704
0.080906
0.14289
0.33473
0.39938
0.10456
0.16171
0.39943
0.43072
0.34573
0.37312
0.37164
0.39854
0.36641
0.071322
0.23584
0.25872
0.03839
0.2481
0.39198
0.39741
0.37102
0.31729
0.38413
0.32883
0.32573
0.20824
0.28869
0.18922
0.12597
0.084899
0.36109
0.39945
0.20212
0.024896
0.42313
0.1371
0.19978
0.36433
0.35178
0.3951
0.053815
0.18685
0.36549
0.39061
0.34915
0.12439
0.31621
0.13211
0.0064651
0.39282
0.37798
0.18875
0.35834
0.20137
0.364
0.32306
0.092395
0.26785
0.30803
0.36327
0.36924
0.39805
0.039065
0.31726
0.33705
0.17251
0.17378
0.39719
0.42967
0.39488
0.35668
0.29152
0.39924
0.31472
0.13309
0.35606
0.37263
0.0084827
0.34032
0.13211
0.22994
0.32686
0.097821
0.38277
0.30032
0.33979
0.38938
0.39479
0.2656
0.30894
0.24113
0.39198
0.27296
0.24173
0.40046
0.35061
0.33809
0.33976
0.37074
0.38623
0.39931
0.39433
0.39917
0.39513
0.28263
0.29904
0.30339
0.35607
0.032787
0.11515
0.35522
0.3943
0.011834
0.35985
0.062076
0.39702
0.36401
0.39957
0.38048
0.17336
0.09419
0.3062
0.18557
0.1074
0.39849
0.18347
0.30467
0.21858
0.33602
0.15353
0.25853
0.41187
0.38472
0.39525
0.37387
0.044969
0.26961
0.41413
0.39396
0.39374
0.39948
0.18526
0.16177
0.32945
0.28663
0.3924
0.35026
0.31313
0.39728
0.35946
0.3645
0.39321
0.39828
0.26503
0.39974
0.33815
0.31193
0.30664
0.36045
0.22135
0.38066
0.028864
0.19479
0.38665
0.42643
0.080792
0.34529
0.39732
0.38612
0.099602
0.39727
0.095332
0.22495
0.36703
0.37099
0.19756
0.39937
0.17216
0.39227
0.34606
0.31056
0.0099472
0.2052
0.2767
0.39364
0.40009
0.29316
0.39685
0.068537
0.24928
0.21509
0.33761
0.2385
0.039701
0.39599
0.11577
0.2281
0.31356
0.36525
0.38983
0.2792
0.027785
0.39517
0.088217
0.38343
0.35472
0.04554
0.34168
0.31182
0.30404
0.39958
0.13894
0.25062
0.36498
0.37769
0.19815
0.30428
0.29903
0.3996
0.43109
0.13738
0.38492
0.30838
0.3969
0.39658
0.31743
0.33668
0.18309
0.39443
