-1.1957
-0.36703
-1.0582
1.5943
0.07846
-0.67194
0.13359
-0.82551
-0.85358
-0.85375
-2.1177
-1.2121
1.0285
-1.4271
-0.51261
-0.74588
-0.6853
0.55447
-1.1939
1.644
-1.7076
0.75372
0.44707
1.4062
-1.1762
0.87181
-1.6454
0.089557
-1.508
-0.89117
0.19489
0.33506
-0.22494
1.1418
-1.0622
-1.5661
1.0115
-0.037617
1.1565
1.0551
1.1533
-1.7149
-0.011759
1.7549
1.2109
-0.50021
0.94261
0.63387
0.65065
1.3323
-1.2101
1.4779
-0.8757
-1.2182
-0.61118
-0.96766
-0.18169
-1.3387
0.24782
-1.0859
-2.5386
-0.44849
-0.86276
-1.3793
-0.044565
0.73035
-1.4987
-1.6894
1.508
-0.54682
1.3305
0.8114
-0.72354
1.2404
-0.92761
-1.9848
-1.6087
-1.7055
-0.14895
2.0168
1.1216
-0.99576
-0.5219
-1.2843
-0.58962
0.9041
-1.3912
-1.3522
1.6
-1.0373
-0.95908
1.3645
-0.18359
1.214
0.14338
-0.44044
0.94747
-0.90955
-1.3434
1.313
-1.3156
0.37238
0.42478
1.8424
1.8884
-1.004
0.5161
1.2088
0.28329
-2.4881
-1.5015
1.538
1.3217
0.72901
0.59189
-0.49414
-1.6746
-1.6046
0.87446
1.7142
1.91
-1.6935
1.5361
2.0504
-2.5543
0.91705
-1.1377
-0.8047
-1.3116
-0.5879
-1.5413
1.0073
1.3666
0.88411
-0.77141
0.26567
-0.29061
2.073
-0.095093
-0.032488
-1.4415
-2.0284
0.59598
-1.4638
-1.6405
-1.8324
1.9052
1.2459
-1.1737
1.732
1.339
-1.457
0.91598
0.99972
1.8373
-1.0996
-1.6389
-1.3835
-1.3933
-0.79893
1.3621
0.21888
-0.25608
2.071
-0.69238
1.4217
-0.93126
1.1952
1.2174
-1.4003
1.9827
0.64662
-1.4626
1.9103
-1.3229
-0.86702
-1.0232
1.1108
-0.045512
-0.12
1.737
0.81619
1.1111
0.91414
-1.0585
-0.40265
1.7126
-0.89754
2.2202
-0.033743
1.5465
0.99152
0.18722
0.26781
-1.9147
1.1836
-1.0913
0.73896
0.49119
-0.29996
2.0727
1.0588
0.24379
0.33794
0.74026
-0.63981
-0.71939
0.9956
-1.4778
1.3947
-0.8915
0.085406
0.031533
-1.6571
-1.4353
1.5287
0.93734
-0.52614
0.4318
1.1763
1.9669
-0.43686
-0.55334
-1.4074
0.86621
1.9953
-0.83364
1.2335
-0.31842
-1.1513
0.78906
2.0201
1.9777
-0.83313
0.11959
2.1827
-0.77104
-1.3084
1.3237
-1.1117
0.20872
1.3206
1.7551
1.8683
1.1625
-0.026136
-0.62956
-1.171
-1.1342
-1.3233
1.309
1.9755
-0.13237
2.0403
-0.84373
2.0564
-0.47947
1.5138
-1.4192
1.4325
-1.4579
1.7524
0.89373
1.0513
-0.12536
0.36976
0.39563
-1.4502
-1.7005
1.2392
-0.24162
-1.1575
-1.2096
1.3361
-0.36405
-0.63913
-1.7934
-1.1398
-0.61427
1.5797
0.98447
0.9258
-1.1235
0.092177
0.32716
-0.50348
0.17879
0.83024
0.99995
1.5308
0.98925
-0.76779
0.4469
-1.2702
-1.2051
1.1278
0.67285
-1.6615
0.47132
-0.42081
-1.9111
1.6366
0.77649
1.1293
0.89779
-1.3363
1.6786
-0.87489
-1.2598
2.0619
-1.3079
1.8508
-2.2455
-1.0635
1.9365
-1.5147
1.5385
0.39693
-1.0955
-1.6719
1.7371
0.6516
-1.5411
1.5746
0.92601
-0.91627
-1.1
1.8722
-0.14608
-0.80715
1.689
1.3634
0.81712
-0.31823
-1.4814
0.6925
-1.6078
-1.2333
1.1188
-0.22837
-2.3553
-0.44507
-0.99233
1.7777
1.9058
1.7018
-1.2178
0.96564
-0.74385
0.029513
-0.33849
1.7396
1.92
0.16341
0.62326
-1.9457
-0.32656
-1.3499
0.69522
-2.3466
-1.217
0.97589
-0.95495
0.071027
1.8024
1.1428
-0.23885
-1.0083
0.67494
0.20198
0.78105
-1.1104
1.0178
-0.97959
0.91527
-1.6963
1.0233
2.1747
-1.971
-1.6472
1.1141
-0.80578
0.4082
-0.9762
0.92667
-1.7613
-1.1645
0.18995
-1.5471
-0.52991
-0.51878
2.5241
-1.3379
-2.8569
0.42615
0.15984
1.2161
0.71012
-1.6207
-0.7732
-1.2874
0.011958
-1.7311
-0.87378
1.6361
-1.259
-1.9467
0.19004
1.219
0.040379
1.0566
0.15674
1.5788
-1.0332
0.33462
-0.65981
0.0048043
-0.89802
-1.4726
1.7161
-0.17964
-1.3654
-0.67079
2.396
-1.9937
-1.6695
-1.5918
-1.3293
2.352
-1.3998
1.0561
-1.4084
2.0389
-1.421
-1.7487
-1.582
-1.404
1.4219
1.8381
-0.29263
0.14536
-0.13602
1.4023
-1.0498
-1.1569
-2.1972
0.17258
1.3846
-0.44452
-0.51988
1.4804
0.10166
-1.6785
0.069541
-0.7438
-0.32278
0.97402
-0.40572
-0.92841
2.194
0.9978
-0.33122
-1.3728
-1.4223
1.7549
0.065598
0.37098
1.212
-0.77293
2.2404
1.5835
-0.29575
2.4429
0.24673
1.7117
1.5879
0.60156
-0.89537
-1.2185
1.5256
-1.0371
1.5919
-1.1745
-1.4955
-0.659
-2.0259
2.1808
0.10814
-0.078719
1.4044
-1.1073
-1.668
0.80881
-0.77418
-0.30347
-0.21744
1.1809
1.5878
2.2498
-2.5546
-1.0141
-0.96855
-0.16681
-0.71246
1.6653
-1.4339
-1.4064
1.87
-1.753
1.8172
2.031
-1.8492
-0.22214
-1.9272
0.75968
1.0344
0.29518
-0.95036
1.2064
0.97737
0.41382
0.46131
0.613
0.10588
-0.43628
-0.35289
-0.41635
1.5478
2.3517
2.1056
0.84213
-1.0751
2.1991
-1.338
-3.634
-0.89486
0.25216
0.98974
0.16466
0.021073
2.2295
0.30518
0.89778
-1.9906
1.6232
-0.85393
-1.6065
1.708
1.6527
0.91593
0.32159
0.34209
-0.77058
-2.0034
-0.70028
0.021588
-0.60339
1.4335
-0.032461
0.23868
-0.22194
0.4074
-1.9689
-0.69392
1.0776
1.6564
1.1097
0.019794
1.5673
-0.79686
-0.095286
-1.2776
-1.4975
-1.2295
2.0966
-1.7194
1.4134
-0.97488
1.8638
1.6842
-0.9324
-0.26662
-0.46821
0.51373
-1.4687
-1.0854
0.15888
0.3315
-1.1639
-0.60325
1.4374
-1.2752
-1.4544
1.3747
-1.2905
-1.3947
-0.27383
1.52
-0.87835
0.22231
0.69582
1.2424
1.4197
0.71842
-0.42934
-1.0829
-0.74729
-1.1965
1.9302
-1.4114
-0.33199
1.7684
-1.2326
1.2802
-1.5107
-2.2028
-0.97407
-0.26208
-1.7581
0.1656
-0.68785
-0.83082
1.262
-1.3519
1.1853
0.5412
-1.054
1.5734
1.179
1.2047
1.1798
0.55666
1.5975
0.051902
0.20556
-1.4839
-0.96063
1.2436
-1.3369
-0.26567
1.9401
1.2979
-0.75706
-0.22104
-2.3953
-1.126
1.4462
2.1093
-1.1551
0.57049
-0.96394
-2.0805
2.2013
-1.4336
-1.0091
-0.039359
-1.9029
1.1177
0.83612
-1.2527
0.78464
-1.4152
0.8389
2.1089
-1.895
-1.3311
-0.68269
0.13379
0.68905
0.31273
-0.70739
-1.612
-0.98193
-1.9249
1.2873
2.0745
-1.4426
0.022015
1.733
-1.8209
-2.2211
-1.6426
-1.1303
0.48792
-0.34532
0.67681
-1.1835
1.1262
-0.64248
0.8398
1.4288
2.1551
-1.4898
2.0444
1.2658
-1.9193
1.6485
0.67003
-0.48642
2.1396
0.95989
-1.7176
-1.691
-1.9704
-0.82143
-2.1943
-1.174
0.38505
-0.26066
-1.0516
-1.4341
-1.2289
-1.3963
1.1859
2.2226
-0.88614
-0.67905
-0.99316
-2.0444
0.31827
1.7913
1.3821
0.80336
-0.3492
0.38062
-0.30582
1.2245
-1.6318
-1.2469
-1.5374
-0.31112
-0.31548
-0.9049
1.4389
1.2405
0.89093
1.5956
1.8786
-0.61945
-2.1865
-0.59608
0.7847
1.2459
-1.3026
-0.6216
-1.6271
0.51448
1.0486
1.3335
0.83095
1.3264
-0.10922
-1.4523
-0.87656
-1.5506
-1.1941
2.023
-1.1871
-0.37093
0.24994
-2.2662
-1.5693
1.746
0.82745
0.81355
-1.0899
0.19842
1.3136
0.48067
1.1434
0.11977
1.2656
-1.1499
-1.1362
1.3745
0.66877
0.53096
-1.4069
-0.6268
-0.46294
1.4842
1.1601
1.6012
0.11421
-0.67305
0.86061
-0.93789
1.0705
0.70104
1.2592
-0.46775
1.7632
-1.5665
1.2861
-1.3212
-1.453
-1.383
2.031
-0.85332
-2.1779
-1.1226
-0.45881
0.077645
-1.3295
0.098369
-0.057624
0.81509
0.98557
0.78684
-1.6848
0.0024895
-0.98388
-1.8294
-2.0467
-3.096
2.1831
-1.6611
-0.088749
1.4292
-0.35021
-1.0781
1.6852
-0.29275
0.19424
1.5693
1.9886
1.6245
-1.5042
0.37845
-1.0241
1.8332
1.4249
-1.057
-1.2771
-1.221
-0.65624
0.66833
-1.6384
0.89746
0.070444
-2.4479
-1.4023
2.2882
-1.2095
1.3764
-1.3035
-0.70796
0.94903
0.022278
-1.3491
0.5561
-0.80199
-0.016278
0.24827
2.3174
0.93237
-0.22542
-0.028339
-0.31156
1.532
1.9251
0.062301
1.3015
1.1887
-2.0481
1.5454
0.50039
-2.6097
0.94384
0.85928
-0.39496
-0.44307
-0.074409
1.9805
-1.8012
0.85195
-0.99775
2.1095
0.63306
1.1162
-1.0189
-1.1173
-0.63714
0.77183
-1.5418
1.8374
-0.8332
0.75708
1.3194
0.2027
0.39951
0.59849
1.0605
0.97539
1.637
1.0003
-1.1792
0.053766
-0.30391
1.6019
-1.3568
0.073192
-1.1334
1.2008
-1.5485
-0.37099
-1.3551
2.2476
1.6336
1.3937
1.1091
2.0761
-0.99644
-1.1089
-0.067386
-1.9592
1.6071
-1.4476
0.73836
0.12504
0.55646
1.5143
-0.90211
-0.40835
-0.89029
1.5237
-0.0041252
0.62082
-0.34069
-0.046448
-1.4154
-2.321
2.0186
0.61868
-1.2387
1.2347
1.1302
1.4448
-0.90161
0.029967
1.5293
0.17373
-1.4599
1.1036
-1.4113
1.7141
1.3771
-0.94912
1.3275
0.57042
-1.101
-2.2996
-1.1645
0.958
-1.3974
-0.48581
-1.1374
1.8043
1.716
1.7434
-1.8575
1.8974
1.3742
2.3363
-1.2016
-0.96
-0.81932
1.7369
0.52006
-0.34369
-2.8136
0.14229
0.25964
0.61077
-1.0284
1.3199
-1.5278
1.0916
-0.85803
-0.99597
-1.1364
-1.1207
0.57426
1.0813
1.4161
0.96769
-0.037179
-0.39737
0.4228
-1.2089
-1.7316
0.10643
-0.98195
1.028
-2.2842
0.36474
-1.0595
-0.27368
0.81944
1.5881
