1.4724
1.8059
1.4657
0.39606
1.5326
0.65585
1.7564
-0.56819
-0.8182
1.5398
1.1803
0.035425
2.4072
0.36775
1.76
-0.36667
-0.52497
-0.63788
1.2557
-0.74245
-0.49827
-1.2097
-0.92604
0.86804
0.076473
0.14919
0.46756
1.4712
2.0337
-0.52159
1.1961
-0.093857
-0.22459
0.68843
-2.2514
-0.13616
0.79348
2.8104
-0.42142
-0.19966
0.50416
1.2547
1.8543
0.6883
-0.26889
-1.5758
1.5365
1.3127
2.2365
1.1862
0.19524
0.6215
1.4286
0.1782
0.50087
-0.3931
1.6455
1.0412
2.0464
-0.063139
0.41508
1.7309
0.85966
-0.72324
0.45557
2.057
0.25317
1.7126
1.7088
-0.50686
-0.30205
-0.90235
0.38107
1.3822
-1.1515
-0.9563
1.7789
0.27448
-0.11737
0.11643
1.9048
1.2532
-1.0861
0.21761
-1.0397
1.4566
1.7357
1.7191
1.5399
1.7666
-0.33759
0.68462
-0.11532
1.3069
0.89633
0.43509
-0.057107
-1.287
-1.2472
0.50852
-1.2762
0.00078017
1.1892
0.6876
1.0864
-1.078
1.4506
-0.066015
1.2675
-0.13103
0.87651
1.5868
1.0414
0.34679
1.631
-0.34402
1.7916
-1.0692
0.63555
0.045056
1.494
0.31613
0.64687
0.28511
0.67484
0.23301
-1.0256
-0.41502
1.2019
0.11308
-0.69904
-1.1631
0.077879
-1.1007
1.0499
1.9039
1.6931
1.7215
1.0957
0.31058
-0.63412
1.2176
0.47529
-1.8764
-0.47181
-0.1228
-0.43717
0.61503
1.3014
0.51262
0.86202
2.6005
-0.96789
-0.96911
-1.6324
1.6899
1.0982
0.58506
-1.1983
0.3748
-1.0207
-0.49705
1.138
-0.87213
1.323
-0.67746
1.4783
-1.289
1.0103
-1.6639
0.053049
1.59
1.5746
0.88841
1.5525
1.6343
1.2629
1.1802
1.2392
2.1059
-0.28597
1.2021
0.11962
-1.2144
1.874
0.0085853
0.79317
-1.6831
0.44198
0.81766
1.4997
1.9798
-0.26141
0.62629
-0.44928
1.6655
0.55375
1.2007
-1.1062
0.58389
-0.1505
0.086301
-1.6834
-1.6096
-1.1182
2.051
-1.5612
2.113
-1.1166
-1.0217
-0.57805
-0.8582
-1.3496
0.32203
0.47221
-0.30204
0.31964
1.7623
-0.66345
-0.4914
1.412
-0.43728
0.35261
0.0024064
-0.6739
-0.88616
-0.066986
0.19383
1.9109
-0.22411
-0.20853
0.86816
0.74325
1.2455
-0.15631
-0.93997
-1.3772
0.76655
-0.20276
1.5934
1.5248
1.0177
0.086495
2.3047
0.28752
-0.93373
1.7668
-0.067989
-0.055814
1.5634
-0.49094
-1.1479
-1.0662
0.35582
1.0622
-0.14272
1.5457
0.11773
-1.4867
-0.090347
1.6496
1.0268
-0.37157
2.0328
0.95537
1.5519
0.7688
1.0542
-0.94184
0.43012
-0.029597
1.6495
1.7644
-0.99605
1.1427
1.4476
2.2003
1.644
0.65834
1.9241
-0.038057
-2.1203
-0.045438
1.1415
0.84496
0.17232
-1.8987
-1.113
-1.0032
1.0592
1.1265
1.3529
0.16383
-0.6601
-0.92596
-0.23038
1.34
0.54541
0.35737
0.085306
1.7819
-1.6053
0.5887
1.2493
0.7757
1.1334
0.71989
0.91039
-0.20624
1.8462
-0.28078
1.304
1.1582
0.30296
0.70799
1.2607
1.8266
1.525
0.059824
0.56715
0.50869
-1.4004
-1.9266
1.4611
-1.1576
-0.53296
-0.86835
1.1911
-0.32174
-2.734
0.94488
-0.30185
0.12026
0.55992
1.2314
1.5327
2.8613
0.63329
-0.29367
1.5576
-0.73154
1.4718
0.46929
-1.7055
1.5135
0.86481
-0.26405
1.0602
-0.24151
0.16527
0.63987
1.5066
1.3512
-1.836
1.3477
-0.24934
0.1907
1.5411
-1.0607
1.1783
-0.52784
2.5882
1.5294
0.58526
-0.10951
1.898
0.16705
0.89728
0.72409
0.23394
2.0629
-2.1292
-0.08216
1.9713
1.3636
1.7053
1.1021
-1.0988
1.5067
0.99397
1.8225
1.2966
1.9381
0.35961
1.6681
1.7266
-0.29994
2.0979
0.17798
-0.64684
0.054009
-0.17112
1.4274
-0.83127
1.0093
1.6594
-0.10484
-0.15934
1.5504
-0.53354
1.5472
-1.6401
1.6728
1.1544
0.91233
0.99284
1.9829
2.1002
1.2723
-0.34134
1.5439
1.5786
-0.71895
0.16806
1.7414
1.1766
0.29374
1.5631
0.69016
0.67562
2.3163
-0.78518
-0.64383
0.05449
-1.186
1.8422
-1.4315
0.59614
0.28806
-0.53048
-2.5135
0.70035
1.5928
1.4216
1.2363
0.44008
1.3011
-0.041496
0.13415
-1.1964
0.1428
0.85339
-0.82176
0.38303
-1.5907
-0.85536
1.0904
1.027
-1.0103
-2.7987
-0.85379
0.53787
1.7969
1.2419
0.8901
1.2992
-0.37309
1.1503
0.27617
1.98
-0.56878
-0.72172
-0.5634
1.7247
-1.6654
-0.076883
0.86852
1.6563
-0.026455
-2.0053
1.4014
-0.78189
-0.67694
-1.392
1.0182
-0.13967
1.8232
1.842
-0.59954
-0.98026
1.464
1.5599
1.8432
1.7692
1.4623
0.028342
-0.6727
0.35804
0.92666
-0.38763
0.38617
1.6143
-0.10767
1.7499
0.84768
0.20497
1.4675
-0.53929
0.80565
0.99668
1.0833
0.48723
-1.8932
1.4685
1.5282
1.4104
-2.1322
1.0147
2.2134
1.6622
-0.26252
1.4193
-0.19969
0.14057
1.5942
-0.44242
0.87187
1.206
0.9807
0.14093
0.46379
0.24133
0.68919
1.6526
0.47404
-1.3872
-0.55146
-0.66237
1.9251
0.051278
-1.0243
0.12803
1.1346
1.5378
-0.10145
-1.7474
-2.267
1.2213
0.39165
0.50469
0.03647
1.2947
1.2071
0.30288
1.9459
0.29865
2.04
0.78315
1.3154
-0.42735
0.19683
-1.0549
0.91767
0.1206
0.50157
1.0936
1.5313
-0.79543
-0.91512
1.1307
-0.3758
-0.30477
1.004
0.29091
-0.89876
0.94998
1.9958
1.0178
1.4907
1.5636
0.25629
0.88272
1.9408
0.26231
-0.81384
1.7155
0.30483
1.7012
0.61671
-1.3181
1.0828
0.1605
1.4302
0.12527
0.66807
0.38416
1.2077
1.8979
0.17026
2.0272
-1.1326
-0.91574
-0.2845
0.71716
0.19217
-1.3876
0.24396
-1.8245
-1.3171
-1.1739
-0.7772
2.0871
-0.48546
0.54492
-0.14925
0.53491
-1.2363
1.4989
0.32187
-1.3886
0.67134
-0.69488
-1.3267
-0.48927
-1.9575
-1.9847
0.42358
-0.74831
-1.0942
1.2457
-1.3933
1.2366
-1.6712
-1.3332
1.5469
0.23745
-0.017125
1.516
-0.75449
-0.45806
1.5736
0.49854
0.068614
0.52126
0.44171
1.4011
-0.044729
0.9272
1.9655
-1.366
1.5249
1.9804
1.8726
-0.63155
-0.59907
2.0682
1.5011
0.4065
2.1969
-0.5231
1.3637
-0.39279
0.82477
1.7214
1.6773
1.3288
0.71083
-1.0073
1.5038
1.0832
-0.068214
-1.5015
1.5169
1.6019
1.3397
1.5808
0.019886
-1.1052
-0.095366
1.3201
-0.57733
1.204
2.0427
-0.46053
1.7469
0.85514
1.717
-1.2027
-0.64715
-0.85497
0.052179
0.52084
-0.97303
1.934
0.046551
2.3183
-0.02549
1.0446
1.543
-0.079846
1.2536
1.879
-1.535
0.72721
1.7225
1.8063
-0.3395
1.1442
-0.71448
-0.79216
1.3282
-0.62158
0.22431
1.3507
-1.6943
0.4604
0.94107
1.0382
-0.039193
1.0565
0.37476
1.4293
2.1303
-0.61242
0.014021
1.2253
1.5652
1.1406
-0.84592
-0.9858
-0.57539
2.1665
0.34287
0.59665
0.52808
0.81629
-0.88541
-1.2367
0.11036
0.99802
1.2198
-1.5481
-1.2747
0.98314
-0.17464
-2.2574
0.98879
-2.1618
0.82976
-0.85725
-0.18068
1.8173
1.9482
0.92973
-1.7734
-2.4488
-0.34631
1.2532
1.107
1.5127
-0.30715
-0.21963
1.3971
-0.896
-0.23961
-0.86623
0.033857
0.72326
1.4484
0.49277
-0.79876
0.94156
-1.19
-0.41379
-2.4262
0.50557
-0.99824
1.7668
-1.1013
1.6636
-1.2521
-0.47018
-0.89903
0.6745
-2.7732
0.87125
0.70868
0.46126
-0.16778
1.7888
1.0996
0.90357
-0.62663
-0.005194
0.54193
-0.4118
0.80012
1.2896
1.2783
2.3376
1.3979
-0.085822
0.84963
-1.023
-1.1141
-1.5704
-0.90979
0.042696
1.1125
-0.32458
-0.22416
0.25295
0.46004
2.2914
0.86786
1.4816
1.3073
0.51073
0.70493
0.40593
-1.1478
-1.7183
-0.28759
-0.37108
1.4217
0.33049
0.45416
1.0309
0.97386
-0.31442
1.8927
0.94265
1.0699
-0.25345
1.9594
-0.90931
1.6374
0.70047
-1.2117
0.018061
1.8304
0.16822
1.0652
-0.9854
0.24259
-0.69669
0.29904
1.3672
-0.85255
0.13581
-0.80239
-1.0368
0.9822
0.92448
0.28949
1.4787
1.455
-0.58231
-0.66266
1.8281
-1.1017
1.7972
2.1813
1.683
1.4761
-1.3666
1.7131
1.7351
1.2483
-0.81269
-0.67671
0.38486
-0.012007
1.7769
1.7603
1.5639
-0.2672
-0.4366
-0.76734
1.8159
0.22766
-0.76982
-0.68116
-0.9796
-1.148
-0.16267
0.046526
-0.89577
-0.42895
-0.47639
1.4346
-0.65967
2.0257
-2.4994
-1.4888
2.2663
-1.9937
0.87771
1.4081
-0.73703
-0.83329
-0.7292
-1.1143
0.96479
2.2416
0.10348
1.5509
2.137
-0.75337
1.0749
1.0447
1.0246
1.8475
-2.2282
1.3725
1.493
-0.5822
0.88762
0.60264
2.0769
1.751
0.026413
1.2295
0.76581
1.4333
0.37407
-1.2543
-0.81827
2.3527
-0.17392
-0.87158
-0.18353
0.83134
1.5754
-0.77115
0.025631
1.2639
0.041755
1.3098
0.059308
2.2342
-0.55377
1.4828
-0.21309
-1.0352
0.99996
0.67282
0.56811
-2.7742
0.9128
-1.3718
-1.768
0.68135
1.5429
-2.4144
-0.94568
1.8628
0.69122
0.44738
1.3505
1.5315
1.5168
-0.41155
-0.097674
-1.5213
0.58474
-1.0479
-1.9615
1.314
-1.3085
-0.22655
-1.5228
-0.76727
-0.068563
-0.10233
1.1325
1.5733
-0.59004
-0.77692
-1.5338
0.42947
-0.60511
-0.60936
-0.70719
-0.38281
-0.84929
1.6494
1.4599
1.776
-0.83025
-0.6475
1.0116
1.7979
0.86539
1.0214
-1.2507
-1.6766
-0.16244
-1.512
0.44615
0.68498
-0.65719
-1.6973
-2.6928
0.90542
1.1746
1.497
1.7405
-0.34135
-0.48259
