-0.929890,0.903349,0.918941,0.974767,1.008700
-0.024201,0.296767,0.294787,0.299403,0.292210
-0.830140,0.963656,0.973746,0.980833,1.090500
-0.423440,0.562182,0.553843,0.539285,0.523370
-0.921170,0.914720,0.932736,0.997678,1.023400
-0.355900,0.524568,0.528592,0.552504,0.466590
-0.837940,0.963692,0.975947,0.990238,1.091100
-0.514030,0.650334,0.623510,0.580248,0.625890
-1.155500,0.400451,0.356723,0.409600,0.405850
0.469210,0.188164,0.194972,0.217357,0.165380
-0.805690,0.960269,0.964353,0.951748,1.081300
-0.802930,0.959630,0.963174,0.948420,1.079700
0.153450,0.234047,0.233562,0.229750,0.240750
-0.250500,0.440856,0.433479,0.445026,0.396840
-0.742670,0.936993,0.939193,0.915988,1.014600
-0.992470,0.789837,0.779373,0.809995,0.868570
-0.475130,0.603282,0.582082,0.537515,0.577310
-0.399440,0.548420,0.545868,0.548619,0.501710
-0.942520,0.884750,0.895994,0.937480,0.985020
-0.494600,0.624964,0.600128,0.552534,0.600680
-0.878000,0.952831,0.973823,1.035124,1.075500
0.495520,0.187694,0.195141,0.227121,0.158900
1.076200,0.055459,0.054696,0.053019,0.039636
-0.122390,0.337129,0.327849,0.303353,0.331030
-0.910260,0.927206,0.947454,1.020274,1.039900
-0.934760,0.896470,0.910492,0.960740,0.999860
-0.652010,0.863880,0.874504,0.926736,0.856220
-1.210800,0.284609,0.231616,0.246665,0.280790
-0.935600,0.895246,0.908983,0.958261,0.998300
-1.007100,0.753524,0.735820,0.769805,0.829020
-0.692140,0.904450,0.914959,0.950531,0.930810
-0.645270,0.855520,0.864974,0.917753,0.843550
-0.831960,0.963716,0.974308,0.983006,1.090700
-0.926070,0.908480,0.925199,0.985223,1.015300
-0.990300,0.794545,0.785036,0.814517,0.874270
-0.623620,0.825775,0.829189,0.879528,0.803240
-0.544800,0.697034,0.672154,0.652279,0.669820
1.502600,0.006521,0.004213,0.000581,0.007489
-0.988220,0.799016,0.790431,0.818871,0.879680
0.505480,0.186640,0.193310,0.224781,0.156430
-0.828260,0.963562,0.973137,0.978597,1.090200
-0.718780,0.923633,0.929749,0.935629,0.977220
-0.325370,0.504875,0.508913,0.530410,0.444530
-0.660110,0.873332,0.884879,0.935764,0.871450
-0.783900,0.954131,0.955047,0.926677,1.064600
-0.692920,0.905090,0.915499,0.950424,0.932200
-0.801800,0.959355,0.962690,0.947059,1.078900
-0.890050,0.945197,0.966940,1.038486,1.064600
0.545020,0.178352,0.178179,0.186574,0.146660
-1.274400,0.181162,0.137210,0.121642,0.174560
-0.293680,0.480195,0.480598,0.491007,0.423360
-1.018000,0.731696,0.710801,0.752130,0.798490
-1.134100,0.449513,0.408720,0.446106,0.461560
-0.983160,0.809721,0.803401,0.829640,0.892650
-0.493110,0.623170,0.598564,0.550966,0.598840
-0.998640,0.776227,0.763091,0.797092,0.852130
-1.165400,0.374497,0.327648,0.376199,0.381310
-0.985530,0.801234,0.792853,0.815750,0.886600
-0.736080,0.933602,0.936747,0.920513,1.004800
-1.354500,0.103790,0.089043,0.093288,0.091162
-1.043100,0.671136,0.642188,0.673388,0.725480
-0.551100,0.707324,0.683729,0.670548,0.679420
-0.017462,0.294480,0.292436,0.292517,0.289870
-0.397990,0.547636,0.545401,0.549136,0.500460
-1.014900,0.738986,0.719256,0.760086,0.807280
-0.559590,0.721433,0.700034,0.696371,0.692690
-0.481000,0.605719,0.582360,0.531765,0.584170
-0.900890,0.936372,0.957752,1.032729,1.052300
-0.918350,0.918134,0.936816,1.004258,1.027900
-0.569170,0.737564,0.719216,0.726518,0.708090
-1.000100,0.772961,0.759203,0.793996,0.848210
-0.297900,0.483729,0.484777,0.496325,0.426090
-0.431270,0.567176,0.556819,0.536558,0.530860
-0.800850,0.959119,0.962282,0.945916,1.078300
-0.100590,0.326135,0.319644,0.311132,0.321590
0.177180,0.223430,0.221679,0.226498,0.234940
-0.345360,0.518184,0.522664,0.547605,0.458770
-0.742570,0.936943,0.939156,0.916047,1.014500
-0.997970,0.777720,0.764870,0.798506,0.853930
-0.253970,0.444162,0.437421,0.448584,0.398890
-0.467770,0.596062,0.576513,0.534615,0.568940
-1.151500,0.409478,0.366385,0.418013,0.415880
-0.303460,0.488273,0.490107,0.503475,0.429730
-0.200150,0.393518,0.379599,0.371613,0.368810
-1.113300,0.498787,0.459900,0.470845,0.519060
-0.422130,0.561376,0.553372,0.539779,0.522140
-0.495700,0.626302,0.601302,0.553741,0.602060
-0.655110,0.867575,0.878614,0.930420,0.862050
-0.863370,0.959207,0.977862,1.021585,1.084900
-0.736000,0.933560,0.936717,0.920575,1.004700
-0.745660,0.938465,0.940289,0.914388,1.018900
-1.048200,0.658603,0.628348,0.654695,0.710470
-1.133500,0.447055,0.405037,0.437690,0.463170
-0.921060,0.914855,0.932898,0.997943,1.023600
-0.798110,0.958410,0.961103,0.942634,1.076400
0.129050,0.244124,0.243994,0.243658,0.246890
-0.934200,0.897280,0.911490,0.962384,1.000900
-0.202140,0.395296,0.381496,0.375103,0.369870
-0.417120,0.558367,0.551628,0.541727,0.517480
-0.378470,0.537187,0.538648,0.545128,0.484190
-0.901910,0.935444,0.956737,1.031711,1.051000
-0.891820,0.943884,0.965638,1.038162,1.062700
-0.865410,0.958498,0.977559,1.023870,1.083800
-0.797560,0.958263,0.960866,0.941978,1.076000
-1.223500,0.260992,0.207336,0.212861,0.256370
-0.827730,0.963530,0.972961,0.977968,1.090100
-0.688030,0.900990,0.911982,0.950711,0.923340
-0.655370,0.867880,0.878951,0.930716,0.862550
-1.133500,0.447055,0.405037,0.437690,0.463040
-0.577450,0.751564,0.736260,0.752807,0.721770
-0.254960,0.445103,0.438544,0.449581,0.399480
0.354720,0.170548,0.162137,0.147287,0.193080
-0.709910,0.917822,0.925543,0.942769,0.962210
1.048500,0.055113,0.053969,0.054814,0.043323
-0.249770,0.440159,0.432650,0.444262,0.396420
-1.008000,0.755009,0.737985,0.776606,0.826670
-0.803740,0.959822,0.963521,0.949397,1.080200
0.094363,0.257047,0.256257,0.264540,0.255980
-0.356330,0.524821,0.528815,0.543564,0.466920
-1.077400,0.586416,0.550811,0.548616,0.623470
0.047573,0.272899,0.270662,0.258355,0.269170
0.164770,0.229074,0.228108,0.227127,0.237960
0.589200,0.164947,0.158523,0.135751,0.135760
-0.806110,0.960362,0.964531,0.952254,1.081600
0.178120,0.222995,0.221174,0.226498,0.234710
-1.377200,0.089241,0.077992,0.095979,0.075480
-0.205330,0.398174,0.384591,0.380693,0.371560
-1.063500,0.620803,0.587313,0.597114,0.664790
-0.862930,0.959352,0.977917,1.021081,1.085100
-0.546930,0.700493,0.676013,0.658354,0.673040
0.440840,0.185237,0.187943,0.192074,0.172330
-1.064900,0.617337,0.583601,0.591942,0.660840
-0.864090,0.958963,0.977764,1.022402,1.084500
-1.011500,0.746918,0.728503,0.768415,0.816870
-0.026353,0.297501,0.295533,0.301488,0.292960
-1.034200,0.692863,0.666470,0.704168,0.751560
0.078334,0.262607,0.261282,0.266073,0.260370
0.699480,0.138643,0.139467,0.149822,0.109290
-1.370000,0.093650,0.081617,0.096389,0.080180
-1.043200,0.670891,0.641916,0.673028,0.725320
-0.356320,0.524815,0.528810,0.543561,0.466910
-0.086211,0.319763,0.314923,0.316949,0.315620
-0.998920,0.775602,0.762346,0.796501,0.851390
-0.827790,0.963534,0.972981,0.978039,1.090100
-0.639240,0.847666,0.855772,0.908571,0.832260
-0.523720,0.664276,0.637313,0.599357,0.639190
0.517840,0.184696,0.189711,0.217019,0.153380
-0.905420,0.932120,0.953047,1.027570,1.046500
-0.355300,0.524215,0.528277,0.552303,0.466140
0.368040,0.171957,0.164332,0.151505,0.189910
-1.134700,0.448113,0.407253,0.445327,0.459940
-0.332820,0.510033,0.514429,0.537949,0.449750
-1.282500,0.170812,0.129963,0.111351,0.163870
-0.872510,0.955582,0.975862,1.030947,1.079500
-0.028936,0.298386,0.296426,0.303894,0.293870
-0.978580,0.819184,0.814932,0.839737,0.904140
-0.146530,0.351637,0.339478,0.305293,0.342060
-1.239300,0.233557,0.180752,0.178142,0.228230
0.208640,0.208556,0.203752,0.221170,0.227410
-1.038300,0.679253,0.650535,0.681388,0.739610
-0.537870,0.685948,0.660006,0.633340,0.659480
-0.754950,0.942800,0.943694,0.911674,1.031700
-0.848580,0.962738,0.977889,1.003468,1.090000
0.179840,0.222197,0.220244,0.226500,0.234300
0.753370,0.125027,0.126014,0.136913,0.097029
-0.988550,0.798310,0.789577,0.818178,0.878830
-1.182800,0.340948,0.292215,0.333943,0.340360
-0.774360,0.950760,0.951137,0.918246,1.055000
-0.971350,0.833654,0.832673,0.856654,0.921790
-1.142800,0.429346,0.387498,0.433640,0.438410
0.035923,0.276743,0.274315,0.256761,0.272660
-0.466360,0.594738,0.575518,0.534212,0.567370
-0.962680,0.850187,0.853081,0.878859,0.942040
-0.636890,0.844513,0.852019,0.904693,0.827870
0.443220,0.185594,0.188721,0.194337,0.171750
-0.781430,0.953294,0.954019,0.924251,1.062300
-0.662590,0.876096,0.887821,0.938137,0.876110
-0.367570,0.531233,0.534190,0.554700,0.475540
-1.075800,0.590369,0.554972,0.553795,0.628210
-1.033000,0.695775,0.669753,0.708096,0.755160
-0.634730,0.841569,0.848488,0.900978,0.823840
-0.670720,0.884728,0.896703,0.944569,0.891340
-1.038500,0.682392,0.654722,0.689638,0.739110
0.685730,0.141431,0.141003,0.145873,0.112500
-0.155500,0.357726,0.344710,0.310540,0.346320
-0.237830,0.428720,0.419145,0.430682,0.389520
-0.679890,0.893692,0.905379,0.949177,0.908380
-0.205700,0.398509,0.384954,0.381340,0.371760
-0.700910,0.911358,0.920604,0.948032,0.946510
-0.428070,0.565095,0.555567,0.537620,0.527770
-1.210300,0.285566,0.232619,0.248100,0.281780
-0.744800,0.938046,0.939974,0.914815,1.017700
-1.051800,0.649730,0.618622,0.641206,0.699630
-0.709900,0.917815,0.925538,0.942776,0.962210
-0.713270,0.920085,0.927203,0.940240,0.967960
-0.782560,0.953680,0.954488,0.925343,1.063400
-0.643340,0.853044,0.862097,0.914933,0.839930
-1.014200,0.740625,0.721162,0.761833,0.809110
-1.135500,0.446249,0.405299,0.444272,0.457740
-0.623930,0.826229,0.829751,0.880181,0.803820
-1.412300,0.069536,0.057934,0.076101,0.056358
-0.228320,0.419626,0.408586,0.417989,0.384140
-0.761270,0.945551,0.946051,0.912002,1.039800
-0.682150,0.895779,0.907311,0.949852,0.912550
-0.715760,0.921713,0.928379,0.938216,0.972180
1.179400,0.054981,0.055653,0.057576,0.027855
-0.474830,0.602977,0.581842,0.537370,0.576970
-0.798800,0.958592,0.961400,0.943458,1.076900
0.918550,0.065702,0.057624,0.043269,0.063828
0.453620,0.186937,0.191783,0.204202,0.169200
-1.042300,0.673097,0.644365,0.676261,0.727880
-0.694710,0.906540,0.916709,0.950092,0.935430
-0.817760,0.962496,0.969317,0.966182,1.087200
-1.030900,0.700859,0.675501,0.714830,0.761400
0.743610,0.127938,0.129578,0.142105,0.099205
0.095944,0.256488,0.255746,0.264049,0.255560
-0.913650,0.923535,0.943191,1.014115,1.035000
-0.520540,0.659613,0.632625,0.592696,0.634760
0.109040,0.251755,0.251364,0.257795,0.252080
-0.710880,0.918483,0.926032,0.942066,0.963890
-0.793700,0.957186,0.959206,0.937432,1.073100
1.111900,0.055888,0.055401,0.046105,0.035210
0.510580,0.185920,0.191992,0.222200,0.155170
-1.040500,0.677504,0.649267,0.682655,0.733120
-0.197170,0.390878,0.376808,0.366405,0.367240
0.503840,0.186846,0.193681,0.225415,0.156840
-0.291670,0.478488,0.478571,0.488524,0.422070
-0.658840,0.871894,0.883331,0.934477,0.869060
-1.082400,0.574079,0.537873,0.533306,0.608760
-0.957700,0.859249,0.864316,0.892582,0.953230
-0.493200,0.623278,0.598658,0.551058,0.598940
0.076702,0.263163,0.261782,0.265903,0.260820
-0.486090,0.615020,0.591616,0.544551,0.590240
0.198570,0.213361,0.209667,0.224968,0.229800
-0.891110,0.944417,0.966169,1.038320,1.063500
-0.990830,0.793399,0.783656,0.813411,0.872870
-0.383170,0.539707,0.540387,0.553389,0.488010
-0.895700,0.940833,0.962514,1.036626,1.058500
-1.426900,0.061909,0.048539,0.062816,0.049900
-0.589380,0.771608,0.761145,0.789901,0.742030
-0.246640,0.437165,0.429096,0.440913,0.394590
-0.312560,0.495427,0.498366,0.515174,0.435780
-0.443750,0.575899,0.562304,0.533443,0.543270
-1.222100,0.263529,0.209892,0.216326,0.259000
-1.065600,0.615605,0.581748,0.589374,0.658580
-0.827070,0.963487,0.972738,0.977186,1.089900
-0.569790,0.738612,0.720480,0.728487,0.709110
-0.409680,0.554075,0.549161,0.544696,0.510720
-0.438120,0.571836,0.559700,0.534615,0.537600
0.208040,0.208842,0.204107,0.221480,0.227550
0.739920,0.128981,0.130791,0.143821,0.100030
-0.188310,0.383215,0.368886,0.351334,0.362630
-0.140980,0.348063,0.336506,0.303379,0.339470
0.219050,0.203618,0.197607,0.213934,0.224940
-0.393890,0.545431,0.544064,0.550517,0.496950
-0.711320,0.918781,0.926251,0.941739,0.964640
-0.728000,0.929152,0.933622,0.927340,0.992230
-0.527150,0.669396,0.642542,0.606958,0.644010
0.507970,0.186303,0.192697,0.223635,0.155820
0.423930,0.182284,0.181910,0.177031,0.176450
-0.939390,0.889588,0.901990,0.946937,0.991130
-0.865760,0.958371,0.977499,1.024253,1.083600
0.221250,0.202584,0.196318,0.211954,0.224420
-1.346400,0.109521,0.092816,0.090410,0.097509
-0.955150,0.863760,0.869918,0.899854,0.958800
-1.070000,0.604714,0.570145,0.573550,0.645610
0.498810,0.187398,0.194649,0.226748,0.158080
-0.599460,0.788220,0.782039,0.819498,0.759630
-0.468830,0.597070,0.577276,0.534949,0.570140
-0.563610,0.728184,0.707996,0.708936,0.699100
-0.507240,0.641059,0.614694,0.568979,0.616860
0.041955,0.274754,0.272410,0.257260,0.270840
-0.003527,0.289801,0.287555,0.277919,0.285170
-0.915730,0.921189,0.940436,1.009934,1.031900
-1.135900,0.445317,0.404321,0.443738,0.456720
0.953650,0.059280,0.054013,0.042245,0.057776
0.459230,0.187496,0.193151,0.209288,0.167830
-1.186800,0.332578,0.283101,0.321184,0.331300
-0.336790,0.512684,0.517179,0.541444,0.452570
-0.977760,0.820855,0.816974,0.841591,0.906180
-0.699350,0.910175,0.919665,0.948680,0.943740
-0.625810,0.828971,0.833136,0.884071,0.807280
-0.806620,0.960474,0.964747,0.952869,1.081900
-0.627720,0.831727,0.836524,0.887906,0.810820
-0.318470,0.499877,0.503395,0.522480,0.439790
-0.814470,0.961987,0.968007,0.962276,1.085900
0.190780,0.217062,0.214154,0.226190,0.231660
-0.766350,0.947650,0.947988,0.913572,1.046000
-1.126200,0.468063,0.428078,0.455643,0.483160
-0.639040,0.847400,0.855456,0.908248,0.831880
0.996460,0.055691,0.052824,0.045273,0.050911
-0.106860,0.329117,0.321841,0.308485,0.324250
-1.045200,0.665981,0.636481,0.665764,0.719380
-0.019197,0.295067,0.293043,0.294329,0.290470
0.233550,0.196907,0.189263,0.198273,0.221530
-0.681360,0.895055,0.906645,0.949637,0.911100
0.267630,0.182935,0.172739,0.151646,0.213550
-0.830800,0.963681,0.973953,0.981620,1.090600
-0.100240,0.325972,0.319525,0.311282,0.321440
-0.340530,0.515121,0.519648,0.544371,0.455260
-0.897580,0.939268,0.960866,1.035462,1.056300
-0.905250,0.932286,0.953233,1.027793,1.046700
-0.443390,0.575632,0.562131,0.533505,0.542910
-0.202520,0.395638,0.381861,0.375769,0.370060
-0.889940,0.945277,0.967018,1.038499,1.064700
-0.540090,0.689470,0.663827,0.639260,0.662760
-0.612730,0.809326,0.808652,0.854649,0.783360
-0.535130,0.681643,0.655385,0.626238,0.655470
-0.576390,0.749773,0.734062,0.749450,0.720010
0.293880,0.175107,0.164695,0.131174,0.207410
-0.314070,0.496579,0.499677,0.517074,0.436800
-0.570120,0.739170,0.721154,0.729535,0.709640
0.517220,0.184810,0.189923,0.217526,0.153530
-0.914590,0.922484,0.941959,1.012262,1.033600
-0.721070,0.925051,0.930751,0.933599,0.981020
-0.957270,0.860016,0.865268,0.893797,0.954180
-0.064266,0.311015,0.308053,0.320992,0.306920
-0.644930,0.855086,0.864472,0.917264,0.842920
-0.217470,0.409370,0.396931,0.401337,0.378130
0.009922,0.285327,0.282903,0.266034,0.280770
-0.659320,0.872439,0.883919,0.934969,0.869970
-0.748840,0.939990,0.941451,0.913054,1.023400
-0.719210,0.923902,0.929940,0.935252,0.977940
-0.680150,0.893934,0.905605,0.949264,0.908860
0.498500,0.187429,0.194700,0.226800,0.158160
-0.309470,0.493038,0.495630,0.511236,0.433710
-0.898800,0.938221,0.959750,1.034556,1.054900
-0.553780,0.711752,0.688795,0.678571,0.683570
-0.370490,0.532848,0.535450,0.554782,0.477830
-0.074645,0.315030,0.311295,0.320148,0.310980
-1.171700,0.364667,0.318048,0.367866,0.365990
0.124920,0.245744,0.245594,0.246704,0.247950
-0.756230,0.943370,0.944168,0.911594,1.033400
-1.176500,0.354325,0.306791,0.353562,0.354750
-0.002376,0.289416,0.287153,0.276773,0.284780
-0.963390,0.848868,0.851449,0.876958,0.940420
0.216710,0.204722,0.198984,0.215869,0.225500
-0.820990,0.962918,0.970557,0.970002,1.088300
-0.634010,0.840578,0.847295,0.899707,0.822500
0.454570,0.187040,0.192030,0.205081,0.168970
-0.443980,0.576070,0.562416,0.533405,0.543510
0.817790,0.101106,0.093825,0.097496,0.083214
-0.865070,0.958620,0.977615,1.023496,1.084000
-0.473450,0.601588,0.580754,0.536732,0.575380
-0.825420,0.963363,0.972169,0.975234,1.089600
-1.124600,0.471846,0.432009,0.457476,0.487370
-0.745710,0.938490,0.940307,0.914364,1.019000
-0.766020,0.947517,0.947861,0.913436,1.045600
1.042600,0.055069,0.053798,0.054234,0.044148
-0.376170,0.535946,0.537760,0.554483,0.482340
-0.031406,0.299235,0.297275,0.306082,0.294750
1.260500,0.046959,0.046587,0.047211,0.020637
-0.864230,0.958915,0.977744,1.022559,1.084400
-0.683170,0.896705,0.908158,0.950094,0.914440
0.659740,0.146650,0.143466,0.132692,0.118650
-0.726180,0.928102,0.932889,0.928979,0.989320
0.929310,0.063353,0.056184,0.042416,0.061932
-0.427400,0.564667,0.555311,0.537852,0.527130
-0.652730,0.864747,0.875474,0.927617,0.857570
0.546360,0.177981,0.177540,0.184838,0.146330
1.187200,0.054609,0.055412,0.058025,0.027086
-0.791330,0.956488,0.958191,0.934705,1.071200
0.258380,0.186381,0.176624,0.163605,0.215710
-0.936420,0.894041,0.907495,0.955829,0.996770
0.105820,0.252936,0.252469,0.259662,0.252920
-0.908560,0.928976,0.949485,1.023042,1.042300
-0.902860,0.934564,0.955769,1.030687,1.049900
-0.675450,0.889452,0.901349,0.947313,0.900160
-0.696380,0.907869,0.917802,0.949675,0.938430
-0.225280,0.416735,0.405271,0.413545,0.382440
-0.280970,0.469151,0.467414,0.476007,0.415300
-1.073500,0.596055,0.560972,0.561455,0.635180
0.500220,0.187256,0.194404,0.226468,0.157730
-1.064700,0.617833,0.584131,0.592679,0.661230
-0.294380,0.480786,0.481299,0.491880,0.423810
-0.540670,0.690395,0.664837,0.640830,0.663630
-1.081300,0.576791,0.540711,0.536555,0.611940
-0.834760,0.963747,0.975118,0.986374,1.091000
-0.917240,0.919442,0.938370,1.006717,1.029600
-0.582930,0.757256,0.743142,0.761177,0.731000
-0.854460,0.961660,0.978305,1.010850,1.088500
-0.543410,0.694789,0.669666,0.648375,0.667720
-0.661340,0.874711,0.886352,0.936964,0.873770
-0.255730,0.445834,0.439418,0.450351,0.399930
-1.025000,0.715054,0.691657,0.732759,0.778480
0.041188,0.275007,0.272651,0.257153,0.271070
-0.662920,0.876459,0.888204,0.938438,0.876730
-0.106030,0.328714,0.321544,0.308827,0.323900
-0.270500,0.459662,0.456011,0.464947,0.408820
0.546730,0.177878,0.177364,0.184357,0.146240
-0.851910,0.962178,0.978189,1.007657,1.089200
-0.486520,0.615505,0.592022,0.544899,0.590770
-0.703790,0.913492,0.922270,0.946619,0.951580
-0.858520,0.960669,0.978274,1.015855,1.087000
-1.019600,0.727913,0.706430,0.747879,0.793920
-0.181020,0.377138,0.362805,0.339808,0.358910
-0.074899,0.315130,0.311374,0.320101,0.311080
0.387380,0.175048,0.169160,0.156985,0.185280
-0.623510,0.825613,0.828989,0.879296,0.803040
-0.938390,0.891103,0.903864,0.949943,0.993050
-1.372400,0.092162,0.080424,0.096403,0.078550
-1.138600,0.439046,0.397731,0.439995,0.449460
-0.784070,0.954188,0.955118,0.926849,1.064800
-0.640740,0.849652,0.858119,0.910958,0.835070
-0.349550,0.520769,0.525126,0.549904,0.461850
-0.303420,0.488241,0.490070,0.503423,0.429700
0.089901,0.258615,0.257682,0.265591,0.257190
0.702990,0.137906,0.138997,0.150348,0.108470
-1.125900,0.468772,0.428815,0.455988,0.483890
-0.233950,0.425003,0.414807,0.425724,0.387310
-0.948480,0.875132,0.884050,0.919494,0.972950
-0.853350,0.961896,0.978267,1.009463,1.088800
-0.903470,0.933992,0.955135,1.029992,1.049100
0.189800,0.217526,0.214711,0.226267,0.231900
-0.940840,0.887365,0.899237,0.942562,0.988320
-0.849210,0.962642,0.977958,1.004260,1.089900
0.588170,0.165266,0.158903,0.136624,0.136020
-0.596540,0.783450,0.776025,0.811144,0.754480
-0.586950,0.767550,0.756071,0.782485,0.737850
-0.270610,0.459763,0.456133,0.465058,0.408890
0.496020,0.187653,0.195073,0.227090,0.158770
-0.802470,0.959519,0.962977,0.947866,1.079400
-0.960780,0.853683,0.857412,0.884015,0.946360
-0.411180,0.554926,0.549650,0.544098,0.512070
-0.617850,0.817170,0.818484,0.866818,0.792660
-1.169200,0.370104,0.323955,0.375022,0.372120
-0.697970,0.909112,0.918812,0.949182,0.941280
-0.378460,0.537182,0.538644,0.545129,0.484180
-0.861750,0.959730,0.978047,1.019712,1.085600
-0.332330,0.509701,0.514081,0.537492,0.449400
-0.724890,0.927346,0.932361,0.930147,0.987240
0.193690,0.215683,0.212490,0.225873,0.230970
-1.037000,0.682427,0.654090,0.685848,0.743420
-0.716590,0.922247,0.928762,0.937518,0.973570
-0.693170,0.905294,0.915671,0.950385,0.932660
-0.172420,0.370261,0.356155,0.327765,0.354590
-0.209810,0.402263,0.389046,0.388472,0.373970
-0.239070,0.429909,0.420538,0.432205,0.390220
0.101230,0.254599,0.254012,0.261972,0.254140
-1.054200,0.643805,0.612160,0.632138,0.692590
-0.793440,0.957110,0.959095,0.937130,1.072900
-0.025329,0.297152,0.295179,0.300504,0.292600
-1.033700,0.694077,0.667838,0.705812,0.753170
-0.627030,0.830735,0.835306,0.886534,0.809550
-0.574540,0.746645,0.730235,0.743581,0.716920
-0.538750,0.687341,0.661513,0.635669,0.660780
-0.422320,0.561493,0.553440,0.539707,0.522320
-0.388030,0.542301,0.542096,0.552241,0.492030
-0.792530,0.956845,0.958704,0.936079,1.072200
0.101640,0.254451,0.253876,0.261784,0.254040
-0.623790,0.826024,0.829497,0.879886,0.803560
-0.152980,0.355977,0.343184,0.308791,0.345110
0.736590,0.129896,0.131820,0.145232,0.100780
-0.859800,0.960313,0.978206,1.017400,1.086500
-0.882780,0.950070,0.971499,1.037531,1.071500
-1.175400,0.352730,0.303962,0.347624,0.357290
-0.428620,0.565449,0.555778,0.537431,0.528310
-0.601640,0.791754,0.786500,0.825602,0.763480
-0.930130,0.903018,0.918537,0.974092,1.008200
0.081545,0.261508,0.260294,0.266246,0.259480
1.170600,0.055318,0.055819,0.056262,0.028737
-0.246120,0.436667,0.428506,0.440344,0.394290
0.806640,0.105656,0.099856,0.104109,0.085531
-0.607120,0.800529,0.797573,0.840394,0.773250
-0.761920,0.945825,0.946296,0.912138,1.040600
-0.384310,0.540316,0.540795,0.553146,0.488950
-0.702370,0.912448,0.921459,0.947350,0.949080
-0.913420,0.923790,0.943490,1.014559,1.035400
-0.410000,0.554256,0.549265,0.544569,0.511010
0.021113,0.281626,0.279130,0.259588,0.277220
0.662600,0.146059,0.143177,0.134286,0.117970
0.052497,0.271270,0.269146,0.259660,0.267720
-0.672820,0.886852,0.898812,0.945881,0.895250
0.373530,0.172726,0.165513,0.153017,0.188600
-0.914440,0.922652,0.942157,1.012562,1.033800
-0.604530,0.796403,0.792367,0.833504,0.768620
-1.044600,0.667455,0.638110,0.667954,0.721030
-1.455200,0.047810,0.030247,0.037280,0.039494
-0.900000,0.937168,0.958616,1.033550,1.053400
-0.515160,0.651918,0.625046,0.582293,0.627420
-1.003100,0.766197,0.751180,0.787538,0.840050
-0.361820,0.527995,0.531550,0.554012,0.471090
-0.605470,0.797905,0.794262,0.836026,0.770300
-0.702970,0.912891,0.921804,0.947049,0.950130
-0.284680,0.472433,0.471347,0.480203,0.417630
-0.616850,0.815652,0.816587,0.864506,0.790840
-0.802810,0.959601,0.963123,0.948276,1.079600
0.361850,0.171215,0.163192,0.149674,0.191380
-0.426470,0.564076,0.554960,0.538180,0.526250
-0.085433,0.319435,0.314677,0.317220,0.315310
-0.645760,0.856142,0.865694,0.918451,0.844480
-0.557870,0.718557,0.696672,0.691051,0.689970
-0.655750,0.868326,0.879441,0.931146,0.863250
-0.602500,0.793142,0.788251,0.827976,0.765000
0.702710,0.137965,0.139036,0.150313,0.108540
-0.651780,0.863602,0.874192,0.926452,0.855790
0.853560,0.086581,0.076185,0.073863,0.076001
-0.608900,0.803342,0.801119,0.845018,0.776440
-0.744080,0.937692,0.939710,0.915194,1.016700
-0.642530,0.851994,0.860870,0.913717,0.838420
-0.589730,0.772191,0.761875,0.790961,0.742630
0.451950,0.186747,0.191334,0.202641,0.169610
-0.751660,0.941306,0.942484,0.903498,1.027300
-0.731130,0.930916,0.934855,0.924584,0.997170
-0.879250,0.952143,0.973265,1.035874,1.074500
-0.585630,0.765340,0.753313,0.778420,0.735600
-0.332030,0.509498,0.513866,0.537208,0.449190
-0.604500,0.796355,0.792306,0.833424,0.768560
-0.824120,0.963249,0.971708,0.973698,1.089200
-0.895970,0.940612,0.962282,1.036476,1.058200
-1.260300,0.200742,0.152184,0.141893,0.194680
0.782460,0.115082,0.112728,0.118760,0.090665
-0.294940,0.481258,0.481857,0.492581,0.424170
-0.028612,0.298275,0.296314,0.303599,0.293760
-0.936110,0.894498,0.908059,0.956750,0.997360
-0.402720,0.550207,0.546921,0.547408,0.504560
0.298240,0.174127,0.163793,0.130084,0.206390
-0.621480,0.822613,0.825268,0.874939,0.799310
-0.789610,0.955965,0.957457,0.932767,1.069700
-0.782480,0.953653,0.954454,0.925264,1.063300
-0.831720,0.963709,0.974236,0.982719,1.090700
-0.879150,0.952199,0.973311,1.035817,1.074600
-0.688690,0.901555,0.912476,0.950725,0.924550
-0.885620,0.948264,0.969868,1.038322,1.068900
-0.915390,0.921577,0.940894,1.010637,1.032400
0.005005,0.286959,0.284591,0.269944,0.282360
-0.895810,0.940743,0.962420,1.036566,1.058300
1.209800,0.053090,0.054075,0.055924,0.024950
-0.567790,0.735233,0.716411,0.722140,0.705860
-0.563850,0.728588,0.708476,0.709691,0.699480
-0.753200,0.942010,0.943049,0.911903,1.029400
0.483620,0.188322,0.195957,0.225290,0.161830
-0.864860,0.958695,0.977648,1.023263,1.084100
-0.043737,0.303534,0.301437,0.314962,0.299200
0.572250,0.170233,0.165387,0.152533,0.139930
-0.487980,0.617165,0.593420,0.546124,0.592540
-0.421230,0.560828,0.553052,0.540122,0.521300
-0.619210,0.819221,0.821045,0.869910,0.795160
-0.992380,0.790033,0.779608,0.810182,0.868810
-1.046500,0.662786,0.632954,0.660991,0.715510
-0.384740,0.540546,0.540948,0.553050,0.489300
-0.674480,0.888501,0.900427,0.946813,0.898340
0.635070,0.152160,0.146673,0.121859,0.124580
-1.037600,0.684588,0.657179,0.692736,0.741630
-0.253450,0.443668,0.436830,0.448058,0.398580
1.089900,0.055650,0.054993,0.050057,0.037895
-0.167880,0.366766,0.352874,0.322241,0.352340
-0.948280,0.875463,0.884462,0.920093,0.973380
0.042553,0.274557,0.272223,0.257351,0.270660
-0.582260,0.759678,0.746275,0.767945,0.729870
-0.835850,0.963740,0.975413,0.987693,1.091000
-0.027696,0.297961,0.295998,0.302753,0.293430
-0.729140,0.929801,0.934075,0.926325,0.994030
-0.636210,0.843591,0.850916,0.903539,0.826600
0.426400,0.182752,0.182826,0.179058,0.175850
-1.119000,0.485149,0.445802,0.463902,0.503120
-0.202610,0.395718,0.381948,0.375927,0.370110
-1.373000,0.091793,0.080123,0.096383,0.078205
-0.267720,0.457093,0.452923,0.462163,0.407130
-0.227970,0.419292,0.408202,0.417487,0.383940
-0.299560,0.485099,0.486389,0.498447,0.427170
0.235720,0.195930,0.188058,0.195471,0.221020
1.314400,0.036579,0.031856,0.037007,0.016722
0.360400,0.171063,0.162955,0.149216,0.191730
0.125710,0.245436,0.245292,0.246118,0.247740
0.102470,0.254152,0.253599,0.261392,0.253810
0.312680,0.171598,0.161638,0.130611,0.203010
-0.128070,0.340306,0.330301,0.302450,0.333570
-0.419030,0.559502,0.552283,0.540975,0.519240
-0.521470,0.660968,0.633980,0.594605,0.636060
-0.456990,0.586402,0.569446,0.532674,0.557120
-0.647180,0.857934,0.867756,0.920435,0.847150
-0.064548,0.311121,0.308141,0.321001,0.307030
-1.024500,0.716250,0.693025,0.734210,0.779740
0.466180,0.188007,0.194510,0.215078,0.166120
-0.618570,0.818257,0.819842,0.868462,0.793990
-0.714930,0.921175,0.927992,0.938903,0.970770
-0.449550,0.580328,0.565244,0.532729,0.549260
-0.357710,0.525627,0.529523,0.553056,0.467970
-1.148600,0.416065,0.373409,0.423619,0.423370
-0.589300,0.771475,0.760978,0.789658,0.741900
-0.695190,0.906924,0.917027,0.949983,0.936300
-1.107200,0.513482,0.475066,0.479289,0.536340
-0.451090,0.581548,0.566072,0.532633,0.550870
-0.755210,0.942916,0.943790,0.911652,1.032000
-0.322300,0.502677,0.506506,0.526978,0.442410
-0.870170,0.956622,0.976535,1.028792,1.081000
-0.586110,0.766144,0.754316,0.779901,0.736410
-0.034671,0.300363,0.298390,0.308782,0.295910
0.218430,0.203910,0.197972,0.214464,0.225090
-0.889090,0.945888,0.967615,1.038567,1.065500
-0.672170,0.886199,0.898167,0.945491,0.894040
-0.660180,0.873411,0.884964,0.935834,0.871590
0.330390,0.170038,0.160651,0.136966,0.198840
-0.211160,0.403506,0.390412,0.390788,0.374690
-0.829160,0.963611,0.973432,0.979666,1.090300
-0.824380,0.963273,0.971801,0.974005,1.089300
-0.616100,0.814510,0.815156,0.862751,0.789470
-1.087200,0.562264,0.525547,0.519969,0.594670
-0.439000,0.572457,0.560092,0.534404,0.538480
-0.870990,0.956266,0.976312,1.029569,1.080500
-0.610700,0.806166,0.804677,0.849599,0.779680
-0.916560,0.920233,0.939307,1.008184,1.030600
-0.985530,0.801234,0.792853,0.815750,0.886620
-0.767520,0.948120,0.948440,0.914094,1.047400
-1.287200,0.165103,0.126158,0.105933,0.157870
-1.175400,0.352730,0.303962,0.347624,0.357500
-1.075400,0.591358,0.556014,0.555110,0.629370
0.405850,0.178670,0.175239,0.164772,0.180830
-0.246280,0.436821,0.428687,0.440520,0.394380
-0.034284,0.300229,0.298258,0.308474,0.295770
-0.487130,0.616196,0.592603,0.545403,0.591500
-0.486130,0.615065,0.591654,0.544583,0.590290
-0.972020,0.832339,0.831055,0.855028,0.920170
-0.958520,0.857779,0.862493,0.890277,0.951410
-1.403500,0.074265,0.063348,0.083291,0.060625
-1.055000,0.641829,0.610010,0.629109,0.690300
0.356890,0.170729,0.162429,0.148050,0.192560
-0.461670,0.590467,0.572364,0.533203,0.562190
1.254600,0.047873,0.047806,0.047990,0.021109
-0.376120,0.535919,0.537741,0.554488,0.482300
-0.939810,0.888948,0.901197,0.945671,0.990320
-1.005800,0.760053,0.743922,0.781582,0.832630
-0.779970,0.952787,0.953416,0.922890,1.060800
-0.814150,0.961933,0.967877,0.961894,1.085700
-1.156800,0.397533,0.353590,0.406695,0.402560
-1.003200,0.765971,0.750912,0.787320,0.839870
-1.095800,0.541188,0.503679,0.499625,0.569480
-0.772900,0.950211,0.950554,0.917210,1.053400
-1.260500,0.200450,0.151949,0.141586,0.194410
-0.557210,0.717455,0.695389,0.689020,0.688930
-0.404750,0.551324,0.547572,0.546633,0.506340
0.625920,0.154442,0.148320,0.120523,0.126800
-0.136310,0.345168,0.334153,0.302507,0.337310
-0.401280,0.549420,0.546460,0.547947,0.503300
-0.502620,0.634996,0.609096,0.562300,0.610860
-0.564380,0.729480,0.709537,0.711359,0.700330
-1.020100,0.726729,0.705064,0.746530,0.792560
0.398090,0.177106,0.172547,0.160986,0.182700
-0.354520,0.523754,0.527865,0.552028,0.465550
-0.310080,0.493513,0.496175,0.512017,0.434120
-1.057800,0.634907,0.602504,0.618506,0.681890
0.833940,0.094465,0.085403,0.087373,0.079914
-0.297990,0.483803,0.484864,0.496439,0.426150
-1.038300,0.679253,0.650535,0.681388,0.739710
-0.476450,0.604632,0.583149,0.538184,0.578840
-1.266300,0.192167,0.145423,0.132936,0.185950
-0.878620,0.952493,0.973551,1.035506,1.075000
-0.879430,0.952042,0.973182,1.035975,1.074300
-1.105300,0.518078,0.479808,0.482218,0.541830
-0.936040,0.894601,0.908186,0.956958,0.997480
-0.596280,0.783023,0.775488,0.810391,0.754030
-0.620910,0.821765,0.824214,0.873692,0.798270
-1.037000,0.682427,0.654090,0.685848,0.743410
-0.974240,0.827942,0.825654,0.849730,0.914810
-0.815140,0.962097,0.968277,0.963073,1.086100
0.952930,0.059377,0.054059,0.042234,0.057898
0.334090,0.169924,0.160666,0.138628,0.197960
0.182280,0.221060,0.218911,0.226499,0.233710
-0.580440,0.756612,0.742480,0.762239,0.726800
1.170900,0.055308,0.055815,0.056320,0.028711
-0.107370,0.329365,0.322025,0.308277,0.324470
0.066280,0.266681,0.264953,0.263774,0.263750
-0.921600,0.914188,0.932097,0.996635,1.022700
-0.050690,0.306013,0.303720,0.318253,0.301770
-0.445020,0.576847,0.562924,0.533241,0.544570
1.380500,0.022003,0.012653,0.010087,0.012770
-0.771400,0.949639,0.949959,0.916227,1.051800
-0.569250,0.737699,0.719379,0.726772,0.708220
-0.505620,0.638910,0.612695,0.566547,0.614750
0.057146,0.269728,0.267726,0.261054,0.266370
-0.176840,0.373755,0.359502,0.333715,0.356800
-0.410760,0.554687,0.549512,0.544265,0.511700
0.134830,0.241817,0.241679,0.239570,0.245420
-1.056400,0.638369,0.606254,0.623805,0.685960
-1.355700,0.102968,0.088481,0.093673,0.090300
-0.841310,0.963521,0.976710,0.994382,1.091000
-0.083110,0.318463,0.313943,0.317990,0.314370
-1.036300,0.687756,0.660730,0.697158,0.745610
-0.902800,0.934620,0.955831,1.030754,1.049900
-0.736390,0.933766,0.936863,0.920274,1.005300
0.596100,0.162838,0.156115,0.130466,0.134070
-0.891390,0.944208,0.965961,1.038262,1.063200
-0.961830,0.851757,0.855026,0.881153,0.943990
-0.107160,0.329263,0.321949,0.308362,0.324380
-0.708130,0.916591,0.924626,0.943998,0.959140
-0.792980,0.956977,0.958897,0.936598,1.072500
-0.531660,0.676262,0.649686,0.617589,0.650440
-0.679390,0.893224,0.904941,0.949003,0.907450
-0.385180,0.540781,0.541104,0.552949,0.489660
0.733930,0.130609,0.132598,0.146258,0.101380
-0.322630,0.502916,0.506768,0.527355,0.442630
-1.165400,0.374497,0.327648,0.376199,0.381290
-1.260600,0.200305,0.151832,0.141433,0.194360
1.036200,0.055041,0.053611,0.053290,0.045045
-1.130300,0.458409,0.418021,0.450833,0.471720
-0.701720,0.911965,0.921081,0.947663,0.947930
-0.813040,0.961742,0.967425,0.960571,1.085200
0.506600,0.186492,0.193042,0.224293,0.156160
-0.960890,0.853482,0.857163,0.883714,0.946110
-0.976430,0.823549,0.820270,0.844630,0.909460
1.890800,0.000037,0.000000,0.000000,0.001018
-0.344470,0.517626,0.522123,0.547056,0.458120
-1.045100,0.666227,0.636752,0.666130,0.719660
-0.782980,0.953822,0.954663,0.925756,1.063800
-0.687380,0.900429,0.911490,0.950680,0.922160
-0.619600,0.819807,0.821775,0.870786,0.795860
-0.708760,0.917029,0.924954,0.943573,0.960230
0.738190,0.129460,0.131333,0.144571,0.100420
-0.931660,0.900892,0.915930,0.969746,1.005500
-1.193400,0.318989,0.268346,0.299996,0.316910
-1.270000,0.187059,0.141545,0.127663,0.180680
0.552050,0.176365,0.174811,0.177434,0.144920
0.855880,0.085678,0.075192,0.072222,0.075546
-0.926150,0.908375,0.925071,0.985010,1.015200
-0.781570,0.953342,0.954077,0.924385,1.062400
-0.671340,0.885359,0.897333,0.944972,0.892490
-0.903870,0.933613,0.954714,1.029519,1.048600
0.209490,0.208151,0.203250,0.220711,0.227200
1.605200,0.002722,0.000854,0.000453,0.004620
-0.576600,0.750128,0.734497,0.750116,0.720350
-0.784830,0.954440,0.955436,0.927626,1.065500
0.664160,0.145739,0.143024,0.135159,0.117600
-0.575760,0.748708,0.732757,0.747453,0.718950
-0.918690,0.917729,0.936334,1.003490,1.027300
-0.823810,0.963220,0.971597,0.973331,1.089200
-0.673550,0.887580,0.899528,0.946303,0.896620
-0.798350,0.958474,0.961206,0.942920,1.076600
-0.351710,0.522077,0.526340,0.550907,0.463460
-0.251290,0.441610,0.434376,0.445846,0.397310
-0.714760,0.921064,0.927912,0.939042,0.970490
-1.007100,0.753524,0.735820,0.769805,0.829160
-0.084151,0.318897,0.314271,0.317653,0.314790
-0.250890,0.441228,0.433922,0.445432,0.397080
-1.098000,0.535819,0.498126,0.495147,0.562890
-0.288370,0.475652,0.475192,0.484531,0.419960
-0.113440,0.332397,0.324276,0.305954,0.327090
-0.744480,0.937889,0.939857,0.914981,1.017200
-0.685050,0.898388,0.909678,0.950439,0.917890
-0.708930,0.917147,0.925041,0.943456,0.960520
-0.796000,0.957836,0.960195,0.940129,1.074900
0.873630,0.079069,0.068399,0.060160,0.072111
0.044867,0.273793,0.271501,0.257764,0.269970
-0.894810,0.941554,0.963263,1.037081,1.059500
-0.241610,0.432345,0.423401,0.435235,0.391680
-0.622140,0.823592,0.826484,0.876371,0.800530
-0.953980,0.865800,0.872452,0.903240,0.961330
-0.239890,0.430695,0.421461,0.433196,0.390690
-0.709740,0.917705,0.925457,0.942890,0.961920
0.585770,0.166010,0.159807,0.138738,0.136610
-0.090024,0.321395,0.316143,0.315530,0.317190
-0.832570,0.963729,0.974491,0.983738,1.090800
-0.052470,0.306656,0.304297,0.318886,0.302440
-0.553900,0.711951,0.689023,0.678933,0.683750
0.121460,0.247082,0.246901,0.249267,0.248840
1.274700,0.044555,0.043289,0.045390,0.019545
1.227300,0.051416,0.052246,0.052556,0.023392
-0.744610,0.937953,0.939904,0.914913,1.017400
-0.857060,0.961049,0.978317,1.014071,1.087600
-0.239450,0.430273,0.420966,0.432665,0.390440
-0.143520,0.349681,0.337842,0.304133,0.340650
0.439130,0.184970,0.187369,0.190459,0.172750
-0.183230,0.378957,0.364606,0.343192,0.360030
0.553320,0.175995,0.174200,0.175785,0.144610
-0.541930,0.692410,0.667045,0.644274,0.665500
0.147730,0.236489,0.236167,0.232069,0.242180
-0.193960,0.388068,0.373872,0.360852,0.365560
-0.366900,0.530860,0.533894,0.554656,0.475020
0.093936,0.257198,0.256395,0.264662,0.256100
-0.094326,0.323284,0.317544,0.313794,0.318960
0.112700,0.250398,0.250084,0.255464,0.251110
-0.309770,0.493272,0.495898,0.511620,0.433910
-0.868910,0.957149,0.976850,1.027554,1.081800
-0.841880,0.963481,0.976826,0.995088,1.090900
-1.110300,0.506001,0.467347,0.474832,0.527480
-0.687760,0.900757,0.911778,0.950700,0.922840
-0.308390,0.492194,0.494656,0.509847,0.432990
-0.639740,0.848331,0.856559,0.909374,0.833200
-0.091461,0.322020,0.316608,0.314964,0.317780
0.110170,0.251338,0.250972,0.257097,0.251780
-0.893220,0.942811,0.964553,1.037740,1.061200
-0.031480,0.299260,0.297300,0.306145,0.294770
-0.671190,0.885207,0.897181,0.944876,0.892220
-1.071800,0.600260,0.565422,0.567268,0.640180
0.474290,0.188332,0.195555,0.220754,0.164130
0.747920,0.126679,0.128068,0.139918,0.098242
-0.607380,0.800941,0.798093,0.841075,0.773720
-0.343160,0.516800,0.521314,0.546209,0.457160
0.803770,0.106812,0.101415,0.105802,0.086134
-1.035400,0.689946,0.663189,0.700183,0.748140
-0.599740,0.788675,0.782613,0.820289,0.760120
-0.836960,0.963720,0.975702,0.989042,1.091100
-0.423010,0.561916,0.553688,0.539446,0.522970
-0.474120,0.602260,0.581280,0.537035,0.576150
-0.955780,0.862654,0.868544,0.898043,0.957430
-0.154460,0.357001,0.344075,0.309792,0.345820
-1.127100,0.465939,0.425868,0.454604,0.480540
-0.800440,0.959016,0.962106,0.945424,1.078000
0.598040,0.162254,0.155480,0.129165,0.133600
0.669250,0.144709,0.142540,0.137977,0.116390
-1.253300,0.211200,0.160845,0.153027,0.205470
-0.510400,0.645323,0.618710,0.574006,0.621030
-1.201700,0.298307,0.244822,0.264456,0.299370
-0.746390,0.938819,0.940556,0.914047,1.020000
-0.579350,0.754773,0.740210,0.758807,0.724960
-0.915590,0.921349,0.940625,1.010224,1.032100
-1.153900,0.404053,0.360584,0.413061,0.409830
-0.236790,0.427723,0.417978,0.429382,0.388920
0.323350,0.170455,0.160832,0.133994,0.200500
-0.785810,0.954761,0.955848,0.928646,1.066400
0.039596,0.275532,0.273152,0.256970,0.271550
-0.199530,0.392966,0.379013,0.370527,0.368490
-1.460800,0.045137,0.026860,0.032644,0.037738
-0.470860,0.599030,0.578774,0.535666,0.572430
-0.524490,0.665417,0.638472,0.601026,0.640260
0.224650,0.200995,0.194337,0.208596,0.223620
-0.854670,0.961614,0.978311,1.011112,1.088400
-0.393870,0.545420,0.544058,0.550523,0.496930
-0.398980,0.548171,0.545720,0.548785,0.501310
-0.597260,0.784629,0.777512,0.813222,0.755750
-0.822400,0.963077,0.971083,0.971667,1.088800
-0.218920,0.410730,0.398459,0.403683,0.378920
0.998590,0.055607,0.052834,0.045619,0.050584
-0.890180,0.945102,0.966847,1.038470,1.064400
0.078259,0.262632,0.261305,0.266066,0.260390
0.516170,0.184998,0.190275,0.218358,0.153790
-0.247980,0.438448,0.430617,0.442362,0.395370
-1.012500,0.744593,0.725786,0.766006,0.814130
-0.714540,0.920921,0.927809,0.939222,0.970110
-0.969390,0.837473,0.837375,0.861482,0.926440
-0.805880,0.960311,0.964433,0.951977,1.081500
-0.893070,0.942928,0.964672,1.037793,1.061400
-0.582930,0.757256,0.743142,0.761177,0.731000
-0.997230,0.779365,0.766833,0.800061,0.855930
-0.481000,0.605719,0.582360,0.531765,0.584170
-0.311050,0.494265,0.497038,0.513257,0.434770
0.810010,0.104289,0.098026,0.102123,0.084829
-0.912220,0.925106,0.945024,1.016815,1.037100
-0.870230,0.956596,0.976519,1.028850,1.081000
-0.513400,0.649456,0.622663,0.579129,0.625040
-0.751690,0.941319,0.942495,0.912209,1.027300
-0.507870,0.641902,0.615483,0.569951,0.617690
-1.144000,0.426587,0.384579,0.431691,0.435270
-0.144010,0.349996,0.338104,0.304302,0.340880
-0.361420,0.527767,0.531358,0.553936,0.470790
0.024520,0.280502,0.278004,0.258369,0.276160
-0.041553,0.302764,0.300710,0.313662,0.298400
-1.039100,0.680927,0.653085,0.687557,0.737220
-0.803540,0.959775,0.963435,0.949156,1.080000
-0.927250,0.906920,0.923301,0.982055,1.013300
1.315900,0.036251,0.031382,0.036522,0.016623
-0.909890,0.927595,0.947902,1.020895,1.040400
-0.848340,0.962773,0.977861,1.003166,1.090100
-0.867770,0.957607,0.977108,1.026391,1.082500
-0.262120,0.451867,0.446645,0.456650,0.403750
0.678540,0.142858,0.141686,0.142756,0.114190
-1.199500,0.306688,0.255076,0.280656,0.303900
-1.119200,0.484672,0.445308,0.463669,0.502430
-0.985230,0.805372,0.798123,0.825195,0.887380
-0.401510,0.549546,0.546533,0.547861,0.503500
-0.697420,0.908684,0.918466,0.949363,0.940290
-0.370140,0.532656,0.535302,0.554781,0.477550
-0.871720,0.955942,0.976102,1.030242,1.080000
-0.878590,0.952509,0.973564,1.035488,1.075000
-1.209600,0.286908,0.234030,0.250121,0.283290
-1.090800,0.553426,0.516361,0.510894,0.584070
-0.757720,0.944025,0.944721,0.911594,1.035300
-0.709730,0.917698,0.925451,0.942897,0.961910
-0.636010,0.843318,0.850590,0.903197,0.826220
-0.629790,0.834678,0.840135,0.891929,0.814640
-0.704360,0.913907,0.922590,0.946307,0.952580
-0.605570,0.798064,0.794463,0.836293,0.770470
-1.142400,0.430267,0.388471,0.434276,0.439480
-1.168500,0.371632,0.325614,0.376985,0.373790
-0.902560,0.934844,0.956077,1.031018,1.050200
-0.045909,0.304303,0.302155,0.316129,0.300000
-1.141200,0.433033,0.391393,0.436144,0.442650
-0.934400,0.896992,0.911134,0.961798,1.000500
0.432200,0.183808,0.184944,0.184082,0.174440
-0.950960,0.870978,0.878886,0.912105,0.967770
-0.977820,0.820733,0.816825,0.841454,0.906030
-0.712750,0.919740,0.926952,0.940648,0.967080
0.765810,0.120997,0.120767,0.129361,0.094285
0.078187,0.262657,0.261327,0.266060,0.260410
0.567640,0.171667,0.167453,0.157865,0.141070
-0.983590,0.808821,0.802308,0.828711,0.891550
-0.784930,0.954473,0.955478,0.927730,1.065600
-1.003600,0.765063,0.749838,0.786446,0.838730
-0.686500,0.899664,0.910815,0.950613,0.920540
-0.648660,0.859780,0.869868,0.922438,0.849930
0.682000,0.142172,0.141363,0.144333,0.113380
-0.948840,0.874535,0.883307,0.918416,0.972210
-0.156070,0.358127,0.345062,0.310966,0.346590
-1.019200,0.728860,0.707523,0.748951,0.794930
-0.829050,0.963605,0.973396,0.979535,1.090300
-0.990870,0.793312,0.783552,0.813328,0.872790
1.158600,0.055648,0.055899,0.053387,0.029981
0.750570,0.125884,0.127089,0.138487,0.097651
-0.506830,0.640513,0.614185,0.568354,0.616320
-0.673780,0.887809,0.899751,0.946431,0.897040
-0.802790,0.959596,0.963114,0.948252,1.079600
-0.805290,0.960179,0.964182,0.951266,1.081100
0.627500,0.154038,0.148013,0.120615,0.126410
-0.833650,0.963744,0.974805,0.985035,1.090900
-0.941900,0.885720,0.897197,0.939357,0.986240
1.071800,0.055396,0.054592,0.053774,0.040210
-0.751650,0.941301,0.942480,0.903501,1.027300
-0.293960,0.480432,0.480879,0.491355,0.423540
-0.730570,0.930605,0.934637,0.925069,0.996280
-0.781500,0.953318,0.954048,0.924318,1.062300
0.235970,0.195818,0.187920,0.195143,0.220960
-0.547120,0.700802,0.676360,0.658901,0.673330
-0.657820,0.870726,0.882066,0.933409,0.867140
0.709930,0.136407,0.137940,0.150781,0.106870
-0.908590,0.928945,0.949450,1.022995,1.042200
-0.474720,0.602866,0.581755,0.537317,0.576830
-1.356100,0.102696,0.088293,0.093797,0.089990
-0.477440,0.605656,0.583964,0.538716,0.579990
-0.618150,0.817623,0.819051,0.867505,0.793220
-0.880220,0.951592,0.972809,1.036399,1.073700
0.335470,0.169900,0.160691,0.139253,0.197640
0.266280,0.183418,0.173273,0.153279,0.213870
-0.853770,0.961808,0.978284,1.009989,1.088700
0.384800,0.174581,0.168413,0.156180,0.185900
-0.348040,0.519845,0.524255,0.549130,0.460740
-0.313110,0.495848,0.498845,0.515868,0.436150
-0.892820,0.943121,0.964868,1.037876,1.061700
0.410000,0.179514,0.176738,0.167157,0.179830
-0.980510,0.815223,0.810099,0.835432,0.899340
-0.781660,0.953373,0.954114,0.924471,1.062500
-0.350060,0.521079,0.525416,0.550152,0.462230
0.798970,0.108728,0.104015,0.108648,0.087144
0.223570,0.201498,0.194965,0.209701,0.223880
-0.856460,0.961198,0.978324,1.013332,1.087800
-1.201700,0.298307,0.244822,0.264456,0.299230
-0.945250,0.880409,0.890607,0.929219,0.979560
-0.529310,0.672666,0.645926,0.611961,0.647080
-0.886350,0.947780,0.969418,1.038441,1.068200
-0.965480,0.844950,0.846603,0.871448,0.935620
-0.907520,0.930035,0.950692,1.024627,1.043700
0.685280,0.141520,0.141047,0.145697,0.112610
-0.656920,0.869688,0.880934,0.932440,0.865460
-0.673600,0.887630,0.899576,0.946331,0.896700
-0.712850,0.919806,0.927001,0.940570,0.967240
-0.738060,0.934642,0.937488,0.919027,1.007800
-0.944390,0.881789,0.892319,0.931820,0.981290
-0.554000,0.712116,0.689214,0.679235,0.683910
-0.333090,0.510216,0.514620,0.538199,0.449940
-0.826530,0.963449,0.972554,0.976547,1.089800
-1.089200,0.557351,0.520438,0.514827,0.588560
-1.016100,0.736171,0.715985,0.757049,0.803750
-0.360010,0.526958,0.530672,0.553640,0.469710
-0.986350,0.803002,0.795251,0.822815,0.884510
-0.070555,0.313424,0.310020,0.320748,0.309370
-1.388500,0.082621,0.071988,0.092544,0.068695
0.243940,0.192314,0.183642,0.184171,0.219090
0.049675,0.272204,0.270013,0.258881,0.268550
-1.169500,0.369449,0.323245,0.374175,0.371430
0.271270,0.181668,0.171355,0.147478,0.212700
-0.418810,0.559370,0.552207,0.541061,0.519050
-0.822660,0.963104,0.971178,0.971974,1.088800
-0.867370,0.957764,0.977192,1.025974,1.082700
-0.625030,0.827837,0.831738,0.882471,0.805840
-0.756410,0.943449,0.944234,0.911589,1.033600
-0.722970,0.926203,0.931561,0.931888,0.984120
-0.737560,0.934381,0.937302,0.919393,1.007000
1.323600,0.034550,0.028932,0.033826,0.016119
0.343780,0.169960,0.161064,0.142950,0.195670
-0.438960,0.572428,0.560074,0.534414,0.538440
-0.757820,0.944068,0.944758,0.911598,1.035400
-0.737970,0.934595,0.937455,0.919093,1.007600
-1.001800,0.769136,0.754662,0.790354,0.843620
-0.847850,0.962843,0.977802,1.002549,1.090200
0.854450,0.086234,0.075801,0.073233,0.075826
-0.903360,0.934095,0.955250,1.030119,1.049200
-0.548760,0.703481,0.679374,0.663659,0.675830
-1.160800,0.388603,0.343978,0.397240,0.392580
-0.155220,0.357531,0.344538,0.310335,0.346190
-0.159000,0.360208,0.346904,0.313329,0.348000
-0.889970,0.945255,0.966997,1.038496,1.064600
-0.319120,0.500357,0.503931,0.523258,0.440230
-0.976050,0.824315,0.821208,0.845506,0.910390
-1.133900,0.449980,0.409209,0.446363,0.461980
-0.340410,0.515043,0.519570,0.544283,0.455170
0.159960,0.231209,0.230474,0.227939,0.239140
-0.548660,0.703317,0.679189,0.663367,0.675680
-0.664640,0.878334,0.890169,0.939956,0.879960
-0.697690,0.908895,0.918637,0.949275,0.940780
-0.105700,0.328555,0.321427,0.308964,0.323750
-0.616380,0.814937,0.815691,0.863408,0.789990
-1.050500,0.652936,0.622129,0.646097,0.703490
-0.535220,0.681784,0.655535,0.626468,0.655600
-0.069893,0.313167,0.309814,0.320814,0.309110
0.000671,0.288400,0.286092,0.273836,0.283780
-0.463610,0.592209,0.573640,0.533560,0.564320
-1.126100,0.468299,0.428324,0.455758,0.483400
-0.806710,0.960494,0.964786,0.952977,1.081900
-0.032545,0.299628,0.297664,0.307049,0.295150
0.147200,0.236713,0.236403,0.232318,0.242310
0.518750,0.184527,0.189395,0.216254,0.153160
