-2.2074
-2.6008
-0.632
-0.38249
-0.54405
-2.7334
-2.5746
0.12344
-2.6987
-2.4822
-2.4613
0.0098978
-2.4942
-2.9151
-2.6334
-0.40512
-2.4085
-1.8765
-2.6488
-2.4376
-2.5831
-1.5221
-0.6132
-2.7406
-0.62615
-2.174
-0.28698
-2.2478
-2.6606
-0.67183
-2.7943
-2.6242
-1.505
-2.4444
-2.773
-1.4036
-2.5444
-1.3719
-2.339
-2.3975
-0.29771
-1.5151
-2.8118
-0.1383
-3.034
-1.3634
-2.8202
-1.2521
-2.7883
-1.5291
-1.7295
-2.9266
-2.6251
1.8931
-2.8724
-1.5716
-2.466
-2.8648
-0.87866
-1.3393
-2.0843
-2.1126
-2.7913
-2.8332
-1.8534
0.66485
0.59708
-0.22915
-2.7844
-1.3919
0.248
-1.3113
-2.4322
-1.6085
-2.7719
-2.6619
-0.36363
-2.9125
-1.9554
-1.8504
-0.8856
-0.88209
-2.7861
-2.0319
-2.1776
-1.7594
-1.8234
-2.2336
-2.7639
-2.4648
-2.7018
1.8943
-2.3335
-1.3696
-2.6677
-0.89277
-0.76205
0.23473
-2.7426
-2.0867
-2.132
-2.0405
-2.8712
-2.6357
-2.4399
-2.8025
-1.5953
-2.8055
-1.1882
-1.0629
-0.44726
-0.54449
1.3582
-2.0924
-1.6223
-1.7932
-2.7204
-2.9261
-1.6688
-1.6319
-2.7811
-2.2536
-2.7288
-2.9545
-2.7474
-2.3907
-2.3369
-2.2807
