5 1 0.090046
8 1 0.049912
10 1 0.034601
3 3 0.52605
4 3 0.58324
5 3 0.23426
6 3 0.074311
7 3 0.73825
8 3 0.12985
10 3 0.090017
13 4 0.37814
18 4 0.025991
8 5 0.057884
13 5 0.51993
18 5 0.15807
1 6 0.13636
3 6 0.49548
6 6 0.13886
13 6 0.11125
18 6 0.10152
3 7 0.11729
5 7 0.078295
6 7 0.05723
7 7 0.56856
8 7 0.043398
10 7 0.030086
5 9 0.31933
8 9 0.17701
10 9 0.12271
13 9 0.19282
1 10 0.14889
13 10 0.22961
14 10 0.47274
1 11 0.16378
9 11 0.0096394
13 11 0.25257
18 11 0.34802
5 12 0.77805
8 12 0.14844
10 12 0.10291
13 12 0.3334
15 12 0.41774
1 13 0.84943
15 13 0.58416
1 14 0.72925
3 14 0.37893
4 14 0.5955
11 14 0.85772
15 14 0.50151
19 14 0.21246
1 15 0.24658
13 15 0.38026
2 16 0.14167
8 16 0.16523
14 16 0.0022333
18 16 0.44104
20 16 0.0019829
3 18 0.074436
6 18 0.036321
7 18 0.36083
1 19 0.0022358
3 19 0.44533
11 19 0.011613
14 19 0.64999
19 19 0.012825
20 19 0.58134
3 20 0.11869
6 20 0.057913
7 20 0.57534
13 20 0.34518
