0.22923
0.29176
0.29771
0.26685
0.27492
0.23305
0.24445
0.2417
0.30087
0.30095
0.26107
0.21159
0.19621
0.28946
0.19106
0.29518
0.23113
0.22091
0.2575
0.30107
0.30112
0.2787
0.19692
0.29299
0.28948
0.28475
0.23778
0.19925
0.128
0.2555
0.10377
0.24304
0.28901
0.076289
0.28863
0.23187
0.30088
0.25336
0.19736
0.1306
0.28936
0.2875
0.27831
0.28611
0.17544
0.2664
0.22887
0.18852
0.2962
0.25924
0.22219
0.20413
0.2538
0.29087
0.11429
0.19585
0.20084
0.29661
0.29413
0.17009
0.18217
0.0019856
0.29328
0.29232
0.27591
0.21253
0.3009
0.28703
0.27498
0.29911
0.26737
0.29886
0.28376
0.095886
0.30033
0.29198
0.26415
0.19378
0.12629
0.2585
0.28503
0.18614
0.19843
0.285
0.28668
0.25519
0.29971
0.30084
0.28024
0.24785
0.27327
0.2852
0.2821
0.077841
0.28666
0.29992
0.18725
0.20913
0.28767
0.21401
0.30048
0.18047
0.22573
0.22309
0.28255
0.24118
0.30054
0.1119
0.10189
0.23808
0.29171
0.30105
0.19438
0.23946
0.26108
0.20144
0.26964
0.28632
0.065405
0.080846
0.30063
0.27775
0.19734
0.27538
0.24119
0.24811
0.19516
0.20441
0.12312
0.10871
0.30063
0.2197
0.25312
0.24735
0.26968
0.11278
0.30096
0.14779
0.032501
0.27149
0.18613
0.20101
0.18197
0.29835
0.30107
0.29922
0.23299
0.26298
0.25478
0.25307
0.22693
0.29553
0.26472
0.23798
0.23148
0.30069
0.30106
0.076892
0.20796
0.29178
0.17645
0.27456
0.26241
0.23039
0.27298
0.29451
0.20958
0.26501
0.22597
0.26691
0.21006
0.28184
0.20446
0.18548
0.11581
0.23747
0.27899
0.012232
0.28865
0.22778
0.2411
0.29972
0.25214
0.2779
0.27667
0.033904
0.29535
0.25038
0.29356
0.24101
0.25329
0.26051
0.28473
0.21586
0.28898
0.12025
0.29575
0.30112
0.2995
0.26844
0.28908
0.14037
0.29925
0.25161
0.29875
0.20968
0.036081
0.301
0.20456
0.24765
0.28866
0.16033
0.21747
0.29964
0.237
0.11448
0.043461
0.30111
0.30033
0.30035
0.27276
0.22802
0.19794
0.27627
0.25294
0.19686
0.29338
0.19622
0.24992
0.2918
0.1116
0.22159
0.30062
0.27802
0.28048
0.22366
0.26511
0.29265
0.29347
0.01853
0.19929
0.29866
0.19325
0.074455
0.065349
0.011955
0.20591
0.18186
0.022756
0.25708
0.20525
0.20094
0.071542
0.19888
0.29374
0.23933
0.30044
0.27511
0.29608
0.21376
0.30112
0.27346
0.15505
0.23616
0.28355
0.013406
0.29958
0.2713
0.19911
0.2865
0.27436
0.26958
0.20526
0.2024
0.27346
0.25775
0.2736
0.30012
0.16849
0.29692
0.052802
0.21947
0.19791
0.29389
0.2393
0.27192
0.09965
0.050096
0.2979
0.20732
0.26615
0.1991
0.23972
0.28318
0.11791
0.30062
0.23365
0.30045
0.3005
0.14191
0.26974
0.29822
0.29855
0.23719
0.15585
0.21922
0.28378
0.2445
0.21007
0.14406
0.29923
0.22923
0.29682
0.22686
0.21168
0.2891
0.29612
0.20326
0.27976
0.29025
0.25439
0.28606
0.29594
0.12633
0.29967
0.20049
0.079746
0.1965
0.25102
0.2898
0.24593
0.23558
0.24005
0.20114
0.17006
0.29454
0.26541
0.29839
0.21521
0.28942
0.1078
0.15735
0.28361
0.30092
0.1962
0.26392
0.20198
0.26944
0.239
0.24956
0.3009
0.27053
0.1633
0.089865
0.28201
0.10986
0.12271
0.27814
0.28501
0.25479
0.037905
0.14913
0.21687
0.094816
0.23656
0.23509
0.17918
0.28636
0.27706
0.0067825
0.26906
0.13433
0.28771
0.24469
0.20418
0.28657
0.23178
0.21634
0.27449
0.28623
0.29332
0.23816
0.2952
0.28123
0.20951
0.25143
0.2583
0.25426
0.16091
0.24117
0.29613
0.20867
0.30019
0.27569
0.14283
0.27572
0.26756
0.20239
0.094574
0.056567
0.29124
0.29224
0.29793
0.30109
0.28893
0.28688
0.24627
0.28902
0.24687
0.20512
0.29607
0.23454
0.29863
0.19736
0.26276
0.21822
0.27224
0.034454
0.28531
0.23706
0.29986
0.23473
0.20915
0.29326
0.27453
0.28612
0.25416
0.22964
0.22028
0.29416
0.27408
0.23128
0.29419
0.1978
0.29207
0.24603
0.11094
0.29392
0.29572
0.0091216
0.16908
0.24876
0.20699
0.2942
0.30112
0.2165
0.27059
0.28005
0.27033
0.29557
0.26461
0.26785
0.27117
0.29678
0.21268
0.21638
0.2969
0.29687
0.29606
0.29834
0.2686
0.23761
0.30112
0.22866
0.17233
0.25225
0.23205
0.29674
0.24467
0.22049
0.11986
0.29627
0.043533
0.26163
0.27386
0.29704
0.29076
0.29386
0.24249
0.21798
0.20436
0.19156
0.30104
0.27626
0.28245
0.29985
0.20689
0.28362
0.30098
0.13846
0.27878
0.23964
0.05115
0.075168
0.28511
0.28519
0.20706
0.15392
0.29559
0.19817
0.29363
0.2156
0.27393
0.25772
0.2494
0.29947
0.28168
0.12155
0.30022
0.27841
0.0084604
0.19689
0.30069
0.26816
0.29777
0.12935
0.28423
0.29914
0.28969
0.30034
0.23064
0.29486
0.22548
0.19583
0.29727
0.12631
0.20903
0.2993
0.28438
0.29781
0.26777
0.27731
0.29994
0.25649
0.28043
0.16195
0.17782
0.29254
0.18593
0.28153
0.19588
0.062588
0.2849
0.15175
0.2992
0.27173
0.1975
0.26679
0.19717
0.21822
0.29452
0.30109
0.28179
0.29517
0.077268
0.25484
0.067713
0.1598
0.28554
0.24068
0.28305
0.24559
0.23211
0.070119
0.24195
0.29472
0.19594
0.024837
0.16769
0.23524
0.21761
0.22007
0.11719
0.2749
0.29985
0.30107
0.26308
0.25545
0.23017
0.20738
0.29706
0.28342
0.19873
0.24986
0.26627
0.27902
0.20294
0.019873
0.1677
0.20018
0.18574
0.21801
0.25757
0.2882
0.21564
0.15677
0.25597
0.2945
0.23763
0.23561
0.24518
0.23975
0.21126
0.19922
0.27774
0.22766
0.30045
0.29803
0.30007
0.29461
0.29944
0.27496
0.23555
0.27259
0.20555
0.2225
0.25908
0.26523
0.20452
0.25883
0.19612
0.29944
0.20529
0.19786
0.29495
0.24191
0.072817
0.064979
0.2796
0.22641
0.30102
0.27182
0.30021
0.2258
0.25553
0.13516
0.21665
0.20549
0.28448
0.035538
0.30094
0.20233
0.28368
0.29954
0.27419
0.24738
0.015499
0.24163
0.30105
0.27282
0.29096
0.25715
0.21253
0.2292
0.18744
0.080362
0.29747
0.29972
0.18662
0.28658
0.28889
0.20091
0.21026
0.30094
0.22028
0.28875
0.23415
0.27811
0.17793
0.29894
0.26953
0.22246
0.15644
0.29434
0.29882
0.20838
0.28124
0.25617
0.26314
0.24226
0.21013
0.11148
0.19778
0.30101
0.25845
0.27717
0.020741
0.0073445
0.28414
0.20732
0.25444
0.19776
0.2732
0.29813
0.075974
0.22844
0.24905
0.30057
0.29287
0.23386
0.20423
0.018659
0.22516
0.233
0.27605
0.27544
0.26245
0.25407
0.25485
0.20186
0.14274
0.26953
0.26469
0.22847
0.29349
0.19603
0.28175
0.21286
0.20651
0.26786
0.20185
0.30109
0.13004
0.29616
0.22591
0.25933
0.16211
0.19651
0.30097
0.27218
0.24278
0.20373
0.30112
0.30071
0.2869
0.29808
0.21323
0.079349
0.2774
0.30101
0.30112
0.24922
0.29033
0.30016
0.26217
0.014023
0.1972
0.29097
0.28512
0.27655
0.19724
0.30038
0.20695
0.28673
0.28266
0.29743
0.2175
0.29923
0.1849
0.29976
0.30071
0.23884
0.27771
0.17253
0.29412
0.30102
0.30042
0.19585
0.29882
0.25445
0.24122
0.26853
0.25575
0.234
0.29841
0.27531
0.29913
0.26134
0.30006
0.30071
0.11245
0.23151
0.21463
0.30076
0.29718
0.28862
0.29722
0.30109
0.12917
0.1074
0.20438
0.15885
0.23949
0.22454
0.29171
0.017404
0.22412
0.28679
0.25359
0.201
0.3001
0.24431
0.20096
0.21352
0.29721
0.19916
0.24185
0.29309
0.20414
0.25245
0.24194
0.2916
0.22179
0.2415
0.29298
0.25421
0.21991
0.081959
0.044219
0.19658
0.12873
0.22098
0.23384
0.27027
0.29888
0.17671
0.19695
0.23733
0.23626
0.29943
0.23411
0.19605
0.23155
0.26531
0.29919
0.27417
0.081147
0.20004
0.29288
0.20783
0.21174
0.23248
0.27995
0.20724
0.26744
0.30058
0.29083
0.1887
0.29477
0.20234
0.26296
0.20995
0.26022
0.1304
0.29546
0.16143
0.20273
0.19755
0.18829
0.25937
0.23461
0.15672
0.098299
0.20795
0.30079
0.19621
0.29671
0.29924
0.19583
0.2634
0.28556
0.2709
0.0029763
0.0112
0.23956
0.29291
0.29182
0.2769
0.19645
0.28348
0.28554
0.19744
0.29988
0.29205
0.018268
0.29605
0.2065
0.29134
0.18618
0.25989
0.20427
0.30047
0.1037
0.19614
0.17657
0.30105
0.29487
0.29021
0.033024
0.29375
0.11217
0.28947
0.22196
0.19583
0.15918
0.29983
0.25641
0.24712
0.20398
0.23357
0.094792
0.26099
0.19658
0.28069
0.28454
0.30112
0.29687
0.26643
0.23937
0.29347
0.2416
0.18423
0.19647
0.30105
0.29906
0.25843
0.30011
0.30093
0.28201
0.26545
0.27617
0.2582
0.23688
0.052801
0.26466
0.21855
0.28768
0.20656
0.25128
0.28522
0.25197
0.29392
0.2865
0.299
0.20025
0.25877
0.30012
0.2266
0.26474
0.26308
0.28758
0.29832
0.11937
0.29736
0.27853
0.26818
0.15585
0.22624
0.27688
0.30075
0.014518
0.2254
0.30084
0.15292
0.19744
0.1929
0.30067
0.29108
0.29957
0.221
0.20037
0.28721
0.28582
0.19999
0.29435
0.29571
0.12219
0.23556
0.093215
0.2502
0.27528
0.20597
0.27361
0.29793
0.23074
0.19898
0.27066
0.29964
0.15585
0.22697
0.2984
0.20131
0.13909
0.20953
0.28713
0.21859
0.13335
0.1535
0.29286
0.063278
