0.30022
0.069227
0.22302
0.72322
1.2854
0.57175
0.21181
1.1487
0.18624
1.111
0.41134
0.44177
0.91637
0.2144
0.72941
0.22114
0.71788
0.36265
1.2309
0.10144
1.1289
0.25791
0.22601
0.45464
0.14382
0.1364
0.22465
0.22089
0.78756
0.21474
0.38267
0.76224
0.45309
0.2281
1.2609
0.73221
1.3652
0.10318
0.22776
1.4813
0.21344
0.40853
0.53983
1.0397
0.40884
0.099522
0.1879
0.30619
0.21402
0.036086
0.1731
0.45144
0.18503
0.59513
1.1652
0.20393
1.4844
0.10195
0.4312
0.22759
1.3136
0.34311
0.72587
0.72979
1.2305
0.22353
0.05915
0.00095803
0.64177
0.37213
0.46247
0.19806
1.1169
0.38135
0.63909
1.3213
0.31312
0.21183
0.83673
0.52694
0.1177
1.1981
0.29031
1.3324
0.13757
1.0104
0.21653
0.44968
0.043065
1.2746
1.1025
0.15683
0.84384
0.54818
0.16572
0.91539
0.74192
0.18835
0.15835
0.12786
0.65762
1.277
0.1754
0.66181
0.19364
0.27664
0.19212
0.33469
0.51991
0.84799
0.16171
0.46913
0.41186
0.20736
0.18163
1.2276
1.4838
0.69309
0.20296
0.1994
0.98415
0.052148
0.96924
0.61834
1.4833
0.21215
0.13227
1.2009
0.48175
0.49611
0.43434
1.2316
0.098795
0.64763
0.56603
0.41135
0.063957
1.4768
0.15227
0.036202
0.073017
0.13986
1.2932
0.062421
0.32642
1.0754
0.4118
0.16368
1.4837
0.48618
0.91161
0.22739
0.22004
0.42261
0.11259
0.056894
0.11059
1.3441
1.2481
1.1991
0.20771
1.3751
0.22861
0.12748
0.17028
0.53946
0.068626
1.2548
0.20738
0.011744
0.21171
1.3841
0.86396
0.22444
0.04769
0.21631
1.1966
0.062313
1.2595
0.63098
0.20735
0.65753
0.19105
0.34888
1.447
0.47901
0.2209
0.1651
0.14442
1.4326
0.15342
0.24042
0.41402
0.61749
0.8272
0.16102
0.70707
0.14291
0.62877
0.39971
0.32526
0.44518
1.4549
0.66595
0.18223
0.20777
0.49451
0.22653
0.61187
0.90405
0.26925
0.054502
0.18618
1.1304
1.444
0.23434
0.4308
1.2509
0.15053
0.68648
0.67488
0.22712
0.14714
0.11059
1.1852
0.52369
0.19315
0.16913
0.17071
0.86313
1.4768
0.2112
1.2978
0.20943
0.19865
0.84751
0.1028
0.13523
0.09656
0.12917
0.55529
0.05791
0.33205
1.3392
0.726
0.20883
0.065014
0.79427
0.92025
0.16461
1.137
0.50539
0.22543
0.2167
0.21553
0.11904
1.2432
0.098198
0.14133
0.6192
0.040077
0.38106
0.22583
0.068991
0.35866
0.88952
0.45992
1.2555
0.68838
0.062972
0.22163
1.3008
0.14563
0.47718
1.0161
0.93064
0.68258
0.49482
1.4426
0.12545
1.3285
0.14759
1.0075
1.2566
0.12962
0.095971
0.30836
0.2011
1.48
0.21951
0.17818
0.17548
0.17189
0.30615
0.11965
0.14081
0.4244
0.069906
1.3474
0.099115
0.21642
0.21547
0.43691
0.50896
1.3793
0.34448
1.2859
0.1267
0.15944
0.22552
0.59606
0.058492
0.37468
1.4785
0.92565
1.4812
0.12938
0.14244
0.16031
0.11502
1.3235
0.317
0.16836
0.61804
1.4846
0.2026
0.22651
0.57737
1.135
0.13529
0.37621
1.3432
0.19756
0.44612
1.4643
0.29086
0.2249
0.17508
0.2132
0.5028
1.1134
1.459
0.79264
1.4081
0.16501
0.062532
0.088991
0.25587
0.04147
0.31118
0.35351
0.21915
1.4664
0.27404
0.70505
0.94864
0.047306
1.4795
0.69087
0.94468
1.1637
0.82269
0.089743
1.3409
0.31194
0.10719
0.21338
0.055031
0.22134
1.4368
0.010251
0.17007
0.38738
0.10834
1.4562
0.68646
0.012731
0.44837
1.1661
0.57522
0.022154
0.016845
0.19207
0.22763
0.13854
0.53894
0.43442
0.20679
0.22572
1.1227
1.0004
0.19052
0.58516
0.2286
0.12271
0.51715
0.1693
0.95169
0.20629
0.65471
0.13157
0.21749
0.16545
0.26115
0.27214
0.21421
0.50475
1.4133
0.089845
0.19255
1.461
1.2602
1.2779
0.48166
1.4624
0.43261
1.0707
0.14058
0.86408
0.17142
0.10245
0.1666
0.87131
1.1696
0.030865
1.4769
0.065989
0.22714
0.17364
0.19199
0.89101
1.2227
0.49804
0.18157
0.93494
0.71153
0.62345
0.012654
0.20505
1.2655
0.92987
0.046228
0.19289
1.0197
0.80058
1.2653
0.87595
0.078728
0.18811
0.15508
0.90654
0.96485
0.21651
0.0024311
0.71356
0.11118
1.4578
0.11943
0.12633
1.369
1.3981
0.9484
0.18886
0.19251
0.2154
0.98351
0.33404
1.0325
0.15587
0.20306
0.20279
0.38788
0.22227
0.097729
0.56087
0.41525
1.4808
0.59167
0.20359
0.22268
0.15334
0.18575
1.3355
0.15095
0.16332
0.21159
0.17205
1.0009
1.48
1.4108
0.2234
0.11373
0.1686
1.1352
0.13558
0.22459
0.37536
0.57744
0.21893
0.22366
0.90862
0.22706
0.17339
0.93664
0.15052
0.44062
1.2905
0.43457
0.40748
0.049683
1.4801
0.12989
0.49067
0.92442
0.34606
1.4244
1.218
0.67444
0.5195
0.17553
1.4844
0.10166
0.66529
0.5767
0.24007
1.0415
0.22585
1.1022
0.35459
1.4202
0.43511
0.56554
0.67214
0.94268
0.66972
0.21755
0.25779
0.20101
0.66148
0.18624
0.40594
0.18454
0.069208
0.22846
0.22416
0.24838
0.073612
0.065035
0.52138
0.21243
0.20302
1.4263
1.0938
0.063385
0.1907
0.43541
0.01022
0.13024
0.26551
1.0568
0.027399
0.52009
0.11196
1.4641
0.59051
0.14404
0.22859
0.1294
1.3135
0.079563
0.084413
0.50462
1.3144
0.14074
0.63343
0.61768
0.38862
0.10057
0.50425
0.11626
0.34076
0.84138
1.0555
0.37441
0.15002
1.3824
0.16476
0.57013
1.2427
0.74247
1.2099
0.085586
0.19954
1.242
1.4115
1.3945
0.86126
0.18557
0.10157
0.22816
1.0643
0.21651
0.08419
0.077614
0.21501
0.77244
0.26126
0.042915
0.22422
0.74616
1.0353
1.1114
0.59221
0.11739
0.18654
0.22849
0.1441
1.1553
0.54479
0.78444
0.70917
0.2267
0.52254
1.4158
1.4817
1.3498
0.22684
0.28618
0.32569
0.64831
0.24157
0.61199
1.471
0.51443
1.0192
1.4116
0.57272
0.17276
0.10612
1.4702
0.22185
1.3096
0.56844
0.22142
1.3551
0.9857
0.65359
0.18574
0.94366
0.18771
0.21098
0.22027
0.11406
1.3389
0.49074
1.0291
1.3202
0.12447
0.74013
1.4554
1.4507
0.8963
1.3342
0.35025
0.18182
0.17821
0.031844
1.3234
0.50807
0.48711
0.10438
1.2456
1.4623
0.4663
0.39638
0.48511
0.20036
0.061988
0.22834
0.051758
0.178
0.88814
0.93803
0.19873
0.65365
0.057221
1.3946
0.10306
0.077664
0.20536
0.96478
0.70231
0.040024
1.0579
0.13816
0.2156
0.17015
0.57228
0.55155
0.067249
0.4015
0.074579
0.719
0.77172
1.4445
0.46712
0.15899
0.19893
0.19765
0.56397
0.18142
1.2145
0.35427
0.10531
0.33952
0.066063
0.21642
0.77703
0.56631
0.22855
0.47173
0.60688
0.0095931
1.0218
0.1884
0.63357
0.12991
0.082786
0.13535
0.4981
1.1528
0.1732
1.4733
0.79925
0.21951
0.065754
0.12206
0.2283
0.16003
1.3542
0.87821
0.17963
0.093145
0.084328
0.61685
0.069881
1.0445
0.22592
0.029584
0.18952
0.64256
1.4636
0.19464
0.068133
0.12806
0.061878
0.93052
0.43519
0.096911
0.91261
0.054476
0.18582
0.36468
0.12864
0.78017
0.85605
0.063365
0.32086
0.25495
1.3977
0.99703
0.60642
0.76791
0.13436
1.1488
0.63753
0.69357
0.96042
0.90707
0.12463
0.21989
0.60802
0.22852
0.057124
1.4538
1.397
0.14653
0.19683
1.0407
0.21174
1.2309
0.2493
0.062856
0.58964
0.96102
0.63166
0.33916
1.288
0.49711
0.22714
0.29614
0.18809
0.096124
0.77693
0.08945
0.24421
0.45914
0.52484
0.66402
0.24019
0.13734
0.43326
0.2113
0.39419
0.53029
1.3157
0.2006
0.22821
0.62866
1.2187
0.32211
0.22665
0.19752
0.25294
0.64834
0.031155
0.094749
0.81663
0.70511
0.047973
0.31618
0.14696
0.22235
0.81511
1.4721
1.1669
0.14907
0.58848
0.08907
0.2161
0.20934
0.6262
0.12695
0.061585
0.2194
0.22694
0.09294
0.98299
0.0084685
0.25901
0.61016
0.1449
0.22575
0.11617
0.35493
0.084477
0.18657
0.055104
0.89285
0.2234
1.3025
0.51849
0.49371
1.1848
0.58189
0.21862
0.22596
1.2629
0.2561
0.081604
1.4847
0.18059
0.83648
0.74699
0.12686
0.82989
0.2077
0.15339
1.3689
0.33187
0.12299
1.0695
0.33791
0.22863
0.22572
0.37357
0.90849
0.13591
0.1333
1.3575
1.3758
0.58004
0.061464
1.4707
0.39627
0.93285
0.13251
0.49658
0.39807
0.62447
1.4554
0.13883
0.72581
0.91451
0.12068
1.1566
0.20109
0.91382
0.48006
0.89421
0.55319
0.2014
0.089065
1.4654
1.4192
0.13341
0.44766
0.22515
0.2099
1.0749
0.17465
0.12694
0.84357
0.41523
0.22019
0.72225
0.5486
0.14767
0.093456
0.34613
1.484
0.58486
0.071035
0.12539
1.4847
0.22858
0.36378
0.4036
0.15281
0.37727
1.4354
0.89237
0.41917
0.21671
0.19103
0.32189
1.0521
1.1413
0.23818
0.15631
0.6629
0.2124
1.1401
0.06899
0.17834
0.12044
1.4846
0.18064
0.1918
1.0644
0.199
0.15145
0.21879
1.1545
0.9114
0.67817
1.2916
0.76975
0.57251
0.69425
1.1767
0.24
0.16159
0.22817
0.20862
0.37125
1.2367
0.35417
0.37798
0.44452
0.93198
0.92367
1.4843
0.80165
0.04749
0.074694
0.24635
0.16884
0.24294
0.033898
0.78468
0.10381
1.2746
1.0461
0.2267
0.51418
0.18438
0.1869
0.33667
0.94478
