3.7605
0.20859
0.25279
3.397
0.27539
0.14809
3.5965
4.1819
2.4472
2.6013
1.927
0.23936
3.7431
0.21979
4.0265
0.25315
1.0311
4.1466
0.054445
0.24359
2.7797
0.19911
2.4732
1.186
0.26499
0.38445
2.8092
4.0107
0.18665
3.7777
0.20718
0.90015
0.18933
0.89466
0.17382
4.0057
4.1579
0.2473
3.994
1.8987
0.25703
3.9459
3.9624
0.23745
3.5606
3.4225
0.080754
0.20589
0.37909
0.2816
0.12301
4.2583
3.7872
2.7409
1.9769
3.766
3.3389
2.206
0.061115
3.7866
0.2443
0.25226
0.13231
0.15776
0.053525
0.015174
3.1806
0.17921
1.2104
2.6768
0.16031
0.26998
3.6951
1.2453
4.0919
3.2801
0.74194
4.2091
0.25334
0.16046
3.1804
0.16342
1.4597
0.074313
0.45262
2.4944
2.8268
0.26464
0.019738
2.9903
4.226
1.7322
0.27992
0.10063
0.49116
0.28386
0.074819
4.0685
3.5825
3.8214
0.11768
4.1134
0.059094
0.27192
3.1184
0.10259
0.2835
0.15183
4.0921
3.5022
2.5651
2.6944
4.2363
2.5022
0.20776
0.16789
3.7868
0.28145
0.26768
0.2815
2.6597
0.27442
0.26994
2.1413
3.1735
4.0665
0.13474
0.56289
1.9576
0.27052
1.2298
0.18711
0.12368
3.718
3.5222
2.8234
3.9152
0.089063
0.23746
3.7445
0.24719
0.27584
0.32635
2.9754
3.4781
0.19974
0.15146
1.4257
3.7164
0.27784
1.8868
0.078178
3.5564
3.4549
1.4794
3.8478
1.4015
4.2484
0.23778
3.4312
0.24687
0.16082
1.4593
3.7639
0.097558
0.25989
4.0923
0.27578
3.9867
3.9836
3.2394
0.063047
4.0286
3.542
4.1898
0.11444
0.20551
2.0307
0.18683
1.9568
2.2138
1.3216
0.50793
0.28145
0.27996
2.9473
1.7648
3.277
0.37762
4.0675
0.14166
4.0942
1.243
0.26684
0.3768
3.0769
0.16503
2.9862
0.58156
0.27431
0.17623
0.061368
0.14443
0.1242
4.1731
1.5615
0.16807
2.3681
3.4689
4.2329
4.0806
0.15138
3.9629
3.5781
3.6487
0.42746
0.28072
0.27622
4.0038
0.15607
3.1614
2.8809
4.2088
4.0707
2.3796
0.14348
0.19575
0.67473
3.4871
4.2713
4.1479
0.15634
2.9907
0.23266
0.27973
0.18557
1.3151
2.1537
0.10248
4.1845
0.12041
0.065367
0.35156
0.21408
3.3308
0.17289
0.50207
4.2648
3.9532
3.8224
0.28202
0.061773
0.11369
3.4639
3.5427
0.27616
2.9833
4.2096
4.2276
4.1532
2.0075
1.4649
0.27097
4.0758
0.15397
4.0621
0.25784
0.28151
1.9592
0.23319
0.27111
1.2033
0.26475
3.4065
2.918
4.1979
4.0313
0.24076
3.8108
0.24747
3.8033
1.6667
0.20819
3.5171
3.132
0.26759
0.12423
0.19528
4.0427
3.2144
0.23991
3.7906
0.27176
2.5535
4.1179
0.28129
0.25841
4.0706
0.26692
3.0867
2.0625
0.15904
0.27278
0.128
3.6483
3.901
0.23508
0.13634
1.677
1.3957
0.20514
0.26655
0.58727
0.27309
0.24627
3.9985
0.60947
0.1149
0.27532
0.8242
0.25648
4.0393
0.29613
0.19762
0.14433
0.26013
0.24814
4.0942
3.8078
0.25918
0.2508
0.26074
4.032
1.6289
3.6205
4.2095
3.5534
2.7808
0.28151
4.1877
0.26868
1.8512
0.23583
0.23675
0.23714
0.19465
3.397
0.26557
2.8211
4.189
1.3986
4.0319
0.24477
2.6264
1.2929
4.2101
0.25381
0.05939
0.072475
3.846
0.90142
0.0049106
0.27445
0.041898
0.28058
0.028954
4.0815
0.27546
0.24731
3.6435
1.5961
4.0614
4.0672
4.1665
3.2589
2.584
4.0809
0.012476
0.19231
0.12501
2.083
3.6698
0.24202
3.3105
3.7125
0.089089
2.814
2.213
0.69295
1.3576
0.066336
2.7802
2.8573
3.2643
4.1595
0.055253
0.26358
0.13559
0.17586
1.6206
1.9934
0.28168
3.9207
0.27756
0.042506
0.10785
3.7881
0.19777
1.2697
0.17585
3.4105
0.17644
3.6467
0.032299
3.1915
0.18423
0.29733
0.13531
0.25584
2.8083
2.0577
0.28779
0.082709
4.1342
0.23821
0.53296
0.15587
0.17048
0.25967
1.5206
0.12315
0.24723
0.19939
0.20917
0.27697
3.9723
0.0047807
0.27219
0.18612
0.64337
0.24304
4.0064
2.2107
0.85634
0.41389
3.4969
4.0933
3.5046
4.2481
3.7318
0.0755
0.25104
0.26939
3.7038
2.3781
0.38461
0.26373
0.27178
0.036679
3.5928
0.073701
2.0353
3.9012
3.5864
0.089035
0.49798
4.2041
0.06244
3.434
0.25726
4.1484
1.4767
3.3658
0.2301
3.2767
3.7601
0.50122
3.8991
0.18315
1.103
0.077657
3.9638
0.2361
4.1993
0.26237
3.5403
1.6164
0.23765
4.2455
0.24596
1.8571
3.8981
0.31246
0.038699
0.12709
2.2455
0.19878
0.8497
0.53919
0.29735
4.0907
0.67718
0.23784
0.17924
2.3265
3.7643
0.13183
3.7276
0.2303
3.3835
0.2298
0.22938
0.2625
3.3366
2.7649
1.3901
0.011082
0.18593
3.2038
0.16781
0.16675
2.465
4.1646
0.10747
0.19578
0.71375
0.0026586
2.4092
3.9348
2.1652
0.1886
3.7972
0.83997
0.27193
3.1621
0.94396
3.6288
0.21039
3.582
4.0252
0.1645
0.18462
2.9108
0.046244
0.062282
4.1637
0.78187
3.8532
0.19311
3.6071
3.6892
0.17088
0.27487
0.085275
2.3838
0.15153
0.17893
0.25747
3.9799
0.27857
4.2602
4.0246
3.005
3.6531
0.36458
0.27675
0.27879
0.25204
0.12531
0.27104
0.24006
3.3636
0.21447
3.9466
4.2697
3.8123
0.2592
3.0082
2.6245
3.1835
1.9959
0.20648
1.9627
2.8867
0.26221
3.9986
0.20686
4.141
3.8096
0.18838
4.2301
3.968
2.9791
0.14389
0.02476
4.0937
3.3731
0.25595
0.1465
4.1658
4.0696
4.1513
0.068997
0.27012
4.1724
0.11735
0.13198
2.8655
0.028898
3.4417
2.6592
4.2358
0.027777
1.6039
0.058997
2.7663
2.5817
0.26375
0.31359
0.27705
0.54311
3.2285
1.6111
4.2612
4.1215
0.15599
1.0871
0.25744
0.041781
0.23254
2.5574
3.8844
2.4428
0.032104
0.19561
3.2445
1.9459
4.1268
0.08482
3.2846
3.9462
1.2109
0.27438
0.24943
0.25705
4.0854
0.090488
1.6967
0.27635
2.9993
0.25069
0.28052
0.070919
0.19782
0.0012778
0.28398
0.073242
1.4745
4.1208
3.6503
2.0437
3.1956
4.2459
0.27581
3.2424
1.4489
0.23215
3.8962
0.093297
0.30315
0.27858
1.7723
0.27305
2.1924
2.2285
0.26844
1.9125
4.2
0.46144
0.55938
0.26566
4.087
1.3216
4.2616
0.24947
0.60968
0.22823
0.17167
0.26317
0.13705
3.1503
0.15998
0.2098
2.669
0.037712
0.66824
0.27419
0.27985
0.28167
0.063485
4.0257
0.09056
0.75717
0.27979
0.019418
0.27717
0.12286
0.10393
3.8141
0.16359
4.0746
0.17971
0.13875
0.18234
0.13334
0.57776
0.26566
1.2484
2.2131
3.905
0.17378
0.12667
4.0665
3.9311
0.37313
0.78618
0.27575
0.24525
3.6343
0.052374
0.48021
0.12353
2.0364
0.27221
3.3948
4.198
0.23915
0.21356
0.15559
0.0052119
2.6755
3.8942
0.054001
0.24375
0.23742
0.25971
0.85792
4.209
0.032562
2.3539
2.9435
0.26803
2.3159
0.95495
0.048049
0.2482
2.0657
0.261
0.26777
2.6988
3.1646
2.0709
4.2084
0.26915
3.3689
0.11106
3.2563
0.16359
3.9418
3.1264
3.0406
1.5105
2.7208
0.087082
3.5532
0.19322
0.014005
3.8606
3.91
3.9152
0.21254
3.9885
1.3339
3.235
4.0877
0.24224
0.12729
4.13
0.27473
0.2308
0.14497
3.6395
4.0908
2.5686
2.9256
0.17916
4.2372
0.23089
3.6827
2.9294
0.20309
0.26011
0.24861
0.31719
0.30412
0.22936
0.019211
0.12476
0.29785
3.7435
3.5438
1.8463
2.4317
3.1516
0.12269
0.27053
1.4339
3.8435
0.36327
0.037536
0.27922
2.9953
0.35649
0.079063
1.1767
0.26308
1.9936
0.27146
2.9042
0.23713
4.1451
0.17321
0.23788
0.27548
0.25753
0.17102
2.4993
3.4836
3.4831
0.27679
4.1987
0.2666
0.25202
0.2482
1.1756
4.0628
0.24067
3.1763
0.04525
4.1173
0.26751
2.1442
0.2745
0.27258
0.054879
4.1498
1.4042
0.096233
2.9639
0.42131
0.19276
0.25352
0.12963
3.5498
0.25275
1.4003
2.8414
4.186
2.567
3.2853
0.92265
3.6394
0.095634
0.27425
2.4815
0.20549
2.7051
0.26645
0.98355
0.034784
0.30192
0.25307
0.20728
0.18437
0.24414
0.1588
4.1948
0.27883
2.6132
4.2008
0.25915
0.24669
3.6643
4.2302
0.16381
3.4262
0.20167
0.12791
0.69605
0.034916
3.5467
2.5367
1.0776
0.24157
0.15174
3.3965
2.5988
2.8434
1.1292
0.17764
0.27565
0.19803
0.28588
0.14003
4.199
0.27965
0.23144
0.20517
3.5633
0.2191
0.060487
0.11202
0.11918
2.4143
3.7565
0.24266
0.18762
3.127
1.8891
1.1991
3.4971
1.6328
3.2477
0.17255
3.7298
3.7852
3.0272
2.841
0.17851
3.0717
2.7288
4.0151
0.9911
0.36493
0.25536
0.20922
0.24633
1.3937
1.3451
0.31678
2.1526
0.47888
0.17776
3.5225
0.26125
2.8378
0.61611
2.6768
4.0284
0.26297
0.19332
0.23651
0.25208
0.27367
0.16141
0.19895
2.5244
4.0898
1.6955
4.1094
0.053042
0.13357
4.178
1.1007
3.772
2.1992
0.085492
0.19632
0.045254
0.13015
0.051349
1.2966
2.6539
4.0941
0.14119
0.30188
2.1171
0.18121
0.26742
2.6058
0.24344
0.2804
0.96145
2.0782
0.018823
0.11938
0.25633
2.1888
0.24934
0.16038
