1.2684
-1.6328
-2.0435
1.4633
0.54456
-1.2614
-1.8862
-1.8413
1.8084
-1.5075
0.68642
1.1941
0.87099
-2.2532
1.4366
1.8224
1.4416
-1.757
-2.3658
1.3829
1.7721
-1.4704
1.6911
-0.99314
-1.8924
-1.9947
1.9818
1.3912
-1.9838
0.97755
-0.89666
-2.0422
2.0195
-1.5754
-0.53178
1.2843
-0.98114
2.1546
1.6736
-0.76511
-1.0906
-0.55988
1.8158
1.4518
1.6513
2.0824
-1.065
2.1291
-1.8506
-1.9549
-1.7673
1.8634
1.5173
-0.92507
0.90601
-1.5549
1.7106
-1.0104
1.6322
2.3171
1.1435
0.94919
1.5143
0.28969
-2.0242
1.105
1.482
-1.6474
1.2954
0.7168
-1.2629
-1.7398
-1.7948
0.74235
-1.3923
1.0763
-1.1164
-1.2488
1.9192
-1.3751
-1.2318
1.4533
-1.1526
1.3871
2.7516
2.1674
-1.1638
1.2165
-2.0226
-1.8253
-1.3973
-1.6402
-2.3423
1.9271
-1.7804
-2.1669
-1.3141
-1.6158
-1.217
-0.89862
1.1957
-2.2799
1.9266
1.2712
-2.1429
-1.5454
2.5596
1.7621
1.7195
-1.7565
1.8419
1.1002
-1.6668
-0.90926
-1.3144
2.4766
1.46
1.0332
1.5133
2.0425
1.7167
-0.64189
-1.3686
-1.6209
-0.16121
-0.83557
2.0898
0.89197
1.0636
-1.9064
1.4792
-1.0666
1.166
-0.59247
2.2772
1.7924
1.3257
1.0077
1.7848
-1.6316
1.3012
-2.5112
-1.3159
-0.65409
1.6974
-1.4767
1.5291
1.414
2.3313
-1.6188
0.8343
-1.6576
-1.0584
1.6352
1.2964
1.53
1.7174
1.3266
1.1409
-1.1203
-1.56
1.8067
-0.91662
1.4013
0.71638
1.7983
-0.47447
-0.75501
-1.3409
-1.4807
-2.3
-1.1511
-0.8761
0.98359
-0.86763
1.7501
1.7133
-0.69069
2.2237
2.2097
1.2016
-2.0357
-1.1753
0.23874
0.97516
-1.7486
-1.0509
-0.36535
-1.1139
0.92763
-1.5483
1.6908
-0.91058
-1.6687
0.76586
-1.3535
-2.997
1.6735
0.88772
-2.4647
1.7544
1.6722
-2.1677
-1.8696
-0.96731
-0.95479
-1.1848
1.6448
-2.1614
1.7845
-1.1773
1.8672
2.4701
-2.2896
1.6857
2.0604
-1.3748
-1.4002
-0.62573
0.70465
1.6977
1.715
2.2046
-0.99242
1.1248
1.2448
-1.1277
-1.3511
-1.8165
-1.6036
-1.2079
-1.5176
-1.3183
-1.4441
-1.8756
-1.5587
-0.94797
-1.8099
-0.96983
-0.24622
2.6555
-1.0662
-1.2404
-1.3639
2.0416
-1.5029
1.5363
1.5291
1.2643
1.6845
-1.5382
1.7238
-1.6923
-1.0402
-0.68199
1.8796
0.89505
-1.3124
-2.0851
-1.1396
-1.2788
1.4406
1.0875
-0.68292
1.9566
1.3849
1.4023
-0.61435
-0.89051
0.52136
1.276
-1.2804
2.3186
-0.405
1.1784
1.025
-0.70937
2.2426
0.91493
0.80883
-1.6326
1.2945
1.1299
1.0238
0.72706
-1.1451
1.8969
1.1017
-1.241
1.7451
-1.7384
1.3933
0.59811
-1.4014
1.7131
-1.2211
1.2554
-1.034
-1.1191
0.21996
-0.94609
1.1346
1.5508
1.8583
-0.85671
-1.4841
2.6342
3.0407
0.23584
1.4496
1.2834
2.0284
-0.89814
-0.38498
1.7835
-1.6429
-2.1448
1.3229
-2.0864
-1.4551
1.3037
-1.9395
0.70851
-0.37323
1.3558
1.7863
-0.91202
-1.7973
-1.439
-1.7414
-1.5881
-1.4919
-0.65179
-1.8593
1.1199
-1.4599
1.3362
-1.3072
-1.5108
-1.7006
1.6322
-1.0932
1.3089
-1.4165
-1.2256
-1.212
-1.6697
2.0963
1.3267
0.76762
-0.68306
1.1415
1.6727
-1.2322
1.7447
1.795
1.2064
2.3224
-1.1016
0.81329
2.4711
-0.57183
1.6226
1.2704
0.94736
1.5762
-0.98004
2.0039
1.8351
2.5097
-2.0218
-1.3756
-1.567
1.4484
2.0338
2.3166
-1.0287
0.84371
1.3555
1.3034
-1.9604
-2.2668
-1.6865
-1.9688
2.8773
1.6105
-0.68497
-1.3295
-1.6767
-2.4801
-1.6165
-1.1945
-0.98212
1.2191
-2.2657
1.9065
2.3774
1.1505
-1.8995
-0.13639
-1.4042
-1.9885
-1.965
1.5505
1.3095
0.61021
-1.3393
-1.0109
-1.2466
2.2341
1.9621
1.4138
-1.6297
2.2038
1.7135
2.33
-2.1447
1.2953
-1.4759
-2.8286
-1.6749
-1.0756
-1.0721
1.4019
0.80484
1.0986
2.1608
1.0473
1.0459
1.7784
-2.6429
0.75155
1.2232
1.5622
1.7492
1.737
-2.0792
1.031
-1.5635
-2.3421
-1.3822
-1.0794
2.0405
-1.3883
0.58843
2.2547
2.9227
-1.4005
1.5062
1.5113
-1.7397
1.4703
-1.7943
-1.1471
-1.1923
-1.1536
1.8991
-2.3808
1.8991
1.7851
0.83172
-1.5065
-0.52128
1.7769
-0.54362
-1.6612
-1.0379
-2.2081
1.5766
-1.7276
1.8569
1.2495
-1.4638
1.5594
-2.755
1.0804
-1.195
-0.81437
1.1622
-1.9913
2.0119
-1.5319
-1.4321
1.8724
-1.1774
2.3427
0.90171
1.3816
-0.94825
1.6083
1.2369
1.9944
-1.7592
-1.6402
-2.0792
-1.5259
-1.2525
-1.4179
1.1099
-1.9136
-1.2705
1.3347
-1.7618
-0.47589
1.7787
1.1287
-2.2506
1.1971
1.1429
1.2369
1.6362
-1.4626
2.2484
-2.0459
-0.92005
1.1499
-2.5389
1.0287
-1.9114
-2.0078
2.3025
0.36086
1.1896
-1.1275
1.1838
-0.66933
1.3179
-1.1356
-2.0596
-1.5206
-2.361
-1.4757
-0.56838
1.7031
-1.3822
-1.7101
1.6342
1.7848
1.8037
1.8436
-2.1219
-1.5628
-1.1285
-1.5795
2.197
-1.0265
1.1231
-2.342
0.83126
-1.3649
0.80577
-1.2953
-1.3926
-2.0963
0.89962
1.1704
-1.5332
-1.8812
-2.1463
-0.66077
-1.5897
-0.70864
-1.8109
2.1806
-1.8141
-2.547
-0.78482
1.5708
-0.27248
1.1758
0.63652
-2.1747
0.83851
-1.7864
1.8285
1.574
-0.91314
1.5742
1.3496
1.9632
-0.81877
1.8647
0.00066789
1.3818
1.3464
-1.6044
1.6818
-1.6087
-1.1425
1.2611
-1.012
-1.4698
1.1243
0.7141
-0.47124
1.836
-1.4737
-0.8182
-1.3669
-1.7241
0.91523
1.4793
1.8131
-0.90102
1.9003
-1.1849
1.3359
-1.747
-1.042
-1.2341
-2.1672
1.0149
1.3254
1.2021
-1.4897
1.6653
-1.9628
1.0665
1.7235
1.3603
-2.3864
-2.1709
1.5988
1.3392
0.90285
-0.051237
2.5608
-1.8001
1.9728
-1.3766
-1.2186
1.3504
-0.96581
-1.8018
-1.4737
-0.74583
-1.9668
1.5376
-2.3847
-1.8163
-1.035
1.4408
1.3416
-1.6135
-1.4282
1.0095
1.5113
-1.5853
-1.4373
2.0309
1.8716
1.771
1.7601
1.6325
-1.6989
2.094
-1.765
-1.3321
1.8236
-1.7661
1.2227
1.5648
-0.8535
-1.7672
1.6297
-1.428
-0.93846
1.7132
-1.4485
0.99301
-0.39568
-1.9748
-2.2206
0.81788
-1.5949
-1.3822
1.3192
-1.5176
-1.7119
2.2929
1.7073
-1.5524
1.1892
-1.2515
1.5989
1.1725
2.1457
-1.1391
-1.6985
-1.3043
-1.4196
-2.332
-1.6678
-0.987
1.1862
1.1586
-1.5997
-1.801
1.813
-1.9946
1.9144
-1.5291
1.3213
-2.0103
1.7011
2.3926
1.7078
-1.4234
2.4459
1.5642
0.92467
1.978
0.87759
-1.5836
-1.5394
2.5309
1.5545
2.1976
1.9128
0.87487
-2.3837
0.93515
1.2189
1.1114
-1.2017
0.44138
2.2019
-1.8723
1.3434
-2.1793
0.98157
-1.55
1.3374
1.2662
1.423
1.8156
-1.4852
-2.0188
-1.8302
1.6263
-0.53846
1.578
1.2821
-0.44606
0.30624
1.7588
2.1518
1.829
2.292
-1.5424
1.4777
-1.0996
-1.3229
0.74811
1.84
1.3737
1.828
-0.72755
1.3988
1.8938
1.2329
0.82711
1.574
1.4718
-1.7891
1.042
-1.5637
2.2295
-1.3355
-0.96045
-1.8924
-1.7288
1.353
1.2025
-0.39328
-1.6928
1.1024
-1.1716
1.4887
-2.0108
-2.2599
1.2895
1.5875
-2.6164
1.3923
2.5293
-1.1969
-0.84009
1.8923
1.0934
1.9702
-1.7033
-2.3865
-1.3188
-1.6665
-1.9467
-2.0265
-1.0476
0.68262
1.7526
-1.4094
2.0388
1.129
-2.108
-1.9557
2.0619
1.5374
-2.5512
1.499
2.1302
1.0325
1.0866
-1.2251
-1.1906
-1.4119
0.99879
0.42771
1.622
1.9737
1.3469
-1.414
1.756
-2.2983
1.4976
1.3916
-1.1476
-2.1018
-0.84593
-1.5
-1.5569
-1.7275
2.6831
1.676
1.5501
-1.4673
1.6679
-2.0757
1.5303
1.5269
-1.2198
2.2438
-1.8473
1.3802
1.4011
1.1836
-1.8443
-1.7532
-1.7685
-0.98989
-2.2118
-1.7
-1.0552
-1.2995
0.95373
-0.92851
1.3078
1.4379
-0.34202
1.4435
2.5944
-1.9018
-1.0915
-1.934
-0.37894
-1.9702
-1.1829
-2.0839
-1.0027
-0.83178
-1.5741
1.6002
0.51109
1.62
1.5067
2.0205
1.862
-2.1847
-1.0938
-1.214
1.6367
1.0631
-2.0143
-2.5067
-1.1914
2.3617
-1.5232
-1.606
1.983
0.76623
2.4274
1.6556
-1.3218
1.9133
1.9146
2.3968
1.3285
0.80297
-2.1687
-1.6149
1.7939
-1.6531
0.68061
2.0928
-2.1219
1.4477
1.3835
-1.739
-1.6415
2.1484
-2.1819
1.8086
0.66559
-1.4922
1.3413
-0.93419
-1.6955
1.3968
1.6125
1.7374
-2.285
1.1048
-1.2582
-1.1638
-3.1058
2.2339
-0.62604
1.1897
-1.4068
-1.6606
0.38749
-1.595
1.8482
-1.146
-0.80983
-0.73793
-2.1318
1.6488
-1.6141
-2.0049
-0.67937
-1.6589
1.4611
1.5056
2.261
-1.164
-1.343
1.9841
1.1243
2.3163
-1.9668
1.21
-0.85587
1.7364
1.1381
1.7523
0.78548
-0.88618
-1.9123
-1.2128
1.5392
-0.8217
-0.82944
-1.5075
-0.54663
-2.0077
2.4655
1.3524
-2.103
2.0789
-0.90228
-2.4208
-1.329
-0.35033
-2.0437
2.3626
1.1561
-1.2999
1.3289
0.56427
-1.0936
1.6004
1.2812
1.9312
-1.9453
2.1946
-0.78082
-1.7486
-2.2216
1.8096
-2.4468
-0.64676
1.077
-1.062
1.615
-1.2598
-1.7969
0.77233
1.9044
2.2193
-1.124
