-1.9557
1.1148
-2.208
-0.36449
-0.36384
-0.68387
2.8491
-0.2852
-2.2051
-0.69261
1.5154
-0.41738
2.2652
0.8526
2.8831
-0.23137
0.071019
1.0465
1.658
1.5988
1.173
-2.651
-2.1469
-0.30618
-0.40646
2.2852
-2.1528
-0.99618
2.2863
1.1922
1.1962
2.3103
-0.44203
-2.6311
2.5669
-1.6382
-2.0093
-1.8432
2.5372
-0.37211
-0.65345
-0.72707
-2.4458
2.3197
2.3383
-0.20915
-2.5867
-0.33307
1.1824
1.8223
1.4111
1.2811
1.6296
-0.1667
0.81904
-1.8279
-2.4126
1.1602
-2.4697
-0.48016
1.8023
0.78745
1.2375
2.2812
-0.16466
-0.50203
2.8771
-1.7336
1.3348
2.8682
-0.30954
-1.9352
1.3061
-0.21968
-0.50483
1.0186
-2.47
-0.28287
-2.0721
-0.86765
-1.6574
-2.2011
-0.26714
2.2385
1.1667
2.9292
-0.29879
2.6037
-2.1994
-2.4287
-0.13645
2.5932
-0.93108
-0.45925
-2.0324
-0.38694
-1.9601
-0.22543
-0.50553
-0.50534
-0.2716
0.86839
-0.70749
1.4007
-1.9342
-0.6787
1.298
-2.1275
-2.1309
1.255
-0.38896
0.96482
2.3166
-0.18609
2.2628
1.2237
1.475
1.3395
1.4256
-0.6425
1.1937
2.846
-2.2336
-2.4813
-0.57994
-2.4634
-0.43422
-0.66158
1.9686
-2.4928
-2.4248
-2.3529
-0.58492
-2.4348
1.4887
-1.9514
-0.57232
2.2691
2.6168
2.9146
2.8724
-2.197
-0.4836
-0.42164
-0.21318
-2.6228
2.5373
-0.60569
2.9248
-0.28536
1.3804
2.3265
-0.061687
-0.31665
1.1244
-2.4663
1.3458
-1.862
-2.5018
1.3559
0.93821
-0.88898
0.046424
-2.6846
1.0481
0.80266
-1.9243
0.6385
-0.31074
-0.46053
-1.8591
0.90185
-0.51243
1.1014
-2.4371
-1.7148
-0.954
-0.42844
2.3085
-0.13145
1.6722
1.382
1.4476
-2.5184
-0.27679
-2.1956
-0.65601
1.274
1.3113
-2.0452
-0.80424
-0.14868
-0.51501
-0.35627
1.3374
-0.32747
-0.015487
-1.7139
-0.65289
-1.6607
-0.44259
-1.9962
-2.2875
-2.789
-2.294
-2.4825
1.6736
-0.4289
2.74
-0.68057
-2.4306
-1.9392
-2.011
1.1971
-2.0187
-2.298
1.2638
1.0224
-1.7035
1.3266
-0.11866
-0.44038
-1.4764
1.2231
-0.073554
-1.8152
1.3754
2.5289
-0.71514
2.8354
1.2996
2.8861
1.5215
-0.69439
2.9082
1.3861
2.8591
-1.8168
1.6432
1.2209
-0.72131
-2.2223
2.3163
1.6848
-2.3618
-0.17573
2.6065
-2.1511
-0.3272
0.78482
-2.1517
2.8668
-1.8286
2.9244
1.1047
1.1888
-0.53259
0.99107
0.86844
-0.39132
1.531
0.33843
-2.5617
-1.7845
-2.1174
0.95342
-1.8537
1.1226
1.2343
-2.0019
1.4292
-2.268
1.4671
1.3049
-2.8459
-0.35569
-2.0103
1.5982
-0.72434
0.97751
-0.16967
-2.3939
-2.2972
1.7009
-0.3112
0.876
1.6935
-2.5949
2.2256
1.3416
-1.6716
1.2233
-0.95932
1.1645
-0.31425
-2.0713
2.5442
1.0862
1.5685
-0.017477
-2.1182
-0.76458
-0.063595
-0.40449
2.2397
1.5385
1.4103
1.5033
1.3932
1.4059
1.251
-0.51601
0.27203
1.5053
-1.7437
2.5782
-1.9561
-0.92948
-0.28438
0.035675
2.5158
-0.57491
1.0384
-0.24996
1.1221
1.4977
1.4195
-0.57859
-0.67347
-1.9863
1.6089
-0.62199
-0.62733
0.77559
1.1312
0.066004
1.0917
-2.384
2.9468
1.5132
-0.58026
0.95089
0.14093
-0.80744
1.8927
-2.5222
2.4941
-0.23622
1.7176
-0.29461
-2.3106
-0.81753
-0.56902
2.8066
0.046747
-0.42662
2.2428
-0.51819
0.85182
-1.8568
-2.3106
1.1014
1.4975
-0.67479
-0.53301
-0.11599
1.441
-2.4901
-0.39661
1.0895
1.8224
-1.6189
0.98293
-2.1345
-2.0021
1.3727
2.557
-1.8436
0.79457
1.0593
1.6456
-1.6017
-2.2404
-0.80416
2.8243
-2.0341
-0.87368
1.5109
-1.6853
-0.35719
-1.8352
-0.9243
2.5903
-2.2979
-2.0782
-0.25497
1.3725
-0.65543
-2.2537
1.3935
-1.7434
1.0394
-0.30372
1.4862
-0.66461
-0.25664
-0.69935
-1.8272
2.598
-2.2764
2.8573
-0.22529
-2.0763
1.2988
1.3191
-0.39769
-2.4081
-0.14343
2.752
2.51
-0.61924
-1.9061
2.814
2.8603
1.1814
-0.76444
-0.58855
-1.9239
-0.38
-2.0822
-0.72698
-2.1005
2.2618
1.1232
-1.7413
-1.9728
-2.6743
2.2194
-1.9735
-2.5732
2.3412
2.2902
2.8671
-2.2672
-0.38961
2.3484
-1.8726
1.208
-0.50433
-2.4188
-0.30096
-0.27958
-0.37063
-2.3532
0.99338
0.82967
-2.1111
-0.23805
2.6465
2.6291
-0.57888
2.5874
-0.82358
-0.0253
2.819
-0.39212
2.7808
-0.45013
1.282
2.3011
-0.34555
1.895
-0.028873
1.1933
1.6463
2.8266
-0.34945
-0.94087
-2.1761
-2.0721
0.8794
1.1804
1.2259
-0.46066
1.0333
1.3469
2.2602
-0.66296
-0.052093
0.98945
-2.1703
-0.6411
1.263
-0.95621
-0.47676
-0.39938
-0.36024
-1.7134
-2.079
-1.9014
-2.266
-0.70538
1.474
-0.72516
1.2768
-1.9865
-2.1896
-0.1718
-0.41518
1.7871
0.15533
-0.28991
-2.1017
1.085
-1.8748
0.15961
1.1134
2.5923
2.3767
0.90387
2.2145
1.4286
-2.1748
-0.82237
0.94485
0.97654
-2.2394
-0.16899
-1.8159
-0.008723
-0.29102
-2.8429
-0.40538
-0.69617
0.538
-0.65631
-2.5565
-2.2555
1.5824
-0.49232
-0.40152
-0.59384
0.7174
-1.8448
1.2165
-0.63006
1.0198
1.7158
2.5663
2.8378
0.47892
-2.3893
1.0933
-2.4418
-0.59769
-2.2518
-2.3876
0.96472
2.28
-0.27024
-0.64676
-1.8274
-2.3153
-0.49333
1.101
-0.22709
0.94945
1.4409
2.5566
-2.0491
-1.8625
2.2787
2.6112
-0.36893
-0.60688
1.2045
1.2331
1.474
-0.3222
-1.9946
1.5991
2.8801
-0.3158
1.0832
-2.1368
2.8757
1.3371
1.4411
1.5305
0.74281
-2.363
1.7726
-0.27244
2.2493
-1.8172
1.3831
2.8395
-0.53794
-1.6937
2.3089
-2.283
1.1504
-2.0358
2.2178
-2.1722
-0.40698
1.0399
-2.5887
-1.9264
2.8479
-0.64096
1.2129
-2.2393
1.4835
-0.3711
-2.1328
1.0438
-0.6503
-2.3495
1.4977
-0.48836
1.0952
-0.60419
-0.086813
0.67183
-0.51505
1.7498
-2.0264
0.97514
-2.4663
-0.28697
-0.40213
0.1167
-2.0021
-2.3205
-0.89807
2.1896
-2.125
-0.39341
-0.38224
-0.60343
1.458
-2.1521
1.5824
2.6129
2.6388
-2.547
-1.9702
2.618
2.3008
2.5459
-0.95575
2.6177
-0.12109
2.8679
2.6702
-0.39433
2.2963
1.1922
-1.7706
2.5554
1.2449
-1.5806
1.3334
0.027866
-0.16256
-1.8583
2.6636
2.8964
-0.31768
-1.783
1.0218
1.6086
-2.0988
-2.0635
-2.1805
1.2447
0.94453
2.2899
1.8302
-2.5675
-0.69561
-2.6128
-2.0659
-0.194
-0.44797
1.3403
-2.3071
-2.6433
2.3571
1.9575
-0.6751
1.3144
-0.19682
2.9136
0.12375
2.8858
-1.8787
-0.93179
-2.3832
-2.4231
-0.13252
-0.0093874
-0.67472
1.6196
2.8838
1.5021
-0.37437
-0.46281
-2.4725
-2.1898
-1.9964
1.3489
2.7739
1.1462
-0.85647
-0.53799
1.0334
-1.8118
-0.38994
2.8773
-0.14415
1.3905
-0.30536
1.3925
-2.085
-2.1218
-2.1276
1.1991
-1.99
-0.30905
1.314
-2.2183
1.077
-2.3355
1.2172
-0.051354
-2.2765
1.2136
2.8521
-2.1249
-0.26192
-1.7011
2.5446
-0.17587
-0.51821
-0.45226
1.666
1.4672
-0.17423
1.2666
-1.9722
-0.69823
-0.74185
1.3755
2.8702
-0.41263
-0.56425
0.21931
2.8306
1.813
-0.16987
2.8398
-0.45608
2.2773
2.8519
1.438
-0.12054
2.8554
-0.10139
2.8438
-2.6487
-1.7318
-1.9706
1.2706
0.8139
-1.7572
-2.1317
2.8513
1.4332
-0.3146
1.1716
1.3007
-2.0215
0.75146
2.6192
2.6148
1.896
-0.69787
-0.47585
-2.1698
-2.2496
1.0867
1.36
-1.9623
-1.958
-0.74495
1.5095
1.628
2.3564
1.7809
2.3064
-0.42766
-1.8077
2.4601
2.8465
-0.0036858
1.6151
1.1577
-2.2837
-0.46284
-1.5698
-2.4909
2.3051
-0.48071
-0.27215
0.014842
1.4747
-1.7165
2.1
1.2273
1.3749
-1.7914
2.2627
-1.8068
-2.017
1.0944
1.7671
1.0254
-2.3453
2.829
2.266
1.2549
-1.0345
1.0867
-0.58606
-2.5089
1.6473
-0.38871
2.8636
1.3239
2.3076
1.054
-0.43198
-1.9433
2.215
1.4167
-0.3136
-1.26
1.4413
1.7034
2.2354
-0.23959
0.057546
1.1965
1.4951
2.8242
1.3448
1.2357
1.0228
1.0758
-1.8539
-0.36415
-0.66848
1.5654
2.2835
-0.56555
2.5438
1.1179
-2.2502
-2.0658
-2.1509
-2.1864
-0.43318
-0.37734
-2.3769
2.8975
-0.63124
-0.55669
-1.0576
0.831
-0.5581
1.3265
-1.1896
-2.0097
2.3757
-0.45239
1.4029
1.2764
2.2698
0.91218
0.79607
1.0723
0.92749
1.7414
-0.44118
-0.064888
-2.3496
-1.8274
-1.9724
-0.026338
-2.4056
2.8419
-2.0616
2.2927
-0.52383
-2.7349
1.5325
2.8713
1.232
1.3289
-0.41312
-0.067106
-0.037245
-2.3168
-1.908
2.2945
-0.56611
-0.22125
1.3107
-0.28904
1.402
-0.36891
1.2569
2.5285
2.5722
2.3123
1.0797
-0.62711
1.1508
-1.8307
-0.5087
-1.486
2.9164
2.5588
2.8657
-2.6489
1.1262
1.3104
1.3546
1.7544
1.3107
-1.6581
1.5851
1.3974
-0.52971
1.6178
-2.1303
-2.5093
-0.47476
-1.9873
-1.9379
-2.9135
-1.8114
-0.17599
-2.0907
2.2874
-1.916
-2.1735
-2.6744
1.0035
-1.8232
-0.58526
0.99085
-2.7516
-0.45835
2.2107
-0.11862
-1.9418
-2.0193
1.2167
-0.661
-1.0789
-0.37753
-2.6347
1.1982
-0.55892
-2.7332
-0.57927
-0.62045
-2.3504
-0.42253
-0.8337
1.5549
-0.54116
2.5868
-0.75709
2.8965
-0.20328
-2.1396
2.8517
-0.83591
2.834
-2.3449
-2.1731
-0.38497
-0.61312
-2.3066
1.6356
-0.3741
