0.74853
2.4771
1.5222
0.83974
0.28624
1.5603
-1.5987
1.7492
0.093537
1.0576
1.4843
0.00092216
1.0501
1.1155
0.10442
0.55446
0.8591
1.2199
1.3584
0.38947
1.0823
0.86864
0.48449
-0.8717
1.5522
1.3347
2.2126
2.2238
0.74192
1.4454
1.7208
1.8662
0.74233
0.63986
0.88485
0.9566
0.1513
0.75018
1.4595
0.31003
1.1684
0.37465
1.2383
0.1202
0.52946
1.0699
1.6669
1.4008
2.0617
-0.44224
-0.42068
1.4457
1.0825
1.8435
1.6909
1.4927
0.55708
0.09132
1.0189
1.7599
-0.61764
0.45827
1.0449
-1.0403
0.66647
0.7629
0.45354
0.38523
0.8913
1.9248
0.36987
0.74114
-0.13572
0.67566
1.7321
-0.051879
2.2134
0.36934
1.5496
-1.2982
1.9403
-0.29315
0.13238
1.821
2.0098
1.1131
0.49361
1.1591
0.54149
0.22068
1.0482
1.3248
1.4222
1.0472
1.6217
1.0065
0.051161
0.76983
-0.75669
1.7606
0.98296
0.58205
0.58062
0.99832
1.0786
1.6674
1.174
0.93424
-0.69817
0.73596
1.7057
1.3679
1.0686
1.6399
1.0391
-0.14226
1.0114
1.6146
0.4674
-1.5731
0.86093
-0.58194
1.0782
1.2787
1.196
0.8443
1.6245
0.73491
1.7289
0.85634
2.0199
-0.11098
2.054
0.44112
1.6686
2.0265
-0.19022
0.3068
1.0491
0.22332
0.81682
0.42151
0.99662
1.1028
0.65023
-1.2911
0.935
0.86894
0.6213
-1.9479
1.0659
0.55094
1.5671
0.95363
0.42695
0.059876
0.67611
0.96886
-0.06274
1.4522
1.5806
0.62427
-0.39209
0.9475
-1.8699
0.52403
0.94975
-0.57173
1.3239
1.4304
0.046575
1.4747
1.0044
0.51622
-0.77527
2.0475
1.8691
-0.54641
2.0111
0.10793
1.0395
1.4919
1.0587
-0.52549
1.9643
0.79784
0.53894
1.758
-0.87789
0.89495
1.6374
0.82912
1.1142
0.88248
0.6518
0.037982
0.39215
0.34753
1.0283
0.44816
1.3628
0.86307
1.9439
1.9652
1.9215
1.7393
1.1384
-0.30102
0.61861
1.2113
0.18519
0.76566
1.1412
0.8659
1.0159
1.1269
1.4104
1.6336
1.1209
0.1139
0.66102
0.46438
1.6718
0.35406
2.3072
0.98131
1.1771
1.0683
1.6817
0.70529
0.65786
-0.11238
1.6819
2.1646
0.79463
0.47397
0.33516
1.6365
-0.095599
0.83762
0.42274
1.0192
0.69672
0.49856
0.49923
0.43115
1.1828
1.3778
0.10267
0.84104
1.1813
0.42702
1.5844
0.54504
1.4648
0.87925
0.13044
0.0026765
0.90586
1.2645
0.18765
-0.02608
1.5572
0.37656
1.1257
1.597
0.23619
-0.4937
-0.11411
0.45848
0.069558
-1.1885
1.5498
0.99604
1.5
1.3361
1.0314
0.28877
1.9745
1.571
1.3298
0.54678
-0.059957
0.23468
2.1327
1.3798
2.0978
0.22491
2.1647
1.956
1.8242
1.0712
-0.72269
0.021989
0.95089
0.73407
2.2644
1.2832
0.60261
0.14429
1.4792
1.3945
-2.1671
0.77207
-0.008784
1.9135
1.3251
0.34313
0.61366
1.1645
1.2691
1.1327
0.73638
1.862
1.1672
0.50915
0.74959
0.38752
0.50063
0.31754
1.0102
0.3988
1.4494
0.74782
1.0809
1.1205
0.95671
1.8147
0.24778
-0.11642
1.7561
0.90098
1.3517
-0.32418
1.8925
2.5106
0.65294
0.13044
1.1372
0.51612
-0.98091
1.9827
0.95521
1.7719
0.63299
0.66524
0.55553
0.41128
1.5257
0.23449
2.4174
1.5256
-0.49077
-0.77306
1.3101
1.8197
0.88453
0.91622
0.91234
1.4282
0.37349
-1.22
0.38906
0.10281
1.4284
1.0787
-0.62454
0.89813
0.81725
1.746
1.2086
1.706
1.2845
-0.73804
1.8918
1.1618
1.2364
1.3445
1.8423
0.63937
0.58173
0.43538
0.61697
-0.26889
1.7919
0.76187
1.5974
0.61276
1.8282
-0.20281
1.0496
1.8119
1.4171
1.2362
0.45588
1.4921
0.49103
-0.74173
1.1329
1.8837
1.0146
0.13727
0.16519
1.2036
-0.4165
1.2746
0.89442
0.82323
1.0009
0.47369
0.77373
0.96275
1.1616
0.81553
1.5784
0.38494
1.9396
-0.96888
0.83405
2.6109
0.22672
-0.090244
0.60486
-0.46059
2.3548
-0.50996
1.564
1.5984
-0.14409
0.92487
1.5541
0.22577
1.4016
0.3376
-1.0843
0.49194
1.244
2.2921
0.37226
1.2712
-0.47317
0.91974
1.3335
0.3791
1.171
0.46926
0.96886
1.0779
0.68264
0.93223
1.7593
0.049559
1.1642
0.54885
0.94921
0.96644
0.062506
-0.25842
-0.086076
0.85093
-0.20447
1.1332
1.8691
1.1176
1.0721
0.47086
1.462
1.5473
-1.0303
-0.29627
0.62584
1.5614
0.75831
0.43426
0.50292
0.20989
1.456
0.31681
1.7224
-0.38955
0.70878
1.2609
0.35794
0.70205
0.19229
0.70039
-0.36505
1.8414
0.90337
0.55768
-3.2515
0.73793
0.80406
0.1395
0.99793
0.86491
0.4833
0.91584
0.42082
0.025082
-1.0554
0.48172
1.184
-0.024653
0.36875
1.8021
1.2348
0.14718
1.334
-0.49123
1.1163
0.19083
-0.078971
0.89514
1.1507
-0.33592
1.1469
-0.040936
0.020342
-0.15209
1.4662
0.93741
0.84497
1.8733
0.5944
0.47846
1.5644
0.80298
0.82494
0.63153
0.90884
1.0878
1.1883
1.2052
-1.5316
1.3215
0.35237
1.3595
1.0844
1.1996
0.5897
-0.50118
0.81351
0.18736
0.27353
1.0807
0.39659
2.0873
0.77109
1.4403
1.5354
1.9554
0.364
0.67611
1.2708
1.6275
1.189
-0.037782
-0.23537
2.011
0.084969
1.0372
-0.20585
1.4458
-0.38516
0.58707
0.578
-1.4219
2.1901
0.49385
-0.41563
0.79641
1.0154
0.94051
-2.2659
1.005
-0.023014
0.7028
1.1989
0.53606
0.7601
1.343
1.3455
1.585
1.0486
0.95332
1.6895
0.23143
-0.2518
1.3608
2.127
0.38303
0.64972
1.6262
2.0613
0.97654
1.2955
1.9903
1.5805
1.132
2.1554
0.57567
-0.95742
0.4919
0.096072
0.91388
1.2364
0.64509
1.6151
0.92567
1.1963
2.4948
0.45843
1.6535
0.75523
1.0436
0.92345
1.2603
0.91157
-0.49513
1.0665
1.3844
0.93625
0.57635
0.91659
-0.20811
-0.16218
-1.2323
1.6553
0.76752
-0.10195
0.68268
1.6658
1.1461
1.0762
0.44765
0.59387
1.42
1.2666
1.5183
0.95916
1.6343
0.32122
0.79797
1.05
-0.4841
1.1526
1.0125
1.5192
1.8732
0.16136
-0.20255
-0.30476
1.1432
1.5336
1.2321
0.85563
0.8507
-0.63236
0.11219
0.39591
0.3534
0.34385
0.088474
-0.0087615
1.2812
2.2378
0.19065
0.65617
1.7452
-1.1179
0.14961
1.7949
-0.37709
-0.17075
1.6452
1.1421
1.8928
1.45
1.1619
0.71699
1.8391
0.63295
2.4508
-0.04791
-0.57309
0.9089
-1.212
0.35058
0.18161
-0.30328
1.2041
0.65451
1.0186
1.5292
0.75847
0.73173
0.71182
0.44972
0.31851
1.2198
0.97603
1.0525
2.1819
1.4555
0.44886
0.25399
-0.95022
1.7461
0.20084
1.2973
0.064355
-0.95026
0.47235
0.30025
1.1789
0.47681
0.94165
-0.69526
1.2814
-3.7017
1.781
1.5006
1.0759
1.0943
-1.4462
1.3697
0.85144
0.86684
1.2268
0.52188
1.3736
0.39299
0.90346
1.2709
-1.9434
1.2355
-0.11927
0.78697
-0.075485
1.4377
0.46396
0.30609
0.21809
0.82609
0.59213
2.1012
0.28339
1.7229
1.3502
1.4879
-0.39909
-0.41642
2.0481
0.050945
0.56173
0.5282
-1.6942
1.1992
1.0907
-0.44659
1.8959
1.2079
-0.9752
1.5324
0.4959
0.21865
0.13858
1.2343
2.2071
0.71252
1.7551
0.052879
-0.1336
0.65537
0.37397
-0.42869
-0.46758
0.69994
0.3951
0.45072
-0.047083
2.1897
0.37478
-0.28148
-1.0873
0.22949
2.3618
-0.34112
0.87222
-0.0068969
1.1376
0.80147
1.6247
1.3159
0.24934
0.88024
0.71047
1.1857
0.19428
0.72711
0.39565
0.36376
0.008266
-0.21059
-1.4337
0.89374
2.2441
1.5221
1.0575
-0.38113
1.161
0.4307
1.3717
0.81062
0.36789
0.99278
0.26089
0.89916
0.28932
1.0921
1.6307
-0.1616
-1.2114
1.101
-0.24084
1.1695
1.6657
0.0053389
-0.2661
0.32592
0.26714
1.0266
0.52019
0.97714
0.58217
1.9221
-0.28038
1.7768
0.95538
0.45256
-0.16451
-0.10185
0.21744
1.7181
0.030848
0.72707
1.143
0.55032
0.41147
1.7175
1.9072
0.32506
1.358
0.97622
0.46382
0.89311
1.9149
1.0725
1.1754
-0.86284
2.0917
0.60391
0.31553
0.29939
1.2061
1.0139
0.78069
0.18873
1.4341
0.80976
0.042331
0.74207
1.5571
1.3599
0.68747
-1.6511
1.9578
-0.0057549
0.58022
0.16858
1.1876
1.4168
1.6604
1.5746
-0.64223
1.4302
1.1264
-0.23802
1.6123
0.80917
1.4284
0.17278
1.3636
1.688
-2.0451
0.78238
0.43194
0.43497
0.91098
0.91586
-0.208
1.2873
1.4927
-0.045643
0.26873
1.7967
0.0015287
0.73302
0.2399
1.248
-0.68648
0.67523
0.043181
1.7574
1.0802
0.083249
1.0846
3.0997
0.35395
0.22898
0.99604
0.80786
0.31793
1.027
1.6947
1.4541
0.63857
1.1374
1.2897
-1.5841
0.096605
1.232
1.2362
1.0576
1.2227
0.95103
1.5179
1.2639
-0.22996
0.76978
0.21358
1.0778
0.73634
1.0977
0.63638
1.1896
0.89421
0.52452
-0.7483
0.54306
1.3154
-1.3529
-0.47554
1.4013
0.96843
1.3667
-0.25262
0.42257
1.2688
0.44704
-0.13295
1.1831
0.86939
1.3087
-0.63607
0.29835
1.8485
-0.24202
0.97391
0.42754
1.0361
1.2254
1.0456
1.3097
0.52198
0.86975
0.76683
-0.11501
0.47406
0.42266
0.58232
1.3421
1.4545
0.48474
-1.4138
1.1837
0.69031
1.8624
-0.41098
1.9868
1.3071
-0.17274
1.9478
1.5069
1.2416
2.1958
1.1635
-0.10568
0.56119
