1.268400,0.278161,0.274804,0.282426,0.358440
-1.632800,0.282370,0.283290,0.286445,0.385210
-2.043500,0.205900,0.180862,0.206928,0.221010
1.463300,0.295673,0.300565,0.300779,0.397970
0.544560,0.104716,0.068753,0.102033,0.064380
-1.261400,0.278578,0.277940,0.282513,0.356100
-1.886200,0.242244,0.228049,0.244622,0.296100
-1.841300,0.251335,0.240280,0.254077,0.316100
1.808400,0.266323,0.257877,0.269762,0.329940
-1.507500,0.289199,0.293387,0.293601,0.399000
0.686420,0.137783,0.098600,0.136014,0.106220
1.194100,0.265524,0.256571,0.269159,0.330920
0.870990,0.186839,0.152639,0.186860,0.180870
-2.253200,0.152512,0.117071,0.151861,0.128300
1.436600,0.294734,0.299183,0.299803,0.395840
1.822400,0.263707,0.254200,0.267014,0.324130
1.441600,0.294946,0.299496,0.300025,0.396330
-1.757000,0.266307,0.260785,0.269673,0.349660
-2.365800,0.124587,0.086880,0.123231,0.089114
1.382900,0.291403,0.294257,0.296321,0.388250
1.772100,0.272677,0.266886,0.276443,0.344120
-1.470400,0.290646,0.295112,0.295116,0.398340
1.691100,0.284383,0.283784,0.288778,0.370930
-0.993140,0.231232,0.213358,0.233098,0.238710
-1.892400,0.240022,0.225289,0.242311,0.293290
-1.994700,0.217772,0.195967,0.219222,0.244620
1.981800,0.228614,0.206711,0.230287,0.250820
1.391200,0.292042,0.295202,0.296990,0.389710
-1.983800,0.220362,0.199303,0.221907,0.249880
0.977550,0.215454,0.188300,0.216704,0.231170
-0.896660,0.208572,0.184326,0.209528,0.192680
-2.042200,0.206222,0.181267,0.207260,0.221630
2.019500,0.219237,0.194598,0.220517,0.232610
-1.575400,0.287034,0.289927,0.291325,0.394530
-0.531780,0.120055,0.086154,0.118167,0.061306
1.284300,0.280473,0.278178,0.284853,0.363590
-0.981140,0.228521,0.209816,0.230275,0.232910
2.154600,0.183989,0.151271,0.183957,0.169360
1.673600,0.286424,0.286772,0.290934,0.375690
-0.765110,0.175830,0.144886,0.175590,0.135510
-1.090600,0.251704,0.240675,0.254442,0.285370
-0.559880,0.126288,0.092071,0.124558,0.068212
1.815800,0.264951,0.255947,0.268321,0.326900
1.451800,0.295327,0.300057,0.300421,0.397190
1.651300,0.288759,0.290207,0.293401,0.381190
2.082400,0.203047,0.174261,0.203691,0.202480
-1.065000,0.246624,0.233806,0.249141,0.273300
2.129100,0.190750,0.159308,0.190949,0.180810
-1.850600,0.249510,0.237812,0.252179,0.312080
-1.954900,0.227103,0.208052,0.228898,0.263820
-1.767300,0.264639,0.258479,0.267934,0.345910
1.863400,0.255554,0.242864,0.258458,0.306420
1.517300,0.296099,0.301161,0.301199,0.398810
-0.925070,0.215427,0.192968,0.216652,0.206030
0.906010,0.196351,0.164190,0.196767,0.197050
-1.554900,0.288246,0.291661,0.292595,0.396650
1.710600,0.281897,0.280162,0.286156,0.365180
-1.010400,0.235067,0.218399,0.237093,0.247080
1.632200,0.289602,0.291843,0.294307,0.385340
2.317100,0.141478,0.103811,0.140242,0.104990
1.143500,0.255358,0.242171,0.258490,0.309490
0.949190,0.207958,0.178699,0.208874,0.217520
1.514300,0.296127,0.301205,0.301230,0.398880
0.289690,0.063598,0.045363,0.060239,0.021973
-2.024200,0.210645,0.186861,0.211839,0.230340
1.105000,0.246893,0.230379,0.249613,0.292060
1.482000,0.296044,0.301105,0.301160,0.398780
-1.647400,0.280894,0.281199,0.284902,0.382070
1.295400,0.282000,0.280412,0.286457,0.367010
0.716800,0.145539,0.106457,0.144021,0.117030
-1.262900,0.278752,0.278186,0.282695,0.356620
-1.739800,0.268984,0.264499,0.272465,0.355700
-1.794800,0.259959,0.252036,0.263056,0.335390
0.742350,0.152196,0.113424,0.150905,0.126610
-1.392300,0.289096,0.292902,0.293504,0.389890
1.076300,0.240225,0.221223,0.242625,0.278660
-1.116400,0.256579,0.247322,0.259530,0.297290
-1.248800,0.277070,0.275810,0.280937,0.351730
1.919200,0.243411,0.226320,0.245742,0.280770
-1.375100,0.288270,0.291722,0.292642,0.386780
-1.231800,0.274905,0.272761,0.278675,0.345590
1.453300,0.295378,0.300131,0.300473,0.397310
-1.152600,0.262969,0.256113,0.266203,0.313490
1.387100,0.291732,0.294744,0.296665,0.389000
2.751600,0.052752,0.024591,0.050633,0.017396
2.167400,0.180591,0.147281,0.180447,0.163740
-1.163800,0.263920,0.257710,0.267199,0.318300
1.216500,0.269637,0.262467,0.273477,0.339780
-2.022600,0.211035,0.187358,0.212243,0.231100
-1.825300,0.254398,0.244439,0.257266,0.322930
-1.397300,0.289303,0.293198,0.293720,0.390710
-1.640200,0.280724,0.281288,0.284727,0.383660
-2.342300,0.130275,0.092824,0.129051,0.096565
1.927100,0.241606,0.223896,0.243854,0.277060
-1.780400,0.262450,0.255460,0.265653,0.340970
-2.166900,0.174616,0.142605,0.174613,0.163940
-1.314100,0.283967,0.285584,0.288146,0.372390
-1.615800,0.283943,0.285523,0.288090,0.388490
-1.217000,0.272903,0.269948,0.276582,0.339990
-0.898620,0.209049,0.184923,0.210023,0.193600
1.195700,0.265826,0.257002,0.269476,0.331580
-2.279900,0.145757,0.109543,0.144923,0.118220
1.926600,0.241721,0.224050,0.243975,0.277320
1.271200,0.278578,0.275413,0.282864,0.359390
-2.142900,0.180777,0.149952,0.180966,0.174570
-1.545400,0.288726,0.292348,0.293097,0.397400
2.559600,0.085959,0.050567,0.083859,0.042255
1.762100,0.274313,0.269223,0.278165,0.347820
1.719500,0.280690,0.278410,0.284883,0.362390
-1.756500,0.266387,0.260896,0.269756,0.349860
1.841900,0.259917,0.248908,0.263036,0.315830
1.100200,0.245798,0.228867,0.248465,0.289870
-1.666800,0.278755,0.278179,0.282666,0.377440
-0.909260,0.211628,0.188162,0.212702,0.198570
-1.314400,0.283993,0.285621,0.288173,0.372460
2.476600,0.103434,0.066148,0.101509,0.059248
1.460000,0.295583,0.300433,0.300686,0.397770
1.033200,0.229719,0.207043,0.231622,0.258090
1.513300,0.296135,0.301218,0.301239,0.398900
2.042500,0.213384,0.187160,0.214427,0.221510
1.716700,0.281075,0.278968,0.285289,0.363270
-0.641890,0.145405,0.111327,0.144201,0.091545
-1.368600,0.287914,0.291212,0.292269,0.385510
-1.620900,0.283488,0.284876,0.287614,0.387550
-0.161210,0.060688,0.045736,0.057608,0.012671
-0.835570,0.193494,0.165772,0.193880,0.165040
2.089800,0.201110,0.171877,0.201681,0.199000
0.891970,0.192544,0.159530,0.192800,0.190510
1.063600,0.237187,0.217090,0.239442,0.272630
-1.906400,0.237935,0.222310,0.240144,0.286770
1.479200,0.296004,0.301047,0.301119,0.398700
-1.066600,0.246948,0.234242,0.249479,0.274100
1.166000,0.260021,0.248746,0.263383,0.319250
-0.592470,0.133733,0.099381,0.132200,0.076912
2.277200,0.151699,0.114727,0.150713,0.119220
1.792400,0.269202,0.261945,0.272789,0.336320
1.325700,0.285795,0.285982,0.290440,0.375520
1.007700,0.223267,0.198491,0.224872,0.245780
1.784800,0.269614,0.262839,0.273231,0.339290
-1.631600,0.282487,0.283455,0.286567,0.385450
1.301200,0.282769,0.281539,0.287264,0.368700
-2.511200,0.091784,0.054997,0.089814,0.051634
-1.315900,0.284124,0.285807,0.288310,0.372890
-0.654090,0.148347,0.114425,0.147230,0.095424
1.697400,0.283604,0.282647,0.287956,0.369140
-1.476700,0.290613,0.295063,0.295080,0.398610
1.529100,0.295017,0.299948,0.300063,0.398370
1.414000,0.293565,0.297455,0.298583,0.393180
2.331300,0.137895,0.100062,0.136578,0.100170
-1.618800,0.283677,0.285145,0.287812,0.387950
0.834300,0.176855,0.140860,0.176475,0.164480
-1.657600,0.279794,0.279645,0.283752,0.379710
-1.058400,0.245277,0.231994,0.247737,0.270160
1.635200,0.290254,0.292416,0.294982,0.384710
1.296400,0.282134,0.280609,0.286598,0.367290
1.530000,0.295913,0.300873,0.300996,0.398320
1.717400,0.280979,0.278829,0.285188,0.363040
1.326600,0.285899,0.286136,0.290549,0.375750
1.140900,0.254805,0.241396,0.257910,0.308340
-1.120300,0.257293,0.248300,0.260276,0.299090
-1.560000,0.287967,0.291262,0.292303,0.396190
1.806700,0.266635,0.258316,0.270090,0.330610
-0.916620,0.213402,0.190401,0.214546,0.202030
1.401300,0.292759,0.296263,0.297740,0.391340
0.716380,0.145430,0.106345,0.143909,0.116880
1.798300,0.268155,0.260462,0.271687,0.334000
-0.474470,0.107953,0.075255,0.105779,0.048862
-0.755010,0.173297,0.141970,0.172971,0.131520
-1.340900,0.286119,0.288650,0.290395,0.379340
-1.480700,0.290580,0.295015,0.295045,0.398750
-2.300000,0.140718,0.104018,0.139753,0.110930
-1.151100,0.262715,0.255762,0.265938,0.312820
-0.876100,0.203541,0.178064,0.204303,0.183200
0.983590,0.217033,0.190345,0.218354,0.234090
-0.867630,0.201454,0.175487,0.202136,0.179350
1.750100,0.276208,0.271941,0.280160,0.352120
1.713300,0.281536,0.279637,0.285775,0.364330
-0.690690,0.157288,0.124042,0.156443,0.107700
2.223700,0.165682,0.130173,0.165079,0.139970
2.209700,0.169377,0.134353,0.168884,0.145730
1.201600,0.266929,0.258580,0.270634,0.333940
-2.035700,0.207825,0.183290,0.208919,0.224760
-1.175300,0.266689,0.261270,0.270088,0.323180
0.238740,0.058711,0.044987,0.055323,0.017513
0.975160,0.214827,0.187491,0.216049,0.230020
-1.748600,0.266719,0.261641,0.270104,0.352630
-1.050900,0.243729,0.229917,0.246122,0.266610
-0.365350,0.087558,0.059102,0.084958,0.030772
-1.113900,0.256118,0.246691,0.259049,0.296190
0.927630,0.202186,0.171429,0.202851,0.207240
-1.548300,0.288585,0.292146,0.292950,0.397180
1.690800,0.284419,0.283837,0.288817,0.371030
-0.910580,0.211947,0.188564,0.213034,0.199190
-1.668700,0.278535,0.277868,0.282436,0.376950
0.765860,0.158413,0.120106,0.157341,0.135810
-1.353500,0.286990,0.289893,0.291305,0.382280
-2.997000,0.022519,0.006399,0.020866,0.004515
1.673500,0.286435,0.286789,0.290946,0.375720
0.887720,0.191390,0.158126,0.191597,0.188540
-2.464700,0.101769,0.064238,0.099956,0.062037
1.754400,0.275537,0.270978,0.279454,0.350600
1.672200,0.286580,0.287001,0.291098,0.376080
-2.167700,0.174410,0.142361,0.174401,0.163590
-1.869600,0.245686,0.232661,0.248201,0.303660
-0.967310,0.225354,0.205700,0.226978,0.226230
-0.954790,0.222449,0.201948,0.223955,0.220210
-1.184800,0.268176,0.263340,0.271643,0.327120
1.644800,0.289382,0.291126,0.294060,0.382660
-2.161400,0.176029,0.144281,0.176069,0.166340
1.784500,0.270579,0.263898,0.274236,0.339410
-1.177300,0.267005,0.261710,0.270419,0.324000
1.867200,0.254763,0.241774,0.257630,0.304720
2.470100,0.104876,0.067485,0.102970,0.060760
-2.289600,0.143320,0.106861,0.142422,0.114690
1.685700,0.285032,0.284733,0.289464,0.372440
2.060400,0.208772,0.181367,0.209634,0.212920
-1.374800,0.288254,0.291699,0.292625,0.386730
-1.400200,0.289417,0.293361,0.293839,0.391180
-0.625730,0.141543,0.107312,0.140228,0.086567
0.704650,0.142415,0.103257,0.140794,0.112630
1.697700,0.283566,0.282592,0.287916,0.369030
1.715000,0.281306,0.279304,0.285533,0.363820
2.204600,0.170726,0.135889,0.170273,0.147850
-0.992420,0.231071,0.213147,0.232930,0.238360
1.124800,0.251319,0.236523,0.254254,0.301120
1.244800,0.274466,0.269436,0.278546,0.350310
-1.127700,0.258632,0.250136,0.261673,0.302450
-1.351100,0.286831,0.289666,0.291139,0.381730
-1.816500,0.256041,0.246677,0.258976,0.326600
-1.603600,0.284973,0.286988,0.289168,0.390570
-1.207900,0.271617,0.268147,0.275238,0.336440
-1.517600,0.288912,0.292974,0.293300,0.398800
-1.318300,0.284331,0.286102,0.288526,0.373530
-1.444100,0.290529,0.294948,0.294996,0.396560
-1.875600,0.244453,0.231005,0.246918,0.300930
-1.558700,0.288040,0.291365,0.292379,0.396310
-0.947970,0.220853,0.199896,0.222294,0.216940
-1.809900,0.257253,0.248331,0.260238,0.329300
-0.969830,0.225934,0.206453,0.227582,0.227450
-0.246220,0.069938,0.048661,0.067019,0.018100
2.655500,0.068082,0.035927,0.065913,0.027625
-1.066200,0.246867,0.234133,0.249395,0.273880
-1.240400,0.276019,0.274328,0.279838,0.348740
-1.363900,0.287640,0.290822,0.291984,0.384520
2.041600,0.213615,0.187452,0.214667,0.221940
-1.502900,0.290222,0.294498,0.294668,0.399040
1.536300,0.295780,0.300671,0.300853,0.397990
1.529100,0.295017,0.299948,0.300063,0.398370
1.264300,0.277541,0.273902,0.281775,0.357070
1.684500,0.285174,0.284941,0.289614,0.372780
-1.538200,0.289054,0.292819,0.293442,0.397880
1.723800,0.280091,0.277543,0.284252,0.361000
-1.692300,0.275645,0.273803,0.279418,0.370610
-1.040200,0.241489,0.226922,0.243786,0.261460
-0.681990,0.155149,0.121714,0.154237,0.104700
1.879600,0.252145,0.238178,0.254885,0.299120
0.895050,0.193380,0.160549,0.193671,0.191940
-1.312400,0.283817,0.285370,0.287989,0.371920
-2.085100,0.195499,0.167886,0.196170,0.201230
-1.139600,0.260737,0.253032,0.263872,0.307730
-1.278800,0.280523,0.280693,0.284546,0.361840
1.440600,0.294905,0.299435,0.299982,0.396240
1.087500,0.242861,0.224828,0.245387,0.283940
-0.682920,0.155377,0.121962,0.154472,0.105020
1.956600,0.234700,0.214703,0.236639,0.262970
1.384900,0.291561,0.294491,0.296486,0.388600
1.402300,0.292827,0.296363,0.297811,0.391500
-0.614350,0.138849,0.104547,0.137457,0.083176
-0.890510,0.207073,0.182452,0.207970,0.189830
0.521360,0.099911,0.065010,0.097119,0.058880
1.276000,0.279284,0.276442,0.283605,0.360940
-1.280400,0.280694,0.280935,0.284725,0.362350
2.318600,0.141098,0.103412,0.139853,0.104480
-0.405000,0.094533,0.064254,0.092071,0.036552
1.178400,0.262495,0.252254,0.265980,0.324480
1.025000,0.227661,0.204302,0.229469,0.254110
-0.709370,0.161907,0.129124,0.161207,0.114330
2.242600,0.160713,0.124618,0.159969,0.132460
0.914930,0.198763,0.167169,0.199281,0.201230
0.808830,0.169948,0.132930,0.169302,0.153500
-1.632600,0.282390,0.283318,0.286466,0.385250
1.294500,0.281879,0.280235,0.286330,0.366710
1.129900,0.252435,0.238079,0.255424,0.303430
1.023800,0.227359,0.203900,0.229153,0.253570
0.727060,0.148198,0.109216,0.146770,0.120830
-1.145100,0.261690,0.254346,0.264867,0.310190
1.896900,0.248396,0.233063,0.250959,0.291190
1.101700,0.246141,0.229341,0.248825,0.290560
-1.241000,0.276095,0.274436,0.279918,0.348960
1.745100,0.276975,0.273044,0.280968,0.353860
-1.738400,0.269196,0.264794,0.272686,0.356160
1.393300,0.292197,0.295431,0.297152,0.390060
0.598110,0.116502,0.078637,0.114113,0.078493
-1.401400,0.289462,0.293426,0.293886,0.391360
1.713100,0.281563,0.279676,0.285803,0.364390
-1.221100,0.273468,0.270742,0.277173,0.341560
1.255400,0.276163,0.271899,0.280329,0.354050
-1.034000,0.240175,0.225170,0.242416,0.258480
-1.119100,0.257074,0.248000,0.260047,0.298530
0.219960,0.057204,0.045110,0.053811,0.016135
-0.946090,0.220411,0.199329,0.221835,0.216030
1.134600,0.253453,0.239503,0.256493,0.305530
1.550800,0.295373,0.300054,0.300417,0.396990
1.858300,0.256606,0.244316,0.259562,0.308680
-0.856710,0.198752,0.172169,0.199333,0.174420
-1.484100,0.290544,0.294963,0.295007,0.398840
2.634200,0.071831,0.038879,0.069667,0.030450
3.040700,0.021277,0.005992,0.019748,0.003461
0.235840,0.058468,0.044998,0.055079,0.017291
1.449600,0.295251,0.299945,0.300342,0.397020
1.283400,0.280346,0.277992,0.284720,0.363310
2.028400,0.216983,0.191722,0.218171,0.228290
-0.898140,0.208932,0.184777,0.209902,0.193370
-0.384980,0.090946,0.061549,0.088412,0.033526
1.783500,0.270751,0.264143,0.274417,0.339780
-1.642900,0.281361,0.281861,0.285390,0.383070
-2.144800,0.180289,0.149367,0.180464,0.173720
1.322900,0.285468,0.285501,0.290096,0.374780
-2.086400,0.195171,0.167480,0.195830,0.200580
-1.455100,0.290628,0.295089,0.295099,0.397440
1.303700,0.283095,0.282016,0.287606,0.369430
-1.939500,0.230611,0.212644,0.232539,0.271170
0.708510,0.143404,0.104266,0.141816,0.114020
-0.373230,0.088902,0.060060,0.086328,0.031853
1.355800,0.289005,0.290714,0.293808,0.382800
1.786300,0.270268,0.263456,0.273909,0.338710
-0.912020,0.212294,0.189002,0.213395,0.199860
-1.797300,0.259517,0.251430,0.262596,0.334370
-1.439000,0.290458,0.294848,0.294923,0.396080
-1.741400,0.268741,0.264161,0.272212,0.355160
-1.588100,0.286162,0.288682,0.290412,0.392900
-1.491900,0.290436,0.294807,0.294893,0.398990
-0.651790,0.147791,0.113837,0.146657,0.094683
-1.859300,0.247775,0.235471,0.250374,0.308230
1.119900,0.250238,0.235017,0.253120,0.298910
-1.459900,0.290649,0.295117,0.295120,0.397760
1.336200,0.286979,0.287726,0.291682,0.378180
-1.307200,0.283347,0.284703,0.287498,0.370460
-1.510800,0.290025,0.294214,0.294461,0.398950
-1.700600,0.274561,0.272283,0.278286,0.368170
1.632200,0.289602,0.291843,0.294307,0.385340
-1.093200,0.252207,0.241358,0.254966,0.286580
1.308900,0.283759,0.282991,0.288304,0.370940
-1.416500,0.289963,0.294141,0.294408,0.393520
-1.225600,0.274080,0.271600,0.277812,0.343270
-1.212000,0.272201,0.268965,0.275849,0.338060
-1.669700,0.278418,0.277704,0.282315,0.376710
2.096300,0.199404,0.169786,0.199912,0.195940
1.326700,0.285911,0.286153,0.290561,0.375770
0.767620,0.158882,0.120616,0.157826,0.136510
-0.683060,0.155412,0.121999,0.154508,0.105060
1.141500,0.254933,0.241575,0.258045,0.308590
1.672700,0.286524,0.286919,0.291039,0.375930
-1.232200,0.274958,0.272835,0.278730,0.345710
1.744700,0.277036,0.273131,0.281032,0.354000
1.795000,0.268743,0.261294,0.272305,0.335310
1.206400,0.267814,0.259848,0.271562,0.335850
2.322400,0.140137,0.102403,0.138870,0.103170
-1.101600,0.253813,0.243545,0.256643,0.290520
0.813290,0.171155,0.134302,0.170555,0.155400
2.471100,0.104654,0.067278,0.102745,0.060514
-0.571830,0.128992,0.094697,0.127332,0.071317
1.622600,0.291310,0.293982,0.296101,0.387220
1.270400,0.278459,0.275240,0.282739,0.359120
0.947360,0.207470,0.178081,0.208365,0.216650
1.576200,0.294323,0.298473,0.299297,0.394430
-0.980040,0.228271,0.209490,0.230015,0.232380
2.003900,0.223153,0.199626,0.224595,0.240120
1.835100,0.261257,0.250775,0.264442,0.318790
2.509700,0.096252,0.059602,0.094243,0.051943
-2.021800,0.211230,0.187606,0.212445,0.231470
-1.375600,0.288297,0.291760,0.292670,0.386870
-1.567000,0.287560,0.290679,0.291876,0.395480
1.448400,0.295208,0.299882,0.300297,0.396930
2.033800,0.215608,0.189975,0.216741,0.225690
2.316600,0.141604,0.103945,0.140372,0.105140
-1.028700,0.239042,0.223663,0.241235,0.255910
0.843710,0.179414,0.143844,0.179135,0.168620
1.355500,0.288976,0.290671,0.293777,0.382720
1.303400,0.283056,0.281959,0.287565,0.369370
-1.960400,0.225835,0.206399,0.227583,0.261150
-2.266800,0.149063,0.113211,0.148318,0.123110
-1.686500,0.276382,0.274838,0.280187,0.372240
-1.968800,0.223885,0.203864,0.225560,0.257100
2.877300,0.036522,0.014077,0.034602,0.008982
1.610500,0.292230,0.295349,0.297076,0.389410
-0.684970,0.155881,0.122509,0.154991,0.105720
-1.329500,0.285253,0.287415,0.289490,0.376490
-1.676700,0.277587,0.276534,0.281447,0.374890
-2.480100,0.098405,0.061076,0.096536,0.058436
-1.616500,0.283882,0.285435,0.288026,0.388370
-1.194500,0.269652,0.265399,0.273185,0.331080
-0.982120,0.228744,0.210106,0.230507,0.233380
1.219100,0.270098,0.263130,0.273961,0.340810
-2.265700,0.149342,0.113521,0.148604,0.123540
1.906500,0.246271,0.230180,0.248734,0.286740
2.377400,0.126497,0.088406,0.124943,0.085569
1.150500,0.256832,0.244244,0.260037,0.312570
-1.899500,0.239421,0.224285,0.241688,0.290010
-0.136390,0.058540,0.045517,0.055421,0.011566
-1.404200,0.289565,0.293573,0.293994,0.391790
-1.988500,0.219248,0.197867,0.220753,0.247600
-1.965000,0.224769,0.205012,0.226477,0.258940
1.550500,0.295383,0.300069,0.300427,0.397010
1.309500,0.283835,0.283102,0.288383,0.371100
0.610210,0.119291,0.081108,0.116977,0.081964
-1.339300,0.286002,0.288483,0.290272,0.378960
-1.010900,0.235177,0.218544,0.237207,0.247310
-1.246600,0.276798,0.275427,0.280653,0.350970
2.234100,0.162944,0.127103,0.162263,0.135820
1.962100,0.233386,0.212968,0.235266,0.260360
1.413800,0.293553,0.297438,0.298571,0.393150
-1.629700,0.282669,0.283714,0.286758,0.385850
2.203800,0.170938,0.136131,0.170491,0.148180
1.713500,0.281509,0.279598,0.285746,0.364280
2.330000,0.138222,0.100402,0.136912,0.100600
-2.144700,0.180315,0.149398,0.180490,0.173780
1.295300,0.281987,0.280393,0.286443,0.366960
-1.475900,0.290619,0.295071,0.295086,0.398580
-2.828600,0.039262,0.015088,0.037187,0.011688
-1.674900,0.277804,0.276838,0.281672,0.375370
-1.075600,0.248755,0.236681,0.251365,0.278330
-1.072100,0.248056,0.235736,0.250635,0.276690
1.401900,0.292800,0.296323,0.297783,0.391440
0.804840,0.168870,0.131709,0.168183,0.151810
1.098600,0.245431,0.228362,0.248081,0.289130
2.160800,0.182343,0.149334,0.182257,0.166630
1.047300,0.233215,0.211727,0.235282,0.264850
1.045900,0.232870,0.211264,0.234922,0.264190
1.778400,0.271621,0.265380,0.275332,0.341740
-2.642900,0.066550,0.033792,0.064344,0.029268
0.751550,0.154620,0.116009,0.153413,0.130170
1.223200,0.270818,0.264167,0.274717,0.342370
1.562200,0.294955,0.299423,0.299970,0.395960
1.749200,0.276347,0.272140,0.280306,0.352430
1.737000,0.278189,0.274793,0.282247,0.356650
-2.079200,0.196074,0.168660,0.196756,0.203980
1.031000,0.229169,0.206308,0.231046,0.257030
-1.563500,0.287767,0.290975,0.292093,0.395840
-2.342100,0.130324,0.092876,0.129101,0.096617
-1.382200,0.286807,0.290332,0.291118,0.388120
-1.079400,0.249510,0.237702,0.252152,0.280110
2.040500,0.213896,0.187808,0.214960,0.222450
-1.388300,0.288919,0.292650,0.293320,0.389210
0.588430,0.114303,0.076723,0.111856,0.075793
2.254700,0.157547,0.121116,0.156716,0.127750
2.922700,0.031663,0.011286,0.029842,0.006967
-1.400500,0.289428,0.293377,0.293851,0.391220
1.506200,0.296173,0.301279,0.301283,0.399010
1.511300,0.295236,0.300289,0.300304,0.398940
-1.739700,0.268999,0.264520,0.272481,0.355740
1.470300,0.295840,0.300809,0.300951,0.398340
-1.794300,0.260047,0.252157,0.263148,0.335590
-1.147100,0.262033,0.254820,0.265226,0.311070
-1.192300,0.269321,0.264937,0.272839,0.330200
-1.153600,0.263137,0.256346,0.266379,0.313910
1.899100,0.246999,0.231391,0.249501,0.290200
-2.380800,0.121004,0.083195,0.119568,0.084548
1.899100,0.246999,0.231391,0.249501,0.290200
1.785100,0.270475,0.263751,0.274127,0.339160
0.831720,0.176154,0.140047,0.175747,0.163350
-1.506500,0.290137,0.294375,0.294579,0.399010
-0.521280,0.117774,0.084038,0.115831,0.058862
1.776900,0.271874,0.265741,0.275598,0.342320
-0.543620,0.122659,0.088602,0.120836,0.064149
-1.661200,0.279393,0.279079,0.283333,0.378830
-1.037900,0.241003,0.226273,0.243280,0.260350
-2.208100,0.164033,0.130214,0.163711,0.146380
1.576600,0.294303,0.298443,0.299275,0.394380
-1.727600,0.270799,0.267026,0.274359,0.359750
1.856900,0.256893,0.244713,0.259863,0.309310
1.249500,0.275226,0.270539,0.279345,0.351960
-1.463800,0.290655,0.295126,0.295126,0.398000
1.559400,0.295065,0.299590,0.300088,0.396230
-2.755000,0.048909,0.021122,0.046726,0.017101
1.080400,0.241195,0.222547,0.243641,0.280600
-1.195000,0.269727,0.265503,0.273263,0.331300
-0.814370,0.188193,0.159404,0.188386,0.155860
1.162200,0.259249,0.247653,0.262573,0.317630
-1.991300,0.218583,0.197009,0.220063,0.246240
2.011900,0.221151,0.197050,0.222510,0.236270
-1.531900,0.289316,0.293195,0.293717,0.398230
-1.432100,0.290338,0.294677,0.294799,0.395380
1.872400,0.253672,0.240274,0.256486,0.302410
-1.177400,0.267021,0.261732,0.270436,0.324040
2.342700,0.135042,0.097105,0.133662,0.096428
0.901710,0.195186,0.162759,0.195553,0.195040
1.381600,0.291299,0.294103,0.296212,0.388010
-0.948250,0.220919,0.199980,0.222363,0.217070
1.608300,0.292387,0.295583,0.297242,0.389790
1.236900,0.272248,0.266564,0.276225,0.347450
1.994400,0.225514,0.202678,0.227055,0.244750
-1.759200,0.265955,0.260298,0.269306,0.348860
-1.640200,0.280724,0.281288,0.284727,0.383660
-2.079200,0.196074,0.168660,0.196756,0.203990
-1.525900,0.289544,0.293523,0.293956,0.398510
-1.252500,0.277521,0.276447,0.281409,0.353050
-1.417900,0.290003,0.294198,0.294449,0.393700
1.109900,0.248002,0.231914,0.250776,0.294320
-1.913600,0.236369,0.220234,0.238517,0.283430
-1.270500,0.279615,0.279407,0.283598,0.359150
1.334700,0.286814,0.287483,0.291509,0.377820
-1.761800,0.265536,0.259718,0.268869,0.347940
-0.475890,0.108242,0.075506,0.106075,0.049145
1.778700,0.271570,0.265308,0.275278,0.341640
1.128700,0.252173,0.237714,0.255150,0.302900
-2.250600,0.153173,0.117814,0.152540,0.129310
1.197100,0.266089,0.257379,0.269752,0.332140
1.142900,0.255230,0.241993,0.258357,0.309200
1.236900,0.272248,0.266564,0.276225,0.347440
1.636200,0.290166,0.292285,0.294889,0.384510
-1.462600,0.290654,0.295125,0.295125,0.397930
2.248400,0.159194,0.122934,0.158408,0.130170
-2.045900,0.205306,0.180114,0.206313,0.219890
-0.920050,0.214225,0.191443,0.215402,0.203650
1.149900,0.256707,0.244067,0.259905,0.312280
-2.538900,0.086090,0.049932,0.084045,0.046089
1.028700,0.228592,0.205540,0.230443,0.255920
-1.911400,0.236849,0.220870,0.239016,0.284470
-2.007800,0.214627,0.191935,0.215964,0.238240
2.302500,0.145193,0.107741,0.144045,0.110050
0.360860,0.072354,0.048065,0.069083,0.030170
1.189600,0.264668,0.255348,0.268260,0.329120
-1.127500,0.258596,0.250087,0.261636,0.302360
1.183800,0.263550,0.253755,0.267087,0.326740
-0.669330,0.152051,0.118372,0.151044,0.100420
1.317900,0.284871,0.284624,0.289471,0.373440
-1.135600,0.260036,0.252067,0.263140,0.305950
-2.059600,0.201900,0.175843,0.202789,0.213320
-1.520600,0.289728,0.293787,0.294149,0.398700
-2.361000,0.125741,0.088078,0.124412,0.090601
-1.475700,0.290620,0.295073,0.295088,0.398570
-0.568380,0.128208,0.093932,0.126528,0.070411
1.703100,0.282879,0.281591,0.287192,0.367450
-1.382200,0.286807,0.290332,0.291118,0.388110
-1.710100,0.273278,0.270487,0.276947,0.365310
1.634200,0.290341,0.292545,0.295075,0.384940
1.784800,0.269614,0.262839,0.273231,0.339270
1.803700,0.267181,0.259087,0.270664,0.331820
1.843600,0.259579,0.248438,0.262681,0.315100
-2.121900,0.185238,0.155359,0.185562,0.184130
-1.562800,0.287808,0.291033,0.292136,0.395910
-1.128500,0.258775,0.250333,0.261823,0.302790
-1.579500,0.286762,0.289539,0.291041,0.394030
2.197000,0.172738,0.138190,0.172347,0.151020
-1.026500,0.238569,0.223035,0.240743,0.254860
1.123100,0.250945,0.236001,0.253862,0.300370
-2.342000,0.130349,0.092902,0.129126,0.096645
0.831260,0.176029,0.139902,0.175617,0.163150
-1.364900,0.287699,0.290906,0.292046,0.384750
0.805770,0.169121,0.131993,0.168444,0.152200
-1.295300,0.282218,0.283097,0.286318,0.366970
-1.392600,0.289109,0.292920,0.293517,0.389940
-2.096300,0.192665,0.164394,0.193242,0.195960
0.899620,0.194620,0.162065,0.194962,0.194060
1.170400,0.260907,0.250000,0.264313,0.321120
-1.533200,0.289264,0.293120,0.293662,0.398170
-1.881200,0.243291,0.229449,0.245710,0.298390
-2.146300,0.179905,0.148906,0.180067,0.173070
-0.660770,0.149967,0.116145,0.148897,0.097595
-1.589700,0.286045,0.288516,0.290290,0.392680
-0.708640,0.161726,0.128924,0.161020,0.114060
-1.810900,0.257070,0.248082,0.260048,0.328910
2.180600,0.177087,0.143202,0.176831,0.157990
-1.814100,0.256483,0.247281,0.259437,0.327600
-2.547000,0.084463,0.048512,0.082398,0.044556
-0.784820,0.180778,0.150640,0.180709,0.143480
1.570800,0.294582,0.298862,0.299573,0.395060
-0.272480,0.073370,0.050312,0.070510,0.020344
1.175800,0.261982,0.251526,0.265441,0.323400
0.636520,0.125502,0.086775,0.123362,0.089870
-2.174700,0.172611,0.140236,0.172547,0.160540
0.838510,0.177999,0.142192,0.177665,0.166330
-1.786400,0.261423,0.254047,0.264582,0.338670
1.828500,0.262539,0.252565,0.265788,0.321590
1.574000,0.293518,0.297682,0.298461,0.394700
-0.913140,0.212564,0.189343,0.213675,0.200390
1.574200,0.294421,0.298621,0.299401,0.394670
1.349600,0.288391,0.289807,0.293163,0.381400
1.963200,0.233122,0.212620,0.234991,0.259800
-0.818770,0.189295,0.160721,0.189528,0.157740
1.864700,0.255284,0.242492,0.258176,0.305830
0.000668,0.051384,0.047099,0.048097,0.008866
1.381800,0.291315,0.294127,0.296228,0.388060
1.346400,0.288064,0.289325,0.292820,0.380660
-1.604400,0.284908,0.286896,0.289100,0.390450
1.681800,0.285490,0.285404,0.289947,0.373520
-1.608700,0.284553,0.286390,0.288728,0.389720
-1.142500,0.261241,0.253727,0.264398,0.309050
1.261100,0.277051,0.273189,0.281260,0.356010
-1.012000,0.235418,0.218863,0.237459,0.247860
-1.469800,0.290648,0.295115,0.295118,0.398310
1.124300,0.250297,0.235357,0.253188,0.300900
0.714100,0.144842,0.105739,0.143301,0.116050
-0.471240,0.107297,0.074689,0.105108,0.048224
1.836000,0.261081,0.250529,0.264257,0.318380
-1.473700,0.289719,0.294140,0.294149,0.398490
-0.818200,0.189152,0.160550,0.189380,0.157500
-1.366900,0.287816,0.291073,0.292168,0.385140
-1.724100,0.271307,0.267734,0.274889,0.360900
0.915230,0.198844,0.167269,0.199366,0.201380
1.479300,0.296005,0.301049,0.301120,0.398700
1.813100,0.265455,0.256654,0.268850,0.327990
-0.901020,0.209632,0.185654,0.210629,0.194710
1.900300,0.247647,0.232046,0.250175,0.289640
-1.184900,0.268192,0.263362,0.271659,0.327170
1.335900,0.286946,0.287677,0.291648,0.378130
-1.747000,0.267880,0.262966,0.271314,0.353200
-1.042000,0.241868,0.227428,0.244182,0.262320
-1.234100,0.275207,0.273185,0.278990,0.346420
-2.167200,0.174539,0.142514,0.174533,0.163830
1.014900,0.225104,0.200914,0.226794,0.249260
1.325400,0.285760,0.285931,0.290403,0.375450
1.202100,0.267022,0.258713,0.270731,0.334160
-1.489700,0.290470,0.294856,0.294929,0.398960
1.665300,0.287328,0.288100,0.291889,0.377830
-1.962800,0.225280,0.205676,0.227007,0.260000
1.066500,0.237885,0.218038,0.240173,0.274030
1.723500,0.280134,0.277604,0.284296,0.361120
1.360300,0.289436,0.291350,0.294259,0.383770
-2.386400,0.119677,0.081841,0.118212,0.082911
-2.170900,0.173588,0.141389,0.173553,0.162220
1.598800,0.293030,0.296540,0.297924,0.391320
1.339200,0.287305,0.288206,0.292024,0.378930
0.902850,0.195495,0.163138,0.195875,0.195570
-0.051237,0.053142,0.046265,0.049910,0.009240
2.560800,0.085720,0.050362,0.083618,0.042034
-1.800100,0.259019,0.250749,0.262078,0.333260
1.972800,0.230806,0.209577,0.232574,0.255210
-1.376600,0.288349,0.291835,0.292724,0.387070
-1.218600,0.273124,0.270259,0.276813,0.340590
1.350400,0.288471,0.289926,0.293248,0.381560
-0.965810,0.225008,0.205252,0.226617,0.225510
-1.801800,0.258716,0.250333,0.261762,0.332570
-1.473700,0.289719,0.294140,0.294149,0.398490
-0.745830,0.170997,0.139342,0.170594,0.127950
-1.966800,0.223438,0.203436,0.225092,0.258100
1.537600,0.295749,0.300624,0.300820,0.397920
-2.384700,0.120079,0.082251,0.118623,0.083401
-1.816300,0.256078,0.246727,0.259014,0.326700
-1.035000,0.240387,0.225453,0.242638,0.258950
1.440800,0.294913,0.299447,0.299990,0.396250
1.341600,0.287562,0.288584,0.292293,0.379510
-1.613500,0.284144,0.285808,0.288300,0.388890
-1.428200,0.290258,0.294563,0.294715,0.394950
1.009500,0.223727,0.199097,0.225353,0.246650
1.511300,0.295236,0.300289,0.300304,0.398940
-1.585300,0.286362,0.288967,0.290621,0.393280
-1.437300,0.290431,0.294810,0.294895,0.395920
2.030900,0.216347,0.190913,0.217509,0.227110
1.871600,0.253841,0.240506,0.256663,0.302750
1.771000,0.272859,0.267146,0.276635,0.344540
1.760100,0.274634,0.269683,0.278503,0.348540
1.632500,0.290489,0.292763,0.295231,0.385280
-1.698900,0.274786,0.272598,0.278521,0.368690
2.094000,0.200008,0.170525,0.200539,0.197040
-1.765000,0.265016,0.258999,0.268327,0.346760
-1.332100,0.285457,0.287706,0.289703,0.377160
1.823600,0.263478,0.253880,0.266774,0.323640
-1.766100,0.264836,0.258751,0.268140,0.346340
1.222700,0.270731,0.264041,0.274625,0.342180
1.564800,0.294847,0.299261,0.299855,0.395710
-0.853500,0.197956,0.171196,0.198507,0.172980
-1.767200,0.264656,0.258502,0.267952,0.345930
1.629700,0.290727,0.293117,0.295484,0.385850
-1.428000,0.290254,0.294556,0.294711,0.394930
-0.938460,0.218612,0.197025,0.219963,0.212390
1.713200,0.281549,0.279657,0.285789,0.364370
-1.448500,0.290577,0.295017,0.295046,0.396930
0.993010,0.219483,0.193532,0.220915,0.238650
-0.395680,0.092847,0.062969,0.090351,0.035116
-1.974800,0.222482,0.202044,0.224105,0.254200
-2.220600,0.160830,0.126522,0.160414,0.141240
0.817880,0.172398,0.135722,0.171845,0.157360
-1.594900,0.285657,0.287962,0.289884,0.391920
-1.382200,0.286807,0.290332,0.291118,0.388120
1.319200,0.285028,0.284854,0.289635,0.373780
-1.517600,0.288912,0.292974,0.293300,0.398800
-1.711900,0.273030,0.270140,0.276688,0.364770
2.292900,0.147652,0.110366,0.146564,0.113490
1.707300,0.282333,0.280796,0.286616,0.366190
-1.552400,0.288377,0.291849,0.292733,0.396860
1.189200,0.264591,0.255239,0.268180,0.328950
-1.251500,0.277400,0.276276,0.281282,0.352660
1.598900,0.293024,0.296531,0.297917,0.391320
1.172500,0.261327,0.250595,0.264753,0.321990
2.145700,0.186350,0.154063,0.186398,0.173330
-1.139100,0.260650,0.252912,0.263781,0.307520
-1.698500,0.274839,0.272672,0.278576,0.368810
-1.304300,0.283079,0.284321,0.287218,0.369620
-1.419600,0.290049,0.294264,0.294498,0.393920
-2.332000,0.132796,0.095493,0.131632,0.099951
-1.667800,0.278640,0.278016,0.282546,0.377180
-0.987000,0.229850,0.211549,0.231658,0.235740
1.186200,0.264014,0.254417,0.267574,0.327730
1.158600,0.258512,0.246612,0.261800,0.316060
-1.599700,0.285285,0.287432,0.289494,0.391190
-1.801000,0.258859,0.250528,0.261911,0.332920
1.813000,0.265473,0.256681,0.268869,0.328040
-1.994600,0.217796,0.195998,0.219247,0.244640
1.914400,0.244498,0.227785,0.246879,0.283020
-1.529100,0.289425,0.293352,0.293831,0.398370
1.321300,0.285279,0.285223,0.289898,0.374360
-2.010300,0.214023,0.191164,0.215338,0.237060
1.701100,0.283135,0.281964,0.287462,0.368030
2.392600,0.122826,0.084742,0.121203,0.081102
1.707800,0.282267,0.280700,0.286546,0.366040
-1.423400,0.290147,0.294404,0.294600,0.394390
2.445900,0.110335,0.072615,0.108506,0.066657
1.564200,0.294872,0.299299,0.299882,0.395760
0.924670,0.201389,0.170434,0.202020,0.205830
1.978000,0.229542,0.207922,0.231255,0.252690
0.877590,0.188635,0.154796,0.188729,0.183890
-1.583600,0.286481,0.289138,0.290746,0.393500
-1.539400,0.289001,0.292743,0.293386,0.397810
2.530900,0.091799,0.055642,0.089746,0.047632
1.554500,0.295247,0.299863,0.300282,0.396680
2.197600,0.172579,0.138008,0.172183,0.150750
1.912800,0.244859,0.228272,0.247257,0.283820
0.874870,0.187895,0.153906,0.187959,0.182640
-2.383700,0.120316,0.082492,0.118865,0.083686
0.935150,0.204205,0.173960,0.204958,0.210810
1.218900,0.270063,0.263079,0.273924,0.340720
1.111400,0.248340,0.232382,0.251130,0.295030
-1.201700,0.270719,0.266889,0.274299,0.333980
0.441380,0.084883,0.054622,0.081797,0.042637
2.201900,0.171441,0.136705,0.171009,0.148990
-1.872300,0.245133,0.231918,0.247625,0.302420
1.343400,0.287752,0.288864,0.292493,0.379940
-2.179300,0.171429,0.138843,0.171329,0.158580
0.981570,0.216506,0.189661,0.217803,0.233120
-1.550000,0.288500,0.292025,0.292861,0.397060
1.337400,0.287110,0.287919,0.291820,0.378490
1.266200,0.277829,0.274322,0.282078,0.357700
1.423000,0.294071,0.298204,0.299112,0.394340
1.815600,0.264989,0.255999,0.268360,0.326980
-1.485200,0.290531,0.294944,0.294994,0.398870
-2.018800,0.211961,0.188535,0.213202,0.232950
-1.830200,0.253470,0.243177,0.256300,0.320870
1.626300,0.291011,0.293537,0.295783,0.386520
-0.538460,0.121520,0.087527,0.119669,0.062897
1.578000,0.294232,0.298337,0.299200,0.394220
1.282100,0.280162,0.277723,0.284527,0.362900
-0.446060,0.102289,0.070457,0.099990,0.043477
0.306240,0.065435,0.045748,0.062091,0.023665
1.758800,0.274841,0.269980,0.278721,0.349000
2.151800,0.184732,0.152148,0.184725,0.170590
1.829000,0.262443,0.252430,0.265686,0.321370
2.292000,0.147883,0.110614,0.146801,0.113820
-1.542400,0.288866,0.292549,0.293245,0.397610
1.477700,0.295980,0.301012,0.301095,0.398650
-1.099600,0.253433,0.243027,0.256247,0.289590
-1.322900,0.284718,0.286653,0.288931,0.374790
0.748110,0.153712,0.115038,0.152473,0.128830
1.840000,0.260294,0.249432,0.263431,0.316680
1.373700,0.290642,0.293132,0.295523,0.386500
1.828000,0.262635,0.252700,0.265889,0.321810
-0.727550,0.166429,0.134172,0.165875,0.121010
1.398800,0.292588,0.296010,0.297561,0.390950
1.893800,0.249076,0.233988,0.251671,0.292640
1.232900,0.272487,0.266574,0.276469,0.345980
0.827110,0.174902,0.138599,0.174446,0.161350
1.574000,0.293518,0.297682,0.298461,0.394700
1.471800,0.295871,0.300854,0.300983,0.398410
-1.789100,0.260955,0.253404,0.264095,0.337600
1.042000,0.231907,0.209971,0.233913,0.262310
-1.563700,0.287755,0.290959,0.292081,0.395820
2.229500,0.164154,0.128458,0.163507,0.137650
-1.335500,0.285718,0.288078,0.289976,0.378020
-0.960450,0.223767,0.203647,0.225326,0.222930
-1.892400,0.240022,0.225289,0.242311,0.293290
-1.728800,0.270624,0.266781,0.274176,0.359390
1.353000,0.288731,0.290309,0.293520,0.382170
1.202500,0.267096,0.258819,0.270809,0.334300
-0.393280,0.092417,0.062645,0.089912,0.034754
-1.692800,0.275581,0.273713,0.279350,0.370460
1.102400,0.246301,0.229562,0.248993,0.290860
-1.171600,0.266098,0.260449,0.269471,0.321610
1.488700,0.296119,0.301213,0.301236,0.398940
-2.010800,0.213902,0.191009,0.215213,0.236820
-2.259900,0.150811,0.115163,0.150114,0.125730
1.289500,0.281197,0.279237,0.285614,0.365210
1.587500,0.293718,0.297568,0.298654,0.392980
-2.616400,0.071245,0.037482,0.069062,0.032998
1.392300,0.292124,0.295323,0.297075,0.389890
2.529300,0.092131,0.055935,0.090081,0.047955
-1.196900,0.270010,0.265899,0.273559,0.332050
-0.840090,0.194621,0.167136,0.195048,0.167020
1.892300,0.249403,0.234434,0.252014,0.293320
1.093400,0.244232,0.226711,0.246824,0.286700
1.970200,0.231436,0.210403,0.233231,0.256420
-1.703300,0.274201,0.271779,0.277910,0.367380
-2.386500,0.119653,0.081817,0.118188,0.082873
-1.318800,0.284373,0.286162,0.288571,0.373680
-1.666500,0.278790,0.278228,0.282703,0.377520
-1.946700,0.228979,0.210504,0.230845,0.267710
-2.026500,0.210082,0.186148,0.211257,0.229190
-1.047600,0.243042,0.228997,0.245406,0.264990
0.682620,0.136827,0.097652,0.135028,0.104910
1.752600,0.275819,0.271383,0.279751,0.351250
-1.409400,0.289744,0.293829,0.294180,0.392550
2.038800,0.214331,0.188358,0.215413,0.223290
1.129000,0.252239,0.237805,0.255219,0.303010
-2.108000,0.189694,0.160752,0.190172,0.190530
-1.955700,0.226919,0.207812,0.228707,0.263440
2.061900,0.208383,0.180882,0.209230,0.212210
1.537400,0.295754,0.300631,0.300825,0.397930
-2.551200,0.083626,0.047787,0.081552,0.043775
1.499000,0.296176,0.301289,0.301290,0.399040
2.130200,0.190459,0.158959,0.190648,0.180310
1.032500,0.229544,0.206809,0.231439,0.257740
1.086600,0.242651,0.224540,0.245166,0.283510
-1.225100,0.274012,0.271506,0.277741,0.343070
-1.190600,0.269064,0.264578,0.272570,0.329530
-1.411900,0.289825,0.293944,0.294264,0.392900
0.998790,0.220977,0.195485,0.222477,0.241450
0.427710,0.082566,0.053236,0.079441,0.040259
1.622000,0.291358,0.294053,0.296152,0.387330
1.973700,0.230588,0.209291,0.232346,0.254770
1.346900,0.288115,0.289401,0.292874,0.380760
-1.414000,0.289889,0.294036,0.294331,0.393180
1.756000,0.275285,0.270617,0.279189,0.350040
-2.298300,0.141143,0.104480,0.140188,0.111560
1.497600,0.296172,0.301285,0.301287,0.399040
1.391600,0.292072,0.295246,0.297021,0.389780
-1.147600,0.262119,0.254938,0.265315,0.311280
-2.101800,0.191270,0.162681,0.191800,0.193410
-0.845930,0.196075,0.168902,0.196556,0.169610
-1.500000,0.290286,0.294590,0.294735,0.399040
-1.556900,0.288139,0.291507,0.292482,0.396470
-1.727500,0.270814,0.267046,0.274374,0.359800
2.683100,0.063413,0.032347,0.061248,0.024275
1.676000,0.286155,0.286378,0.290649,0.375080
1.550100,0.295396,0.300089,0.300441,0.397050
-1.467300,0.290654,0.295123,0.295124,0.398190
1.667900,0.287050,0.287691,0.291594,0.377160
-2.075700,0.197867,0.170818,0.198618,0.205670
1.530300,0.295907,0.300865,0.300990,0.398310
1.526900,0.295968,0.300958,0.301056,0.398470
-1.219800,0.273290,0.270491,0.276986,0.341040
2.243800,0.160399,0.124268,0.159646,0.131960
-1.847300,0.250162,0.238692,0.252856,0.313500
1.380200,0.291186,0.293935,0.296093,0.387740
1.401100,0.292746,0.296243,0.297726,0.391320
1.183600,0.263511,0.253700,0.267046,0.326650
-1.844300,0.250750,0.239488,0.253468,0.314800
-1.753200,0.266910,0.261621,0.270302,0.351030
-1.768500,0.264442,0.258206,0.267729,0.345470
-0.989890,0.230502,0.212402,0.232337,0.237140
-2.211800,0.163084,0.129117,0.162734,0.144870
-1.700000,0.274641,0.272394,0.278369,0.368370
-1.055200,0.244619,0.231110,0.247050,0.268650
-1.299500,0.282625,0.283676,0.286744,0.368220
0.953730,0.209166,0.180235,0.210136,0.219700
-0.928510,0.216249,0.194011,0.217505,0.207660
1.307800,0.283620,0.282787,0.288157,0.370620
1.437900,0.294791,0.299266,0.299863,0.395980
-0.342020,0.083703,0.056460,0.081030,0.027761
1.443500,0.295023,0.299608,0.300104,0.396500
2.594400,0.079177,0.044848,0.077037,0.036366
-1.901800,0.238927,0.223629,0.241175,0.288920
-1.091500,0.251878,0.240912,0.254623,0.285820
-1.934000,0.231850,0.214270,0.233825,0.273800
-0.378940,0.089890,0.060775,0.087335,0.032657
-1.970200,0.223558,0.203440,0.225221,0.256420
-1.182900,0.267882,0.262930,0.271335,0.326340
-2.083900,0.195802,0.168260,0.196483,0.201770
-1.002700,0.233366,0.216159,0.235321,0.243330
-0.831780,0.192548,0.164630,0.192899,0.163380
-1.574100,0.287118,0.290047,0.291413,0.394690
1.600200,0.292939,0.296405,0.297827,0.391110
0.511090,0.097846,0.063457,0.095009,0.056563
1.620000,0.291516,0.294287,0.296319,0.387720
1.506700,0.296171,0.301276,0.301281,0.399010
2.020500,0.218985,0.194275,0.220254,0.232090
1.862000,0.255843,0.243264,0.258762,0.307030
-2.184700,0.170042,0.137213,0.169899,0.156240
-1.093800,0.252322,0.241516,0.255087,0.286890
-1.214000,0.272483,0.269360,0.276143,0.338810
1.636700,0.290121,0.292220,0.294842,0.384400
1.063100,0.237066,0.216927,0.239315,0.272400
-2.014300,0.213054,0.189928,0.214335,0.235120
-2.506700,0.092727,0.055851,0.090771,0.052565
-1.191400,0.269185,0.264747,0.272697,0.329820
2.361700,0.130336,0.092285,0.128858,0.090372
-1.523200,0.289640,0.293660,0.294057,0.398620
-1.606000,0.284777,0.286709,0.288963,0.390170
1.983000,0.228320,0.206327,0.229981,0.250260
0.766230,0.158512,0.120213,0.157443,0.135960
2.427400,0.114600,0.076696,0.112836,0.071448
1.655600,0.288332,0.289578,0.292950,0.380190
-1.321800,0.284626,0.286523,0.288835,0.374480
1.913300,0.244746,0.228120,0.247139,0.283570
1.914600,0.244453,0.227724,0.246832,0.282950
2.396800,0.121820,0.083745,0.120178,0.079877
1.328500,0.286118,0.286457,0.290778,0.376260
0.802970,0.168365,0.131138,0.167659,0.151020
-2.168700,0.174153,0.142057,0.174136,0.163160
-1.614900,0.284022,0.285635,0.288173,0.388650
1.793900,0.268938,0.261570,0.272510,0.335750
-1.653100,0.280286,0.280340,0.284266,0.380760
0.680610,0.136323,0.097153,0.134508,0.104230
2.092800,0.200323,0.170911,0.200865,0.197600
-2.121900,0.185238,0.155359,0.185562,0.184120
1.447700,0.295183,0.299844,0.300270,0.396860
1.383500,0.291451,0.294328,0.296371,0.388360
-1.739000,0.269105,0.264668,0.272592,0.355950
-1.641500,0.281504,0.282063,0.285540,0.383380
2.148400,0.185634,0.153215,0.185658,0.172110
-2.181900,0.170761,0.138058,0.170640,0.157450
1.808600,0.266286,0.257825,0.269724,0.329820
0.665590,0.132582,0.093496,0.130652,0.099178
-1.492200,0.290431,0.294800,0.294888,0.398990
1.341300,0.287530,0.288537,0.292260,0.379450
-0.934190,0.217600,0.195732,0.218910,0.210360
-1.695500,0.275231,0.273223,0.278986,0.369670
1.396800,0.292448,0.295803,0.297415,0.390640
1.612500,0.292085,0.295132,0.296921,0.389060
1.737400,0.278130,0.274708,0.282185,0.356520
-2.285000,0.144475,0.108129,0.143607,0.116370
1.104800,0.246848,0.230317,0.249566,0.291970
-1.258200,0.278203,0.277410,0.282121,0.355020
-1.163800,0.263920,0.257710,0.267199,0.318310
-3.105800,0.015092,0.003392,0.013764,0.002298
2.233900,0.162997,0.127162,0.162317,0.135900
-0.626040,0.141617,0.107388,0.140303,0.086660
1.189700,0.264687,0.255376,0.268280,0.329150
-1.406800,0.289657,0.293704,0.294089,0.392180
-1.660600,0.279460,0.279174,0.283403,0.378980
0.387490,0.076197,0.049808,0.072975,0.033894
-1.595000,0.285649,0.287951,0.289876,0.391900
1.848200,0.258658,0.247159,0.261715,0.313110
-1.146000,0.261845,0.254560,0.265029,0.310590
-0.809830,0.187055,0.158049,0.187207,0.153920
-0.737930,0.169021,0.137097,0.168552,0.124920
-2.131800,0.183620,0.153374,0.183900,0.179580
1.648800,0.289001,0.290565,0.293657,0.381760
-1.614100,0.284092,0.285734,0.288246,0.388790
-2.004900,0.215326,0.192830,0.216688,0.239670
-0.679370,0.154506,0.121018,0.153574,0.103800
-1.658900,0.279650,0.279442,0.283602,0.379390
1.461100,0.295614,0.300478,0.300718,0.397840
1.505600,0.296174,0.301282,0.301285,0.399020
2.261000,0.155905,0.119311,0.155029,0.125310
-1.164000,0.264865,0.258739,0.268184,0.318390
-1.343000,0.286270,0.288866,0.290553,0.379850
1.984100,0.228051,0.205976,0.229700,0.249720
1.124300,0.250297,0.235357,0.253188,0.300900
2.316300,0.141681,0.104025,0.140449,0.105240
-1.966800,0.223438,0.203436,0.225092,0.258100
1.210000,0.268470,0.260789,0.272251,0.337280
-0.855870,0.198544,0.171914,0.199117,0.174040
1.736400,0.278278,0.274921,0.282340,0.356830
1.138100,0.254206,0.240557,0.257283,0.307080
1.752300,0.275866,0.271450,0.279800,0.351330
0.785480,0.163657,0.125869,0.162775,0.143750
-0.886180,0.206014,0.181133,0.206871,0.187830
-1.912300,0.236653,0.220610,0.238812,0.284020
-1.212800,0.272314,0.269123,0.275967,0.338340
1.539200,0.295710,0.300564,0.300778,0.397820
-0.821700,0.190028,0.161600,0.190287,0.159010
-0.829440,0.191963,0.163925,0.192293,0.162360
-1.507500,0.289199,0.293387,0.293601,0.399000
-0.546630,0.123326,0.089235,0.121520,0.064888
-2.007700,0.214651,0.191966,0.215989,0.238320
2.465500,0.105903,0.068442,0.104011,0.061840
1.352400,0.288671,0.290221,0.293457,0.382020
-2.103000,0.190965,0.162308,0.191485,0.192840
2.078900,0.203961,0.175389,0.204640,0.204160
-0.902280,0.209938,0.186037,0.210947,0.195300
-2.420800,0.111653,0.073798,0.110022,0.073219
-1.329000,0.285213,0.287359,0.289448,0.376380
-0.350330,0.085054,0.057368,0.082407,0.028801
-2.043700,0.205851,0.180800,0.206876,0.220930
2.362600,0.130115,0.092060,0.128632,0.090113
1.156100,0.257996,0.245885,0.261259,0.314990
-1.299900,0.282664,0.283730,0.286784,0.368330
1.328900,0.286163,0.286524,0.290826,0.376360
0.564270,0.108944,0.072190,0.106362,0.069340
-1.093600,0.252284,0.241463,0.255047,0.286790
1.600400,0.292926,0.296385,0.297813,0.391080
1.281200,0.280034,0.277536,0.284392,0.362610
1.931200,0.240661,0.222631,0.242867,0.275130
-1.945300,0.229297,0.210921,0.231175,0.268410
2.194600,0.173374,0.138919,0.173002,0.152030
-0.780820,0.179774,0.149466,0.179669,0.141840
-1.748600,0.266719,0.261641,0.270104,0.352660
-2.221600,0.160574,0.126228,0.160151,0.140850
1.809600,0.266102,0.257566,0.269530,0.329420
-2.446800,0.105748,0.068039,0.104006,0.066422
-0.646760,0.146577,0.112557,0.145407,0.093081
1.077000,0.240391,0.221449,0.242799,0.278980
-1.062000,0.246013,0.232984,0.248505,0.271870
1.615000,0.291899,0.294856,0.296725,0.388630
-1.259800,0.278391,0.277676,0.282318,0.355540
-1.796900,0.259588,0.251528,0.262670,0.334550
0.772330,0.160138,0.121988,0.159127,0.138400
1.904400,0.246738,0.230813,0.249224,0.287740
2.219300,0.166842,0.131481,0.166273,0.141780
-1.124000,0.257965,0.249222,0.260977,0.300770
