0.53183
0.33455
0.35141
0.55682
0.22205
0.26118
0.035978
0.5518
0.55554
0.47919
0.50648
0.38835
0.21808
0.13264
0.47903
0.54374
0.44622
0.047203
0.058889
0.56107
0.1652
0.48401
0.5403
0.046347
0.023857
0.4573
0.49722
0.56488
0.56615
0.24509
0.14159
0.22397
0.089494
0.22193
0.27711
0.43675
0.080043
0.55201
0.10099
0.39431
0.041098
0.016189
0.27274
0.56611
0.24849
0.26879
0.55952
0.53085
0.50194
0.43305
0.53601
0.54884
0.40398
0.42875
0.38282
0.33135
0.13829
0.073955
0.47141
0.27402
0.41266
0.36796
0.47361
0.44457
0.3106
0.23827
0.56114
0.46822
0.51877
0.0003625
0.41471
0.024181
0.49071
0.30057
0.50987
0.41891
0.50443
0.42113
0.42319
0.37505
0.28272
0.38318
0.11603
0.42588
0.49838
0.56084
0.47771
0.22781
0.30311
0.55902
0.21819
0.057569
0.52374
0.5085
0.50676
0.45693
0.022536
0.28858
0.40191
0.56635
0.55203
0.56288
0.22017
0.52644
0.075647
0.50577
0.20521
0.18324
0.30962
0.53695
0.36143
0.52862
0.12136
0.48825
0.068926
0.56612
0.56612
0.48531
0.19586
0.042938
0.5006
0.23167
0.091611
0.53881
0.56633
0.033573
0.49058
0.21499
0.25611
0.05668
0.1457
0.49373
0.23597
0.566
0.095887
0.20546
0.48492
0.29552
0.56485
0.55
0.32716
0.45765
0.19794
0.50772
0.56274
0.26981
0.14282
0.55956
0.0090383
0.55174
0.017715
0.56327
0.11345
0.18884
0.56608
0.14042
0.2554
0.56373
0.39192
0.45627
0.46672
0.50614
0.34167
0.47561
0.064706
0.56593
0.27704
0.48013
0.16391
0.40558
0.36574
0.36063
0.26136
0.32952
0.20937
0.56227
0.54382
0.39156
0.25451
0.0021676
0.54497
0.10681
0.55928
0.52609
0.56015
0.54081
0.20017
0.20046
0.11653
0.32517
0.56624
0.56438
0.19962
0.18757
0.20201
0.36038
0.3114
0.13762
0.26955
0.55253
0.091045
0.42786
0.42679
0.49746
0.55704
0.1367
0.45544
0.26929
0.55611
0.37411
0.55215
0.19702
0.51743
0.23975
0.40745
0.31847
0.1077
0.53818
0.31913
0.29179
0.42482
0.56548
0.29301
0.030765
0.029494
0.56552
0.10158
0.21586
0.46501
0.4026
0.45182
0.50632
0.17252
0.53353
0.53092
0.50988
0.17665
0.45822
0.16617
0.47427
0.51744
0.40932
0.17183
0.10934
0.025154
0.06934
0.56421
0.54037
0.24674
0.0015226
0.015285
0.51575
0.29253
0.28293
0.25083
0.37074
0.49254
0.31083
0.21971
0.50212
0.18352
0.54712
0.56271
0.083049
0.048041
0.20139
0.11226
0.30438
0.1046
0.4252
0.36955
0.34544
0.56133
0.059908
0.070789
0.45963
0.14683
0.066526
0.53572
0.10314
0.29099
0.12376
0.43537
0.51806
0.44595
0.33026
0.079471
0.23315
0.0075867
0.18825
0.19782
0.47164
0.55473
0.20012
0.43015
0.14616
0.23108
0.5556
0.55382
0.47086
0.25205
0.56568
0.45629
0.54021
0.3573
0.18098
0.20977
0.55674
0.36005
0.2763
0.54014
0.26521
0.20801
0.56528
0.41737
0.18279
0.20812
0.52992
0.13193
0.40133
0.018587
0.027252
0.19398
0.070015
0.53793
0.39947
0.47068
0.4905
0.52787
0.26812
0.49745
0.23578
0.3755
0.45052
0.42227
0.50344
0.14009
0.42989
0.10058
0.29521
0.32157
0.55992
0.32517
0.42345
0.45253
0.55273
0.47632
0.0043664
0.50995
0.17176
0.33026
0.13926
0.55953
0.1778
0.25587
0.30213
0.19841
0.36203
0.56623
0.28972
0.21108
0.3304
0.54922
0.021112
0.1927
0.24105
0.56628
0.28506
0.26889
0.0020141
0.53038
0.56169
0.44666
0.56307
0.56633
0.30679
0.44071
0.46354
0.54673
0.33832
0.42103
0.36641
0.55506
0.34742
0.53206
0.3954
0.56014
0.02644
0.17522
0.5389
0.48478
0.4403
0.31714
0.1311
0.053852
0.47985
0.52213
0.54948
0.55041
0.56634
0.29347
0.11822
0.139
0.53973
0.03916
0.38931
0.34195
0.554
0.52147
0.53965
0.25078
0.5232
0.20472
0.11747
0.097858
0.32587
0.14607
0.43101
0.3612
0.52596
0.049128
0.18743
0.27008
0.047965
0.39212
0.082479
0.5057
0.44526
0.35874
0.38267
0.54722
0.33284
0.56624
0.42788
0.54288
0.56481
0.33326
0.11177
0.53272
0.051443
0.4932
0.086908
0.42586
0.44814
0.085439
0.14645
0.094291
0.16181
0.28475
0.54275
0.4212
0.22687
0.55915
0.29924
0.54989
0.49387
0.49213
0.33679
0.16821
0.25318
0.53461
0.44778
0.1871
0.56494
0.18582
0.060964
0.18319
0.24954
0.38716
0.54423
0.23988
0.14511
0.54111
0.04955
0.057978
0.53981
0.049095
0.56288
0.56274
0.56449
0.24587
0.25073
0.53236
0.51696
0.47932
0.54991
0.35823
0.4686
0.1554
0.030549
0.39342
0.55405
0.32265
0.5617
0.5261
0.45863
0.39631
0.14823
0.56035
0.54226
0.48284
0.045148
0.55035
0.35218
0.56563
0.35151
0.037091
0.12228
0.55686
0.32802
0.40978
0.55888
0.17188
0.16464
0.55976
0.54386
0.33143
0.51401
0.46926
0.23889
0.086418
0.020648
0.53885
0.33157
0.56625
0.38386
0.55507
0.56447
0.54908
0.43751
0.0658
0.3309
0.22445
0.46383
0.10372
0.55469
0.24545
0.56627
0.53256
0.18608
0.53316
0.56479
0.47436
0.142
0.55805
0.54177
0.52876
0.50337
0.32949
0.088848
0.43483
0.038027
0.14057
0.47039
0.19183
0.15145
0.27893
0.059201
0.46659
0.21929
0.24366
0.49051
0.040792
0.16341
0.33916
0.45172
0.38903
0.013643
0.48894
0.064232
0.14844
0.34375
0.16934
0.53769
0.56545
0.53384
0.24108
0.16218
0.3092
0.51667
0.56441
0.11131
0.034868
0.052892
0.16347
0.13045
0.52972
0.45838
0.5386
0.42421
0.067131
0.09912
0.23927
0.15828
0.36341
0.52007
0.45569
0.55232
0.26875
0.12639
0.27471
0.52953
0.044544
0.55998
0.031855
0.34242
0.29606
0.15248
0.16822
0.5348
0.070564
0.5646
0.08268
0.45174
0.32728
0.36772
0.47593
0.1083
0.5596
0.40455
0.19248
0.51581
0.55844
0.15069
0.55709
0.096037
0.53467
0.093414
0.5107
0.30281
0.29957
0.54066
0.55011
0.48421
0.1348
0.047459
0.11662
0.055407
0.56506
0.055343
0.092096
0.5018
0.47928
0.51901
0.24327
0.34039
0.56631
0.38904
0.26219
0.56505
0.16739
0.20076
0.26799
0.17443
0.331
0.388
0.23577
0.48537
0.5618
0.55329
0.36425
0.36767
0.43008
0.22578
0.16542
0.23879
0.15811
0.11942
0.21733
0.03106
0.42253
0.24033
0.40323
0.19547
0.1295
0.50119
0.33027
0.43587
0.52749
0.56551
0.34537
0.55234
0.56496
0.13869
0.064539
0.40251
0.057904
0.51101
0.12058
0.25041
0.56635
0.21139
0.12567
0.56282
0.56635
0.0049108
0.032513
0.044923
0.25204
0.49271
0.5091
0.39176
0.51304
0.55247
0.55269
0.26059
0.0076058
0.39386
0.51161
0.34483
0.35049
0.56633
0.56624
0.27411
0.0028616
0.088669
0.47174
0.36821
0.052497
0.56457
0.53346
0.086936
0.52564
0.39662
0.17047
0.55321
0.47062
0.044745
0.54458
0.13843
0.40483
0.48848
0.21977
0.35555
0.19278
0.46171
0.3093
0.55844
0.051892
0.1841
0.54642
0.25501
0.51971
0.36669
0.21239
0.56625
0.47758
0.44399
0.33157
0.25852
0.41957
0.25353
0.51494
0.54309
0.54817
0.48299
0.52185
0.55394
0.072046
0.13213
0.41734
0.026637
0.44417
0.30293
0.55668
0.54882
0.3101
0.43027
0.56387
0.46462
0.40737
0.54104
0.40817
0.4738
0.56634
0.11906
0.069268
0.0094652
0.45266
0.32613
0.18936
0.53188
0.43852
0.35142
0.090041
0.56507
0.46873
0.082299
0.55247
0.5659
0.26865
0.28575
0.12128
0.37624
0.39812
0.45653
0.54306
0.43359
0.20493
0.38573
0.56547
0.28239
0.54356
0.51736
0.37119
0.47456
0.53945
0.50443
0.14041
0.2137
0.016804
0.56259
0.45359
0.39057
0.55664
0.46426
0.51862
0.3875
0.13902
0.56562
0.15074
0.018429
0.42805
0.12759
0.55641
0.11554
0.56621
0.19934
0.16493
0.50554
0.052322
0.13468
0.1263
0.38887
0.41731
0.083173
0.026654
0.29367
0.027799
0.29953
0.19204
0.43841
0.55401
0.43915
0.13089
0.34644
0.35706
0.1808
0.43751
0.17538
0.15956
0.11353
0.42692
0.10494
0.43267
0.11201
0.49748
0.36706
0.034634
0.46821
0.55942
0.21666
0.56045
0.48571
0.479
0.32182
0.022887
0.29314
0.10125
0.13315
0.25244
0.21014
0.52546
0.075178
0.030528
0.5643
0.55167
0.26827
0.26369
0.2436
0.53025
0.14938
0.059957
0.014114
0.37744
0.21067
0.56633
0.20422
0.2514
0.41911
0.10914
0.5636
0.27987
0.56466
0.4402
0.30212
1.9142e-05
0.55759
0.22211
0.55119
0.46917
0.40115
0.065447
0.1529
0.25675
0.55926
0.54488
0.2449
0.42765
0.52705
0.02739
0.56494
0.37508
0.56259
0.5623
0.24571
0.51043
0.47269
0.56632
0.3816
0.22408
0.011358
0.40955
0.33148
0.26119
0.12191
0.10631
0.51591
0.24334
0.11968
0.38483
0.33382
0.13289
0.5658
0.27994
0.33248
0.066508
0.15683
0.5658
0.41163
0.46786
0.52821
0.33189
0.069552
0.27446
0.51199
0.057459
0.54007
0.56432
0.2518
0.15968
0.51744
0.024349
0.18311
0.094706
0.56488
0.40137
0.47696
0.057057
0.2429
0.53096
0.16842
0.53618
0.078299
0.41967
0.51749
0.27828
0.56145
0.40251
0.56191
0.47188
0.2137
0.060806
0.37845
0.55942
0.20704
0.54231
0.40206
0.11053
0.43778
0.22327
0.45952
0.54646
0.18788
0.096466
0.50337
0.035296
0.39887
0.55916
0.19533
0.019283
0.54434
0.54591
0.068984
0.37107
0.067451
0.24127
0.19358
0.18119
0.45644
