-0.69664
-0.076256
-0.6296
0.30312
-0.89942
-0.28118
-0.9388
-0.89272
1.2903
-0.55779
-0.62844
-0.54836
0.08189
-0.88387
-1.0031
-1.0631
-0.63326
-0.85508
-0.12743
0.8379
-0.049578
0.66358
0.049835
-0.95365
-0.70634
-0.99473
-0.80036
-0.81839
-0.6929
-0.7529
-0.83226
-0.32129
-0.28164
-0.65443
0.0097638
-0.94959
-0.21283
-0.97662
0.58563
-0.61953
-0.24768
-0.71837
-0.34157
-1.0604
-0.71494
-0.26321
-0.59946
-0.46214
-0.97571
0.18508
-1.0478
-0.41149
0.46325
0.72401
-0.90076
-0.46996
-0.82126
-1.1612
0.078408
-0.73597
1.2863
-0.95133
-0.66248
-0.32745
-0.80528
-0.88262
-0.6228
-0.62855
0.072449
-0.31226
-1.0865
-0.64119
-0.46884
-0.81744
-0.46084
-0.96644
-0.20649
-0.35551
-0.81115
-0.93768
-0.081933
-0.85333
0.23314
-1.0965
-0.894
-0.45698
-0.89805
0.82245
-0.77828
-0.85787
-1.4099
-0.053079
-0.45252
-0.35866
0.53293
-0.45845
-0.42133
-0.40639
0.034963
-0.6403
-0.69944
-0.66128
-0.90546
-0.99355
-0.27469
-0.89077
-0.24209
-0.53165
-0.5441
-0.68402
-0.94756
-0.47268
0.54964
-0.20503
-0.87055
-0.88969
-0.42118
-0.84641
0.017523
-0.33698
-0.94668
-0.79513
0.30878
-0.86728
-0.74162
-0.92141
-0.76821
-0.56492
-0.51062
-0.97244
1.161
-0.97145
0.51655
-0.74095
-0.23613
-0.99688
0.26427
0.73218
-1.0099
-1.1683
0.92263
-0.23271
-0.91859
0.25396
-0.68231
-0.5992
-0.80014
-0.80753
-0.1494
0.17315
0.38438
-1.1561
-0.23695
-0.72929
-0.79212
-0.95442
0.71064
0.33893
0.26965
-0.18722
-0.46832
-1.026
-0.40066
-0.46466
1.103
-0.81312
0.27207
-0.74671
-1.0408
-0.63789
-0.78511
-0.89096
-0.8611
-0.3426
-0.46021
-0.93984
-0.89264
-1.0286
-1.0943
-0.95155
0.0024592
0.20762
-0.81599
0.11647
-0.68198
-0.56508
-0.24923
-0.78273
-0.79779
-0.40845
-0.46574
-0.61204
-0.89136
-1.0213
-0.79166
-0.50079
-1.1832
-1.0167
-0.67259
-0.29608
-0.5494
0.61426
-0.080993
-0.39179
-0.75755
-0.58758
-0.78379
-0.27602
-0.29511
-0.12797
-0.69812
-1.0013
-0.72146
0.95095
0.0075053
-0.629
-1.0149
-0.5866
1.1628
-0.62377
-0.25224
-0.58688
-0.21396
-0.50855
-0.7014
-1.5367
-0.80765
-0.75735
-0.56555
-1.0338
-1.2061
-1.5536
-0.53118
-1.0197
-0.8151
0.71842
-0.72624
0.15227
-0.12543
-0.75673
-0.63747
-0.96289
0.36661
-0.78008
-1.0163
-1.1876
0.057267
-0.5931
0.22698
-1.1048
-0.86175
-0.48222
-0.682
-0.3794
-0.22623
-1.0001
-0.72028
1.0333
-1.0146
0.19354
-0.82761
-0.87615
-0.95138
-0.81952
-0.53928
-0.26583
-0.95002
-0.69324
0.11193
-0.63635
-0.78876
-0.72252
-0.39857
-0.78876
-0.10914
-0.1282
-0.71207
-0.69393
-0.89051
0.22983
-1.0705
0.076374
-1.3307
-0.76032
-0.41238
-0.83056
-0.38883
0.33904
0.35594
-0.060149
-1.0499
1.5036
-0.89504
-0.5866
-0.69723
-1.283
-1.0441
-0.89994
-0.96936
-0.17733
-0.22085
0.34849
-0.8471
-0.74766
-0.073456
-0.22534
-1.24
-0.61677
-0.90001
-1.2135
-0.97894
-0.034603
0.18147
-0.55592
-0.31916
-0.66175
-0.98598
-0.86285
-1.3016
-0.13191
0.584
-0.91486
0.59265
-0.80485
-0.38475
-0.65861
-0.35359
-0.70893
-1.4202
-0.9831
-0.10833
-0.68481
-0.3069
-0.3301
1.0153
0.71583
-0.78115
-0.16825
0.25968
-0.92271
-0.30701
-0.30386
-0.57459
-0.71802
-1.0256
-0.36781
-0.65011
-1.0107
-0.94652
-0.22656
-0.44787
0.13295
-0.4888
-1.0292
0.25109
0.46191
-0.13285
-0.28084
-0.93103
-1.1076
0.7107
-0.6734
0.37914
-0.90672
0.27032
-1.074
-0.12853
-0.75711
-0.81267
-0.49264
-1.1565
-0.54815
-0.13169
-0.37482
-0.93897
1.0831
-0.85822
0.51503
-0.54695
-0.48531
-0.753
-0.29976
-0.7093
-0.50008
-0.90474
-0.79538
-1.1438
-0.032389
-0.66461
-0.81791
-0.88431
-0.5699
-0.89383
-0.74286
-0.44975
-0.27162
-0.85856
-0.95986
-0.64466
0.21039
-0.74078
-1.4239
-0.70931
-0.99459
-0.7496
-0.44629
0.53106
-0.33335
-1.2103
0.82796
-0.26977
-0.072529
-0.12918
-0.77973
-0.74833
-0.62209
-0.55608
-0.90022
-0.46852
-1.1567
-0.66678
-0.83331
0.13583
-0.67574
-1.1998
-0.063799
-0.063162
-1.2421
0.0029802
-0.67665
0.21438
-0.58259
1.0014
-0.65617
-1.0016
-0.8415
-0.47875
-0.7249
-0.66188
0.5267
-0.68029
-0.16959
-0.78117
-1.2417
-0.59198
0.32238
-0.32162
-0.43209
-0.71102
-0.43058
-1.013
-0.33548
-0.67907
-0.81184
-1.0691
0.79906
-0.87904
-0.98922
-0.13043
-0.047828
-0.9915
-0.20669
-0.88752
-0.97209
-1.0296
-0.81718
-0.42766
-1.1124
-0.9641
0.42582
-0.81967
-0.69813
-0.70177
-0.62428
0.22154
0.023412
-0.55366
-0.8859
1.2164
-0.68034
-0.71026
-0.12314
0.019649
-0.83907
-0.81827
-0.29691
-1.0142
-0.3882
-1.038
-1.002
-0.18265
-0.66897
0.33478
-0.81541
-0.16174
1.4494
-0.89887
-1.5557
0.22586
-0.71296
-0.84569
-1.0907
0.10847
-0.067529
-0.59507
-0.58069
-0.80038
-0.67387
-0.92175
0.036048
-0.99962
0.43064
-0.54758
-1.0774
-1.0107
-0.77687
-0.96896
-0.76203
-0.62507
-0.85455
-0.3459
0.23475
-0.81313
-0.3896
-0.65488
-0.03855
-0.50194
-0.67693
-0.024775
-0.92971
-0.99155
-0.36905
-0.70999
-1.0472
-0.72417
-0.86784
0.30725
0.39377
-0.24637
-0.69269
-0.7201
0.98405
-0.81158
-0.96731
-1.1035
-0.82236
-0.33208
-0.89712
-0.82855
0.28718
-0.6455
-1.0791
-0.62507
-0.9216
-0.57254
-1.0619
0.6631
-0.53496
-0.68281
-0.97198
-0.44867
-0.2711
-0.68604
-0.074985
-1.0113
-0.40884
0.85393
-0.70665
-0.80688
-0.60771
-0.31806
-0.86439
-0.60212
-0.93613
-1.2078
-0.57022
-0.87987
-0.7794
-1.6349
-0.75528
-0.84252
-0.96166
-0.46413
-0.89544
-0.85049
-0.62373
0.28294
-0.98093
-0.66366
0.53425
0.32166
-0.81037
-0.21289
0.6971
-0.68024
-0.49647
-0.91405
-0.66883
0.36751
-1.0725
-0.75147
0.25623
-0.96848
0.26922
0.32687
-0.75654
-0.77159
-0.93461
-0.5832
-0.57161
-0.38832
-0.03818
-0.79124
-0.074936
-0.92164
-0.64171
-1.1429
-0.82965
-0.98818
-0.52721
-0.40403
-1.0667
-0.73357
-0.71426
-1.2825
-0.80757
-0.25477
-0.86946
-0.8622
-0.595
-0.80788
-0.2252
-0.86745
-0.71144
-0.77084
-1.0561
-0.88129
-0.59412
-1.0718
-0.38254
-0.93711
-0.34914
-0.81964
-0.39061
-0.91192
0.8471
-1.014
-1.0838
-1.046
-0.90582
0.39037
-0.52059
-0.84297
0.54985
0.010337
-0.97653
-0.21437
-0.56298
-0.42587
-0.77775
-0.4083
-0.89581
-0.79706
-0.81909
-0.45095
-0.74058
-0.18899
-0.59527
-0.97525
-0.59122
-0.67708
-0.30911
-0.35498
-1.0685
-1.0058
-0.66206
-0.53123
-0.32189
-0.77139
-1.0356
-0.79701
-0.89054
0.28869
-0.93145
-0.59344
-0.77562
-0.70008
-0.43754
-0.34435
0.71138
0.2831
-0.11052
-1.033
-0.4464
-0.42448
-0.15883
-0.44737
-0.82475
0.89964
-0.29262
-0.40618
-0.48472
-1.2354
-0.89178
-0.91948
-0.46155
-1.0256
-0.57724
-0.23307
-0.35481
-0.92261
-0.043759
-0.53218
-0.78189
-0.69675
-0.64066
-0.91047
-0.62549
0.91737
-0.49391
-0.7518
-0.36296
-1.0326
-0.030172
-0.4941
-0.63077
-0.81326
-0.438
0.036973
-1.1082
0.4087
-0.81851
0.69302
-0.68564
0.31445
-0.75784
-0.95979
-0.58781
0.21607
-0.86979
-1.0278
-1.1186
-0.12751
-0.77038
-0.56543
0.397
-1.0631
-0.81192
-0.82712
0.2943
-0.34582
0.021335
-0.31135
-0.28414
-0.86123
-0.98692
-0.19253
0.011078
0.4068
-0.50863
-0.2875
-0.83993
-0.49114
-0.40005
-1.0354
-0.62235
-1.0762
0.53547
-1.1147
-0.60066
-0.43279
0.27509
0.11313
1.0752
-0.66609
-1.1766
-0.41678
-0.38296
-0.84235
-0.33206
0.14993
-0.31768
1.1708
-1.1726
1.0166
-1.0285
-1.1873
-1.0122
0.10826
-0.79119
-0.92158
-0.76374
-0.41165
-0.97036
-0.85132
-0.21572
-0.16039
-1.0038
-0.545
0.15122
-0.75412
-0.66026
-0.59398
0.82884
-0.59166
-0.89235
-0.72053
-0.33987
0.61917
1.1685
-0.54468
-0.39087
-0.74135
-0.6181
-1.0567
-0.65614
-0.71055
-0.45113
-0.69215
-0.81564
-0.91678
-1.0926
0.22555
0.79823
-1.0122
-0.77549
0.31417
-0.92163
-0.69673
-0.30417
-1.1556
-1.2302
-0.96995
-0.64618
-0.62922
-0.3232
1.0531
-0.94769
-0.82494
-1.0061
-0.92273
-1.0526
-1.0293
-0.25125
-0.56129
-1.0366
0.44405
-0.85891
-0.74277
-0.732
-0.6779
0.1442
-0.90105
-0.93932
-0.93639
-0.27827
-0.85438
-0.57785
-0.16275
-0.61637
-0.79363
-0.67445
-1.2856
-0.51632
0.1463
-0.99643
-0.80522
-0.41774
0.29008
0.41804
-0.8016
-0.86415
-0.81809
-0.63038
-1.125
-0.85288
-0.41864
-0.88335
-0.25283
-1.028
-0.26374
-0.95155
-0.87891
0.15983
-0.82073
0.21951
0.31331
-0.97172
-0.96566
-0.1939
-1.0003
-0.63668
-0.51827
0.41674
-0.81478
-1.2017
0.056737
0.38368
-0.63738
-0.515
-0.93876
0.24416
-0.667
-0.25002
0.38167
-1.1255
-0.93784
-0.19439
-0.62426
-0.40895
1.6173
0.62841
0.10791
-0.51358
-0.84436
-0.57751
-0.14987
-0.6122
-0.89332
-0.59672
0.24029
-1.2571
-0.087948
0.53411
-0.78974
0.40573
0.59787
-0.91812
-0.96078
-1.2203
-1.3698
-0.49617
-0.97916
-0.9472
-0.76516
-0.68561
-0.71613
-0.11857
-0.87398
0.10536
-1.3501
-0.86717
-0.3817
0.93604
-0.91767
-0.98286
-0.86993
-1.0964
-0.57283
-1.0657
-0.20851
1.0139
-0.61723
-0.94341
-0.88554
-0.067744
-0.5984
0.25866
-0.8635
-0.63181
-0.11576
-0.58063
-0.76663
-0.65734
-0.90566
0.15444
-0.85648
-0.11375
-1.0789
0.37717
-1.1476
0.42097
-0.53041
-0.58943
-0.93231
-1.1092
-1.3862
-0.73086
-0.10037
-0.74497
-0.80648
0.31508
0.67732
0.53834
0.19845
-0.43284
-0.62598
-0.56875
-0.69905
-1.2456
-0.83921
-0.92348
-0.93787
-0.75472
-0.75289
0.21693
-0.16887
-0.013395
-0.25542
0.028742
0.16631
-0.57498
-0.98855
-1.0195
-0.81719
-1.0704
-0.81336
-0.8663
-0.94527
0.11994
-0.23066
-1.0095
-0.45913
-0.79329
-0.4894
-0.35614
-0.82689
-0.024257
0.21559
-0.68516
-0.8582
-0.48471
-1.104
-0.22677
0.97524
-0.44167
-0.65477
-0.10829
-0.94766
-1.1491
0.79055
-1.3681
0.93021
-0.84035
-0.14103
-0.4971
-1.0716
-0.87333
-0.64211
-0.8515
0.058796
-0.48416
-0.25529
-0.76938
-0.25933
-1.0591
0.096673
-1.0153
-0.56646
-0.92136
-0.79006
-0.67798
0.55284
-0.090532
-0.74818
-0.59992
-0.87741
-0.79619
-0.89702
-0.74247
-1.0222
-0.78342
-0.97069
-1.0073
1.8096
-0.95032
-0.74088
-0.61524
-1.1804
0.094557
-0.71941
-1.023
-0.079605
0.078072
-0.99862
-0.14367
-0.90332
-0.17324
1.0686
-0.13845
-0.81938
-0.86155
-1.0536
-0.73478
0.021486
-1.2986
-1.3102
-0.19182
-0.51033
-0.93756
-1.0325
-0.29906
-0.62188
-0.92453
-1.1344
0.084208
-0.51579
-1.2126
-1.1592
-0.85903
-0.79501
-0.64234
-0.67906
-0.2029
-0.38447
0.0058965
0.63307
-0.40028
-0.89374
-0.0043284
0.38795
-0.58061
0.27599
0.11933
-1.1396
0.037147
-0.017156
-1.215
0.37301
-0.60514
0.60186
-1.1945
-1.1463
-0.82345
-0.5982
-0.66482
-0.6984
-0.51328
-0.83383
-1.1903
-0.94914
-0.52979
-0.69067
-1.0597
-0.7034
-0.15063
-0.35815
-0.40927
-0.64143
-0.057968
-0.89041
-1.1858
-0.66489
-0.75719
-0.90206
-0.58981
-0.8112
-0.67513
-0.58956
0.22022
-1.1231
-0.77271
0.30556
-0.8198
0.15877
-0.28472
0.20048
-0.033069
-0.77259
-1.0272
0.52692
-0.75532
-0.4779
-0.62997
-0.83626
-1.3723
-0.63331
-0.64725
-1.1862
-0.59332
-0.39997
-0.088915
-0.30948
-1.0234
0.57949
-0.52098
-1.0082
-0.73698
-0.10604
-0.3023
-0.020617
-0.87671
0.93041
-0.85756
-0.95728
-0.38986
-0.61833
-0.12821
-1.3635
-1.1609
-0.87368
-0.075535
-0.38438
1.1476
-0.65123
0.64487
-0.10726
-1.0175
-0.28477
-0.73352
-1.0926
-0.38233
-0.70119
-0.99787
-0.7798
-0.31606
-0.83329
-0.95704
-0.73187
-0.93904
-0.88123
-1.1985
-1.2096
-0.87234
-0.734
-0.49737
0.085584
-0.85158
-0.79702
-0.98257
1.4552
-0.88431
-0.68016
-0.90153
-0.73781
-0.56389
-0.91427
-0.49974
0.039739
-0.54013
-1.2144
0.63441
-0.56831
0.63085
-0.81057
-0.83413
-0.47667
-0.99341
-0.90433
-0.36342
-0.19584
-1.2054
-1.0898
-0.42874
-1.0532
-0.60047
0.48817
-0.46998
-0.34265
-0.57873
-1.0123
-0.65269
-0.0040552
-0.77455
-1.0551
-0.93733
-0.98601
-1.0473
-1.2331
-0.40935
-0.4005
-0.73006
-0.90161
-0.88879
-1.0774
-0.6793
0.14932
-0.48894
0.22061
-1.1485
0.23247
-0.53045
-1.108
-0.32165
-0.94543
-0.6073
-0.28851
-0.29328
0.75484
-0.71947
-0.38022
1.428
-1.0315
-0.96981
-0.73577
-0.86101
-0.86804
0.93518
-0.67886
-1.3474
-0.59982
-0.63568
0.1618
-0.52156
-0.1506
-0.46368
0.41079
0.18935
-0.65673
-0.86147
-0.66994
-0.069444
0.094881
-0.94568
-1.4254
-0.83909
-0.83821
-0.40621
-0.88222
-0.79351
-0.80259
-0.45287
0.44008
-1.1145
0.69047
-0.97344
-0.86032
-0.25084
-0.36625
-0.87968
-0.95635
0.6747
-0.53111
-0.31425
-0.81733
-1.315
-0.96159
-0.56511
-0.45356
0.33058
0.32715
-0.79402
0.48969
-0.50448
0.98331
-1.3245
-0.53998
-0.87963
-1.0276
-1.2976
-0.80566
-0.8817
0.80431
-0.67365
-0.8481
-0.77044
-0.90585
-0.18762
-0.36792
-0.2472
-0.46169
-0.42746
-0.096682
-1.044
0.046104
-0.60487
-0.86021
-0.9527
-0.3052
0.22161
-0.97046
-0.76594
-0.082284
-0.47562
-0.81732
-0.42734
-0.050399
-0.705
-0.9372
-1.1344
-0.85915
-0.5833
0.091479
-1.0675
-0.45131
0.094247
-0.64056
-0.18974
-1.0256
-0.55053
-1.3448
-0.71934
-0.0070426
-0.027131
-1.149
-1.1656
-0.69774
0.22961
-0.77746
-0.77975
-0.31854
-1.0174
0.40181
-1.1254
0.3396
-0.69158
1.082
0.36968
-0.39678
-0.70988
0.014485
-0.48311
-0.45309
-0.70596
-0.50189
-0.85395
-0.59859
-1.2614
-1.2287
0.3083
-0.82999
-0.098867
-0.55473
-0.96393
0.21124
-0.76144
-0.9605
-0.38895
-0.99089
0.028022
1.0279
-0.84678
0.73893
-0.090854
-0.097583
-0.63689
0.12209
-0.9942
-0.20571
-1.147
-1.2228
-0.27994
-0.38537
-0.98074
-0.47186
-1.0976
-0.50141
-0.97719
-1.1013
0.84929
0.11958
0.0058996
-0.70598
-1.0809
-0.73979
-0.018205
-0.91133
-1.1596
-0.81091
-0.77777
-1.0412
-0.56744
-0.84034
0.017106
-0.46105
-1.0997
-1.0297
-0.78323
-0.76193
-0.57639
-0.35207
-0.86378
-0.98226
-0.72242
-0.20158
-0.92047
0.44702
-0.78595
-0.043941
-0.1112
-0.26732
0.80383
1.0753
0.33243
0.52912
0.048275
-0.9114
-0.73442
-0.70281
0.32381
-0.67424
-0.70768
-1.0695
-0.85421
-0.63792
0.10592
0.079838
-0.73809
0.40464
-0.87943
-0.6908
-0.77756
-0.35844
-0.91248
-0.364
-0.56894
0.096755
-0.49806
-0.94449
-0.93732
-0.68503
1.0312
0.59549
0.37422
-0.96533
-0.93272
-1.078
-0.71424
0.88375
-0.73116
0.35784
-0.83738
-0.63593
-1.0095
-0.5636
-0.43659
-0.24771
-0.93385
0.5248
0.55706
-0.93714
-0.62536
-1.0687
-0.72056
-0.29868
0.49144
-0.60119
0.66734
0.88438
-0.94529
-0.18937
-0.44865
0.033857
-0.42858
-0.42139
-0.68655
-0.26172
-0.76453
-0.92107
-0.96539
-0.68413
-0.19221
0.83342
-0.05198
-0.95515
-0.64387
-0.94977
-0.79417
-0.97891
-0.54479
-0.59926
0.10403
-1.1567
1.009
0.33143
-0.71357
-0.93585
-0.56498
-1.0603
0.35567
0.24123
-0.54511
-0.76627
1.0012
0.53713
-0.073785
-0.74114
-0.97706
-0.71774
-0.29864
1.199
-0.6598
0.13287
-1.0602
0.18173
-0.47938
0.23263
-0.68541
0.18676
-0.77989
-0.2625
-0.30719
-0.78887
-0.083834
-0.93263
-1.1211
-0.85622
0.3065
-0.82675
0.093591
-0.79516
0.34384
0.71218
-0.24926
-0.77704
-0.55623
-0.55535
-0.7133
-0.76835
0.59819
-0.63574
-0.62753
-0.93409
0.96957
0.030309
-0.63177
-0.94822
-0.78659
-0.11507
-0.71996
-0.5854
-0.19141
-0.7049
-0.516
0.56688
0.6447
-0.60082
-0.60075
0.73344
-0.85717
-0.86331
-1.0145
-0.68378
-0.81766
-0.55601
-0.91775
-0.58342
-0.062627
-0.88617
-0.49861
-0.31192
-1.2639
-0.91445
-1.2193
-0.48815
-1.0199
-0.85756
-0.45834
-0.93221
-1.2789
-0.031053
-0.72168
-0.56398
-0.30792
-1.0702
0.42805
-0.81414
-1.052
-0.58089
-0.95541
-0.7389
-0.60471
-0.74199
-0.57665
-0.71917
-0.50375
-1.2105
-0.32598
-0.12124
-1.0313
-0.46582
-0.72333
-0.63634
0.61424
-1.5512
-0.6131
-0.66928
-0.77552
-0.3989
-1.0914
-0.41297
-0.68568
-0.59614
-0.99728
-1.2226
-0.35614
-1.7199
-0.88264
-0.34797
-0.76638
0.32644
-0.73499
-0.90921
0.58798
-0.25578
-0.22901
-1.115
-0.16328
-0.84762
-0.78599
-0.85051
0.11102
-0.97971
-1.211
-1.037
-1.0622
0.32455
-0.37528
1.7487
-0.32657
0.33154
-0.76405
-0.95509
-0.98438
-0.79459
-0.72688
-0.99518
0.09175
-1.0537
-0.78999
-0.98666
-0.83974
-0.51813
-0.57319
0.14488
-0.7299
0.038305
0.84768
-0.40622
-0.84052
-0.85248
-0.23675
-0.86488
-0.71277
-0.73167
-0.81953
-0.82095
-0.66436
-0.09757
-1.0347
-0.73398
0.13762
-0.82431
-0.45999
-1.107
-0.39354
-1.01
-0.070696
-0.84939
0.31692
-0.2203
-0.20503
-1.4356
-0.01614
-0.71763
-0.84402
-1.214
0.0062502
-1.0219
-0.81912
-0.49039
-1.0764
-0.3588
0.60458
-0.99509
0.66528
-0.9402
0.23649
-1.0307
-0.38619
-0.6962
0.026748
0.74597
-1.0392
0.43286
-0.55629
-0.7789
-0.82474
0.28586
0.22448
-0.73157
-1.1798
-0.39023
-0.78855
0.18678
-0.76677
-0.41133
0.42784
-0.29649
-0.61695
-0.43832
-0.21602
0.16185
-0.70674
-1.0763
-0.19697
-0.73331
-0.73655
-0.65581
-0.85164
-0.53782
-0.39756
-0.71936
-0.030944
0.71467
-0.30903
-0.92223
-0.63172
-0.29119
-0.63214
-0.5486
-0.50192
-0.43862
-0.75964
0.2175
0.72373
-0.82853
-1.1077
-1.0129
-0.87787
-0.98299
-0.6247
-0.41784
-0.65532
-0.99611
-0.13292
-0.97684
-1.0728
-0.74064
-0.9809
-0.56038
0.14892
0.14127
0.31149
-0.72394
-1.0781
0.37218
-0.089309
-0.33791
-0.84624
-0.32269
-0.99702
-0.50407
-0.51075
-0.89679
-0.3188
-1.0714
0.50754
-0.1738
-0.87286
-0.68466
-0.73613
-0.29052
-1.104
-0.51764
-1.0672
-1.0922
-0.86402
-0.021473
-0.43742
-0.63326
-0.99949
-0.8538
-0.84926
-1.0701
-0.77504
-0.96441
-0.96518
-0.73311
-0.74768
-0.13753
-0.46053
0.26074
-0.81991
-0.40369
-0.80101
-1.2046
-1.0464
-0.2932
-1.0349
-0.98951
-0.91357
-1.059
-0.99471
-0.91802
-0.29286
-0.71226
-0.23339
0.11807
-0.81787
0.27837
-0.79703
-0.89676
-0.14017
-0.84135
-0.31046
-1.2514
-0.96253
0.13627
-0.9602
-0.51372
-0.16593
-0.75976
-0.49882
0.93475
0.31055
-0.84932
-0.75088
-1.0266
-1.008
-0.94817
-0.9159
0.53421
0.78419
-0.83902
-1.0386
-0.69007
-0.99398
-0.92769
-1.0229
-1.2765
-0.77365
-0.082784
-0.31427
-0.98579
-0.52345
0.21521
-0.4977
-0.72002
-0.048137
-0.89623
-0.56249
-0.87727
-1.3581
-0.67953
-0.27206
-0.31908
-0.71533
-0.5845
0.10896
-0.70511
-0.16801
1.5666
0.4891
-0.90248
0.81449
-0.74632
-0.56344
0.0054296
-0.76781
-0.41388
-0.32961
-0.61976
-0.60465
-0.83681
-0.84696
-0.84313
-0.65378
0.57499
-0.78268
-0.17361
-0.9735
0.10302
-0.76963
-1.0313
-0.97458
-0.92906
-0.099286
-0.79831
1.2773
-0.66595
0.10044
0.097635
-0.45384
-1.3517
-0.62347
-1.0225
-1.0734
-0.74348
-0.16427
-0.033237
-0.38691
-0.17689
-0.77716
-0.51656
-0.11259
-0.97672
-0.079242
-0.73474
-0.2681
0.50863
-0.43762
-0.68978
-0.71383
-0.44807
-0.70753
-0.61498
-0.84778
-0.080849
0.36777
-0.9907
0.50338
-0.91702
-0.84219
-0.13744
-0.94406
-1.2787
-0.82862
-0.37537
-0.93048
0.082837
0.15154
-1.6388
-0.58089
-0.40529
-0.45222
-0.92475
-1.0643
-0.7519
-0.90706
-1.2431
-0.64215
-0.43839
-0.80128
-0.88984
-0.79747
-0.72335
0.33825
-0.99583
-0.10364
0.53624
-0.4464
-0.86267
-0.008377
-0.48956
0.17045
0.25673
-1.1044
-0.74368
-0.77556
-0.67094
0.36842
-0.80088
-0.77774
-0.67768
-1.3797
-0.27965
-0.63935
0.3762
-0.78316
-0.29458
-1.0428
-0.97127
0.3633
-0.47399
-0.39264
0.017677
-0.45849
-0.17062
0.020145
-0.19031
-0.49213
-0.6524
-0.77819
-0.73776
-0.17308
-0.28963
0.3573
-0.59255
-0.92588
-1.0953
0.055855
0.14392
-1.0756
-0.68557
-0.58317
-0.52385
0.4131
-0.54916
-0.23156
0.23291
0.068892
-0.60945
-0.25461
-0.39683
-0.36867
-0.99166
-0.1424
-1.4055
-0.65966
-0.95669
0.054997
-0.016332
0.56048
-0.94307
-0.91192
-0.51837
-0.85752
-0.56603
-0.36724
-0.91466
-0.71886
-0.53345
-1.0898
-0.33267
-0.69689
-0.56951
0.081573
-0.91128
-0.68536
-1.1315
-1.1106
-0.89976
-0.5198
-0.25238
0.65871
-1.2499
-0.99785
-0.73707
-0.084829
-0.97998
0.16312
1.1173
-0.3569
-0.85361
-0.079048
0.6982
-0.89903
-1.0317
-0.61112
-0.54142
0.5661
-0.92446
0.45452
-1.0439
-0.51121
0.79137
-0.51469
-0.93402
0.33849
0.12826
0.38064
-0.70843
-0.74068
-0.91822
0.4577
-0.54108
-0.69005
-0.94775
-0.70975
-0.77222
-0.81809
-0.44624
-0.53092
-0.78632
-1.0507
-0.61087
-1.1301
-0.65941
-0.50858
-0.92739
0.60023
-1.0192
-1.0788
-0.97035
0.028365
-1.0161
-0.7792
-0.95286
0.59722
-0.86528
-0.093122
-1.2896
-0.054738
-0.029294
-0.68779
-0.5276
-1.1179
-0.86518
-0.5383
-0.4004
-0.52538
-0.64318
1.1198
-0.60092
0.69306
-0.9904
-1.1513
-1.0345
0.00046503
-0.33909
-0.66378
-0.45255
-0.5379
-0.74329
-0.82954
-0.66782
-1.1997
-0.025305
-0.71427
-0.98172
-1.1028
-0.83422
-0.65212
-0.74166
0.58181
-0.41533
-1.0161
-0.74981
0.48969
-0.26601
-0.73453
0.29587
0.59727
-0.85546
-0.68504
0.10846
-0.92889
-1.0804
-0.54171
-1.2256
-0.81646
-0.74386
0.85941
-0.60275
-0.68208
0.64891
-0.7569
0.068229
0.1635
0.40804
-0.37361
-1.1218
-1.5523
-1.0944
-0.92613
-1.0291
-0.88121
-0.61561
-0.95079
0.3851
-0.34121
-0.82243
-0.30515
-0.50111
-0.066147
-0.38718
-0.66282
-0.89501
-0.92903
-1.7462
0.61976
-0.72929
0.13575
-0.55827
-0.86538
0.82941
0.15827
0.25577
0.52204
-0.80496
-1.0169
-0.86501
-0.88974
-0.37473
-0.65819
-0.66636
-0.69725
-0.96806
-0.6726
-0.72031
-0.39932
-0.86034
-0.90609
-0.38932
-0.053603
-0.57264
-1.0319
-1.1706
0.20514
-1.1595
1.9996
-0.31247
-0.52091
-0.96458
-0.82
0.50717
-1.049
-0.30769
-0.64193
-0.80841
0.14332
-1.021
-1.3442
-0.61507
-0.51456
0.61617
-0.97749
-0.086984
0.091631
-0.09882
-0.63035
-0.66193
0.31701
-0.97781
0.4498
-0.62708
0.052027
-0.019546
0.09497
-0.9196
-0.78116
-0.37218
-0.98939
-0.18892
-0.90572
-0.31772
-0.40105
-0.76648
-0.78546
-1.409
-0.17881
-1.0762
-1.4533
-0.27237
-1.0429
-1.3978
-0.97451
-0.98301
-0.99752
-0.59289
-0.72847
-0.52774
-0.94107
-0.99291
0.063374
-0.99441
-0.70016
-0.11506
-0.91006
0.29214
-0.70163
-1.0207
-0.79778
-0.68121
-0.92068
-0.036188
-0.99366
-1.1295
-0.39723
0.35794
-1.2313
0.56463
-1.003
-0.80797
-0.81466
-1.0916
0.58453
-0.88784
-1.0057
0.91169
-0.59152
-0.63837
-0.46002
-0.44064
-0.96535
-0.031988
-0.82729
-0.6938
-0.38785
0.15026
-0.029759
-1.0269
-0.7759
-1.0355
-0.84909
-0.17013
-0.88104
-0.00069248
-0.74074
-0.41773
0.37333
-0.7777
-0.74137
-1.044
-0.029565
-0.59625
-0.82387
-0.52046
-0.72744
-1.1761
-0.73463
-0.79023
-0.33769
-0.31882
-0.45515
-0.53582
-0.030537
1.5019
-1.0779
-0.13081
-0.99088
-0.95567
-0.23703
-0.79416
-0.763
-0.39548
-0.81569
-0.96738
-0.12372
-0.42976
-0.36718
1.4474
0.71914
0.21057
-0.50254
-1.163
0.046638
-0.819
-0.30628
-0.8528
-0.30751
-0.79179
-1.1947
-0.74678
-0.34939
-0.82123
0.21027
0.84336
-1.4189
-1.123
-0.34338
-0.063963
0.13672
-1.2838
-1.3068
-0.88981
-0.70854
0.77173
-0.63
-0.90284
0.038221
-0.85265
0.42057
-0.96324
-0.321
-0.67385
-0.97939
-1.1158
-0.38497
0.2182
0.26194
-1.1786
-0.20574
-0.11861
0.59785
-0.49097
-0.77885
-1.0321
-0.75129
-0.38398
-0.036592
0.23225
-0.3226
-0.42833
-0.93689
0.62312
-0.79027
-0.51965
-0.29999
-0.95088
-0.63402
-0.81235
-0.88738
-0.61542
-1.0408
-0.78289
-1.3298
-0.29762
-0.8798
-0.068167
-0.72561
-0.49283
-1.1696
-0.74914
-0.98831
-0.28963
-0.58557
-0.74742
0.71094
1.4193
-0.57254
-0.19078
-0.5902
-0.12635
-0.66098
-0.77253
-0.16281
0.77387
-0.95207
0.49158
-0.28101
-0.589
0.88278
-0.17623
-1.0222
-0.80169
0.052277
-0.63938
-0.96804
-0.37356
-0.81225
-0.396
-0.62491
0.093296
-1.3203
0.42964
-0.9494
-0.69078
-1.3142
-0.79204
-0.67441
-0.88566
0.10565
-1.0602
-0.96823
-1.1851
-1.029
-0.49977
-0.53768
-0.28095
-0.27686
-0.56444
-0.97683
-1.4995
-0.53398
-0.97883
-0.48794
-0.66036
-0.93097
-0.90552
-0.88306
-0.84696
-0.10444
-0.74368
-0.59908
-0.032862
-0.88771
-0.97605
-1.0547
-0.61933
-0.61074
-0.29968
-0.19259
-1.2116
-0.77772
-0.63883
-0.67466
-0.93595
-0.86495
-0.93196
0.054283
-0.85601
-0.51761
-0.45894
-0.16652
-0.34971
0.39219
-0.84211
-0.95257
-0.65362
-0.33815
-0.58201
-1.1722
-0.74565
-0.92947
-0.58055
-0.48838
-0.55787
-0.39207
-0.79552
-1.376
-1.028
-1.0989
-0.95082
1.1475
-0.73301
-0.57707
-0.95934
-0.17383
-0.60769
-0.32965
-0.90459
-1.1738
-0.64378
0.32629
-1.2675
-0.68713
-0.66213
-1.1901
-1.1037
-0.92637
-1.1547
0.82365
-1.1273
-0.47903
0.70942
0.39787
-0.93159
-1.3718
-0.80425
-0.37221
-0.52892
-0.68731
-0.82044
-1.1426
-0.27998
-0.60657
-0.29118
-0.018178
-0.54291
-1.1631
-0.59793
-0.62341
0.75569
-0.97141
-0.71618
-1.0811
-0.56576
-0.64966
-0.8965
-0.60621
0.32733
-0.93466
-0.42988
-0.61587
-0.97047
0.26321
0.037875
-1.179
-0.2886
-0.45003
0.2391
-0.31529
0.064285
-0.48453
-0.62488
-0.40414
0.16688
-0.65703
0.092535
1.0314
0.74692
-0.9471
0.16362
0.47172
-0.7159
0.67565
0.92554
-0.56097
-0.60478
-0.89424
-0.80033
-0.45499
-0.87451
-0.70893
-0.6401
-0.68763
-1.3336
-0.1164
-0.97269
0.3572
0.069548
-1.28
-0.54538
-1.1499
-0.85436
-0.11464
-0.96041
-0.4193
-1.0301
-0.94548
-0.6218
-1.1204
-0.96127
-0.84024
-1.086
-0.94084
-0.35651
-0.88433
0.2376
-0.27086
0.18632
-0.86108
0.16879
-0.27669
-1.1557
-0.68242
-0.93048
-1.5454
-0.025054
-0.76136
-0.96618
-0.73049
-0.64316
0.031624
-0.37768
-0.62688
-0.25664
0.45874
-0.88169
-0.68484
-1.0146
0.11307
-0.95413
-1.2733
0.14791
-0.28689
-0.80229
0.52998
-1.0989
-0.93038
1.2129
-0.78824
0.34379
-1.168
-0.64251
0.25605
-0.14398
0.061605
-1.0908
-0.14019
-0.080169
0.51194
-0.9655
-0.65191
-0.98961
0.0067314
-0.95819
-0.90729
-1.0568
0.059732
-1.1589
-0.59545
-0.57858
-0.57474
-0.73042
-0.99584
-0.23324
-0.080682
0.38095
-0.77222
-0.85995
-0.75912
-0.64947
-0.98255
0.76157
-0.399
0.10343
-0.83171
-0.523
-0.7834
-0.73131
-0.69772
-0.55106
-0.78013
-1.0011
-0.62916
-0.42874
-0.61308
0.020094
-0.68051
0.5486
-0.64095
-0.6556
-0.95478
-1.0724
-0.44703
0.29727
0.14808
-0.97911
-1.1849
-0.70493
-0.62446
-0.15968
-1.0216
-0.96006
-0.64605
-0.78752
-0.59407
-0.3367
-0.83687
0.29722
-0.44199
0.21493
-1.1709
-1.4033
-0.81279
-0.55008
-1.2251
-1.1935
-0.67357
-0.24135
-0.44438
-0.90615
-0.42652
-0.74697
-0.59565
-0.85606
-0.2984
-0.90678
-0.94589
-0.94266
-0.1424
-1.1281
-0.55551
-1.0525
-0.41169
-0.39296
-0.11133
-0.62997
-0.84328
-0.58317
-1.2243
-0.7371
0.080712
-0.7483
-0.91798
-0.79113
-0.64819
-0.85301
-0.64853
-1.0127
-0.6329
0.44526
0.26959
-0.76129
-0.82201
-0.43902
-1.7614
-0.10439
-0.94904
-0.82591
-0.87568
0.92851
-0.96048
-0.58993
-0.69253
-0.70641
-0.80334
-0.998
-0.48907
-0.51869
-1.1655
1.0051
-0.99516
0.17459
-0.66569
1.2321
-0.6816
0.74687
-0.19942
-0.049164
-0.97476
0.059151
-0.88617
-0.70658
-0.17847
-0.75716
-0.60225
-0.6391
-0.95445
-1.3033
-1.2603
-0.31987
-1.2813
-0.58651
0.38555
-0.97475
-0.45012
-0.62544
0.38078
0.15055
-0.10809
0.6225
-0.99926
-1.2823
-0.73609
1.1624
-0.91786
0.053742
-0.4799
-0.79789
0.17139
-0.92666
0.1368
-0.95412
-0.17169
0.37687
-0.75622
-0.27079
-1.0337
-0.26677
-0.9818
-0.43923
-0.70084
0.8653
-0.9147
-0.37441
0.081427
-0.50017
-0.53439
-0.93742
-0.0057478
-0.51448
-0.64932
0.12054
0.076975
-0.9185
0.68746
-0.98934
-1.0805
-0.51491
-0.38792
-1.0316
0.41134
-0.64937
-0.98746
-0.23839
-0.19937
1.4507
0.79414
0.56839
-1.0354
-1.1906
-1.1068
-1.0431
-0.98271
-0.79681
-0.29022
-0.71529
-1.097
-1.3335
0.88332
-1.1056
-0.98385
0.15276
-0.25664
-0.061961
-1.1903
0.1545
-0.79067
-0.92513
-0.72781
-0.71562
-1.0892
-0.98383
0.0059841
1.2387
0.41909
-0.017374
-0.83294
-0.86453
0.4731
-0.98132
-0.9126
0.96447
-0.051078
-1.258
-0.74414
-0.57925
0.05145
-0.82581
-0.89262
0.52094
-0.93927
-1.0312
-0.048102
-0.86576
0.42439
-0.81122
-0.35797
-0.9338
-1.1745
-0.65669
0.061834
-0.67454
0.056895
-0.21126
-0.69329
-0.47462
-0.69002
-0.84121
-0.90012
-0.93523
-0.44586
-0.86998
-0.66096
-0.071342
-0.24338
-1.0227
-0.74916
-0.45741
0.13798
0.79892
-0.53972
0.90345
-0.22872
-0.023663
-1.0994
-0.41185
-0.63263
-0.71207
-1.0362
-1.1554
-0.37546
-0.80285
-0.67498
-1.352
0.14868
-0.90527
0.32611
0.64036
-0.19681
-0.16419
-0.5238
-0.91247
-0.4482
-0.93459
-1.1957
-0.44027
-1.3973
-0.24075
-0.55397
-0.94093
-0.353
-0.5511
-1.0012
-0.29179
-0.62726
0.54894
-0.37525
-0.44208
-0.63326
-0.5174
0.15249
-0.19985
-0.048888
0.40075
0.16095
-0.84756
-0.12639
-1.3491
-0.38075
-0.51923
-0.52552
-1.1687
0.96642
-0.80478
-0.80188
-0.89054
-0.63335
-0.85195
-1.1133
-1.0851
0.019062
-0.13091
-0.47312
-1.3423
0.54426
-0.092407
-0.69578
-0.77212
-1.1244
-0.75871
-0.63362
-0.7364
0.44352
-1.3468
0.17819
-0.29114
-1.1241
-0.76477
-0.58153
-0.86855
-0.82207
0.12753
0.42693
-0.24878
0.8527
-0.60452
-0.50747
-0.53248
-0.21273
-0.967
-0.5171
-1.2698
-0.85082
0.25286
-0.82157
-1.0764
-1.0425
-0.96154
-0.37241
-0.75473
-0.20797
0.017016
-1.1087
0.29113
-0.81715
-0.78049
-0.74199
-1.143
-0.8429
-0.41542
0.36897
-0.42881
-0.7463
-0.33576
-1.0553
-0.27523
0.36802
-1.2829
-1.0975
-1.0456
-0.69893
-0.74652
-0.93146
-0.92473
-0.94057
-0.49489
-1.1529
-0.65996
-0.58432
0.81714
-0.34243
0.036269
-1.1515
-0.91487
-0.56921
0.010921
0.49734
-0.39388
-0.69273
-1.0792
-0.75915
-0.95246
0.64801
-1.0436
-0.7702
-0.40981
-0.48893
-0.8946
-1.2458
-0.67533
-0.76432
0.2637
0.8795
-0.1227
-1.0896
-0.88004
-0.87681
-0.76873
-0.66765
-0.85685
-1.0274
-0.95592
-0.5309
0.26268
-1.1526
-0.76448
-0.76688
-0.29702
-0.72212
-0.74622
-0.38962
-0.94496
-0.47196
-0.51449
0.27352
-0.32339
-0.67718
-0.67441
-0.83653
0.35185
-0.36553
-0.76979
-0.0064471
-0.20341
-0.95715
-1.2071
-0.28347
-0.83432
-1.2841
-0.73089
-0.91035
0.35067
0.14464
-1.0865
-1.0103
-0.46281
0.82836
-0.67278
-1.0858
0.075372
0.35414
-0.79
-0.71252
-0.73146
1.8989
0.079676
-0.82304
0.044926
0.0019436
-0.23893
1.0958
-0.65883
-0.3115
-0.99352
-0.68793
-1.0346
0.071517
-0.93482
-0.17347
-1.067
-0.62705
-0.90585
0.6398
-1.0621
-0.84819
-0.67692
0.036767
-1.4254
0.11321
-0.24731
-0.75792
-1.1575
0.46233
-0.95744
-0.39259
0.1658
-0.33159
-0.65355
-0.5444
-0.93301
0.77975
-0.014555
-0.37048
-0.86551
-1.5121
1.1757
-0.72367
-0.78791
-0.35823
-0.48738
-0.71461
-0.58102
-0.69309
-0.101
0.093036
-0.64064
-0.17621
-0.69512
-0.92959
-0.72293
-0.62502
-0.053544
0.37243
-0.22018
-0.86181
-0.82267
-0.81714
-0.84266
-0.478
-0.57547
-0.48183
-0.12433
-0.79953
-0.62699
-0.37474
-0.91351
-1.0141
-0.95901
-0.68227
-0.52731
-1.1436
-0.68423
0.95583
-0.62049
-0.7357
0.18648
-0.81499
-0.56138
-0.96792
-0.658
-0.38444
-0.7871
-1.1103
0.87254
-0.86294
-0.88816
-0.77049
-1.0274
-1.4036
-0.79781
-1.094
0.67432
0.0088379
-1.0165
-1.2757
-1.0246
-0.19644
-0.92211
-0.85887
0.18205
-1.041
-1.3717
-0.89973
-0.85926
-0.50581
-0.34069
0.0070324
-0.86802
-0.70954
-0.70455
-0.4281
-0.19614
-1.3068
-1.0525
-0.82733
-0.21602
0.16567
-0.7969
-0.021842
-0.80351
-0.83897
-0.7989
0.14928
-0.76448
-0.87759
-0.22691
0.97513
-0.29023
-1.2453
0.41913
-1.179
-1.0027
-0.75507
-0.64024
-0.41816
-0.51309
-0.14349
-0.14087
0.31937
-0.74178
-0.89691
0.27913
-0.15891
-0.68202
-0.38804
-0.61081
-0.74119
-0.20231
-0.55074
-1.1631
0.00094411
-0.8124
0.39034
-0.68419
-0.25993
-0.45721
-1.2234
-0.69034
-0.75558
-0.76578
-0.86365
-0.86487
0.33126
-1.0744
-0.27134
-0.75737
-0.60739
-0.053323
-0.19196
-0.84006
-0.70889
0.42326
-1.0073
-0.89751
-0.23
-0.80849
-0.28065
-0.67481
0.02851
-0.75161
-0.77985
-0.76926
-0.76241
-0.81703
-0.57962
-0.63399
-0.19505
-0.43812
0.087187
-1.0342
0.42718
0.077535
-1.1815
-0.16538
-0.51041
-0.58668
0.81708
-0.78107
-0.9279
0.31371
-1.0878
-0.78547
-1.0839
-1.1512
-0.21372
-0.46254
-1.2901
-0.1857
-0.50375
-0.18637
-0.63974
-1.0889
0.21474
-0.74467
0.83846
-0.84643
-0.65708
-0.81423
-0.11407
0.26683
-1.0808
-0.72126
0.59234
-0.69972
-0.96325
-0.43576
-1.1403
0.50263
-0.94939
-1.1099
-0.86888
0.50884
-0.553
-0.67975
-0.29204
-0.85389
-0.92474
-1.2239
0.68728
-0.86776
1.2482
-0.6025
-1.31
-0.74646
-0.093313
0.14523
0.11851
-0.89533
-0.59848
-0.78228
-0.83695
-0.82357
-0.088232
-0.83446
-0.99097
0.52458
-0.91466
-0.40031
-0.19426
0.25034
0.39267
0.30675
-1.0152
-0.85881
-0.7796
-0.12409
-0.58365
-0.73329
-0.52594
-0.82315
-1.1455
-0.95255
-0.00015246
-0.070354
0.35948
-1.0429
-1.0484
-0.51305
0.36696
0.059523
-1.258
-0.85063
-0.11008
-0.68247
-0.70804
-0.85442
-1.1397
1.0832
-0.1205
-0.83669
0.17785
-0.55411
-1.0875
-0.51448
-0.71531
-0.55244
-0.50123
-0.30628
0.26391
-1.2061
-0.42758
0.34573
-0.96144
-0.48418
-0.97138
-0.55226
-0.90457
-0.48413
-0.54612
-0.16006
-0.91832
-0.011117
-0.97264
-0.74644
-0.49444
-0.97751
-0.27575
0.18223
-0.49518
-0.71678
1.319
-1.0269
-0.76097
0.74621
0.55427
0.20952
-0.6138
-0.36958
-0.11895
-0.3692
-0.61021
-0.76571
-0.44593
-0.73666
-0.73736
-0.88908
-1.0137
-0.85478
-0.68878
-1.0205
-0.22329
-1.1224
-0.76908
-0.48147
-1.0808
-0.73611
0.73877
-0.78336
-0.4314
0.34523
-0.67023
-0.68167
-1.2431
0.84942
-1.2162
-0.080701
-0.10188
-1.1053
-0.068966
-0.63805
0.4024
-0.11212
-0.17438
-0.39518
-0.55416
0.017164
0.48698
-1.0739
-0.32151
-0.24596
-0.40564
-1.077
-0.81762
0.4719
-0.56313
-0.22473
-0.9347
-0.95188
-0.91285
0.35253
-0.1044
0.34862
0.82981
-0.76345
-0.46577
-0.63726
-0.95723
-1.0934
0.18164
-1.1326
-0.84028
-1.2708
-1.0305
0.8063
-1.0425
0.11259
-0.5318
-0.69287
-0.52965
0.17932
-0.040128
-0.89264
-0.81575
-0.67598
-0.69401
-0.67455
-0.21209
-0.86131
-0.30043
-0.5731
-0.64835
-0.62511
-0.19301
-0.67071
-1.1462
-0.76947
-0.87565
-0.90333
0.1579
0.045833
0.53031
-0.79411
-0.12388
-0.76301
-0.53405
-1.2055
-0.80181
-0.90552
-0.91089
-0.89688
-0.94512
-0.91785
-1.1319
-1.3669
-0.17904
-0.80935
-0.7328
0.0094801
-0.17929
-0.79339
-1.0668
-0.32629
-0.95314
0.76766
-0.7556
-0.72873
-0.82013
-1.1089
0.48052
-0.86112
-0.5094
-0.79374
-0.81606
-1.0661
-0.7097
-1.2092
-0.8505
-0.33325
-0.96511
0.29034
-1.0021
-0.30331
-0.35399
-0.54295
-0.048846
-0.91148
0.46196
-0.72155
-0.14498
-0.22243
-0.85813
-0.086011
-1.0821
-0.97785
-1.1542
-0.21212
-0.10629
0.63807
-0.99628
-0.88987
-1.0735
-0.69706
-0.35359
-0.18472
-1.2062
0.5517
-0.90789
0.44657
0.9538
-0.53382
-0.27923
0.13452
-1.0225
0.34228
-0.53485
0.096759
-1.0761
-0.19211
-0.33686
-0.77034
-0.99428
-0.7577
-0.91829
-0.86886
-0.63638
-0.86779
-0.894
-1.0343
-1.1831
-0.76823
-0.59286
-1.0093
-0.46501
-0.8873
-1.2533
-0.82091
-0.64996
-0.28266
0.91612
-0.38007
-0.95004
0.21183
-0.5858
-0.38226
-0.91837
-0.69533
-0.96291
-0.46126
-0.79561
0.60224
-0.41753
-0.7131
-0.36572
-0.74729
-0.99622
-0.62701
-0.13881
-0.54428
-0.56219
0.59233
-0.95688
-0.97052
-0.67072
-0.23688
-0.35022
-1.2349
0.24988
-0.48309
-1.1605
-0.95495
-1.1118
0.44
0.54605
0.58363
-0.95755
-1.2186
-0.60184
-0.48337
-0.87702
-0.57462
-0.26471
0.05695
-1.1006
-0.4383
-1.0148
-0.053009
-0.78134
-0.92665
0.075172
-0.062715
-0.99638
-1.1739
-0.67905
-1.0643
-1.1934
-1.1796
-0.73752
0.56799
-0.015323
1.3992
-0.49792
-0.10542
0.13049
-0.43956
-0.80642
-0.651
-0.33854
0.51977
-0.90577
-0.86802
0.23673
-1.0582
-0.42942
-1.0648
0.25278
-0.94505
-0.2292
-0.93444
-0.74068
-0.31832
0.7157
0.28297
-0.80053
-1.0334
-0.14722
-0.6031
-0.96245
-0.59495
-0.98977
-0.36126
-0.76494
-0.88618
-0.4877
-0.3438
-0.3924
-0.10526
0.27245
-0.67569
0.31032
-0.6558
-0.70439
-0.94438
-0.46
-0.80382
-1.1215
-0.86185
-0.63724
-0.63836
-0.53507
-0.73675
-0.078215
-0.68451
-0.87505
-0.35872
-0.58476
-0.34179
-0.70146
-1.3358
-0.35455
-0.89206
-0.61903
-1.0297
0.2968
-0.71066
-1.2796
-0.32794
-0.58735
-0.78577
-0.73432
0.050149
-1.2738
0.26976
-1.1627
0.47167
-0.85736
-0.76287
-0.29707
-1.0621
-0.63086
-1.0755
-1.1117
0.38617
-0.00010801
-0.69983
-1.3087
-1.1991
0.67238
-0.79013
-0.98716
-0.80859
-0.73639
-0.55755
-0.93966
0.26847
-1.2449
-1.0939
-1.0857
0.92588
-0.69647
-0.65517
-1.2173
-0.3906
-0.11345
-0.11534
-0.2326
-0.10406
0.10867
-0.057993
-0.94866
-0.47978
-0.91214
-0.077869
-0.52911
-1.061
-0.833
-0.32802
-0.68476
-0.72673
-0.70396
-0.73574
0.54317
-0.64405
-0.84996
-0.2099
-0.47558
-0.20397
-1.2819
-0.28663
-0.88209
-1.4423
-0.61798
0.29841
1.0678
0.40802
-0.30304
-0.98488
-0.79787
-0.29708
-1.2088
-1.2752
-0.61891
0.78829
-0.029732
-0.80264
-0.84749
-0.27891
0.92245
-0.8824
-0.7738
-0.95786
-0.65636
-0.78316
0.26929
-0.81085
-0.68646
-1.0365
-0.85837
-0.68678
-1.0904
-0.70399
0.15917
-0.63794
0.21547
-1.0254
-0.73676
-0.8637
-0.52655
0.34129
-0.59992
-0.89189
-0.70359
0.027218
-0.98389
-0.86953
-0.83643
-0.74215
0.43545
-0.96166
0.24452
0.12265
0.61079
-0.70425
-0.69374
0.13811
-1.0038
-1.331
0.94163
1.0985
-0.2145
-0.89542
-0.94875
-0.76849
0.35662
-0.49922
-0.93537
-1.2251
-0.11363
-0.49628
0.7006
-0.60727
0.27543
-1.433
-0.83393
-0.98184
-1.1969
-1.217
-1.0309
-0.5821
-1.1756
-0.31972
-0.86424
-0.24878
-1.7204
-0.2954
-0.1485
