-0.484170,0.328695,0.322828,0.334735,0.571530
0.557660,0.299317,0.277425,0.303883,0.508730
-0.884360,0.271800,0.239220,0.274463,0.339670
0.096899,0.347193,0.352569,0.354792,0.847090
1.932400,0.071562,0.030717,0.068174,0.030841
0.253810,0.336526,0.335382,0.343481,0.350660
0.133750,0.345272,0.349468,0.352762,0.738330
-0.839350,0.279379,0.249807,0.282452,0.251340
1.091100,0.203368,0.148800,0.202590,0.110020
0.300210,0.332167,0.328409,0.338845,0.303140
-0.526720,0.324007,0.315568,0.329738,0.558730
-0.918490,0.265916,0.231117,0.268268,0.417180
-0.547840,0.321539,0.311773,0.327110,0.527630
0.692920,0.277321,0.245093,0.280515,0.219000
-0.608880,0.313903,0.300156,0.318991,0.386550
-1.442300,0.169938,0.114033,0.168148,0.070534
0.439920,0.316025,0.302985,0.321664,0.515520
-0.538510,0.322640,0.313464,0.328283,0.543130
-0.630330,0.311052,0.295863,0.315963,0.334670
-0.137870,0.350638,0.357959,0.358310,0.376040
-0.967640,0.257262,0.219384,0.259169,0.503620
0.137570,0.345052,0.349113,0.352529,0.724960
0.070149,0.348356,0.354443,0.356017,0.892730
0.364460,0.325284,0.317488,0.331521,0.358560
0.364680,0.325259,0.317448,0.331494,0.358950
0.304510,0.331736,0.327723,0.338387,0.302690
-0.053607,0.351164,0.358909,0.358932,0.667540
0.409020,0.319963,0.309126,0.325856,0.450780
-0.964920,0.257746,0.220034,0.259677,0.500490
-1.493900,0.160769,0.104473,0.158687,0.065374
-0.994630,0.252432,0.212931,0.254096,0.520140
-0.400850,0.336705,0.335408,0.343293,0.428340
-0.002566,0.350521,0.357912,0.358282,0.834260
-0.151920,0.350360,0.357490,0.358003,0.340720
-1.012500,0.249208,0.208661,0.250711,0.515430
-1.766700,0.115948,0.062502,0.112801,0.041899
0.517250,0.305338,0.286540,0.310288,0.567760
0.555400,0.299661,0.277943,0.304249,0.513300
-0.936170,0.262826,0.226902,0.265017,0.454250
0.840040,0.250968,0.208499,0.252614,0.141430
-0.900740,0.268990,0.235338,0.271504,0.376940
-0.876260,0.273180,0.241135,0.275917,0.321820
-0.513540,0.325501,0.317873,0.331329,0.570280
1.162200,0.189900,0.133482,0.188545,0.101550
-0.531610,0.323444,0.314700,0.329138,0.552830
0.031506,0.349689,0.356585,0.357416,0.894760
0.086974,0.347647,0.353301,0.355271,0.867900
0.426870,0.317713,0.305611,0.323460,0.489530
1.061000,0.209107,0.155543,0.208591,0.113650
0.618500,0.289748,0.263168,0.293710,0.362520
0.393950,0.321811,0.312022,0.327824,0.417500
0.258930,0.336071,0.334652,0.342997,0.341610
-0.566800,0.319245,0.308264,0.324669,0.489180
-0.072317,0.351218,0.358976,0.358976,0.596680
0.012635,0.350190,0.357385,0.357938,0.867820
-2.009900,0.082689,0.037032,0.079258,0.026474
0.273280,0.334761,0.332554,0.341604,0.321210
0.101080,0.346993,0.352247,0.354581,0.837090
1.820700,0.084509,0.039091,0.081005,0.038036
-1.042800,0.243698,0.201439,0.244933,0.479990
0.438750,0.316178,0.303222,0.321826,0.513320
0.265560,0.335472,0.333693,0.342361,0.331250
-0.929130,0.264060,0.228581,0.266315,0.440050
-0.023790,0.350877,0.358471,0.358646,0.772850
-1.127000,0.228176,0.181586,0.228684,0.283800
0.444290,0.315452,0.302095,0.321054,0.523540
-1.323200,0.191654,0.137883,0.190636,0.085286
0.011140,0.350225,0.357442,0.357975,0.864970
0.131240,0.345415,0.349698,0.352913,0.746940
-0.011259,0.350682,0.358166,0.358447,0.810930
-0.418620,0.335131,0.332919,0.341609,0.469400
-1.291500,0.197526,0.144614,0.196735,0.092348
0.072333,0.348268,0.354302,0.355925,0.890290
-0.458650,0.331317,0.326921,0.337533,0.545960
0.582120,0.295540,0.271762,0.299866,0.453270
0.479890,0.310644,0.294664,0.315935,0.569170
0.308000,0.331383,0.327161,0.338012,0.302800
-0.142260,0.350557,0.357822,0.358221,0.364470
0.032682,0.349654,0.356530,0.357380,0.895850
-1.040100,0.243956,0.201712,0.245196,0.484350
0.705800,0.275100,0.241916,0.278159,0.203540
-0.350540,0.340746,0.341845,0.347623,0.319100
0.462750,0.312990,0.298282,0.318433,0.552130
-0.927900,0.264275,0.228875,0.266541,0.437490
-2.501800,0.036821,0.011205,0.034169,0.008727
-0.274690,0.345643,0.349739,0.352887,0.233190
-0.114770,0.350979,0.358539,0.358690,0.444750
0.445310,0.315318,0.301887,0.320911,0.525350
-1.392900,0.178865,0.123635,0.177379,0.075804
-1.350800,0.186567,0.132148,0.185358,0.080978
-1.519500,0.156287,0.099916,0.154071,0.062893
0.519570,0.305000,0.286026,0.309929,0.565860
-2.319900,0.050585,0.017723,0.047507,0.013531
-0.567960,0.319103,0.308047,0.324518,0.486590
-0.135670,0.350677,0.358025,0.358353,0.382010
0.136370,0.345122,0.349225,0.352603,0.729200
-0.189950,0.349333,0.355782,0.356881,0.270880
0.489070,0.309364,0.292697,0.314573,0.573910
1.272200,0.169507,0.111657,0.167387,0.088824
0.016508,0.350095,0.357234,0.357839,0.874750
-2.090700,0.073211,0.030762,0.069808,0.022429
0.223040,0.339122,0.339552,0.346240,0.423610
0.545400,0.301174,0.280223,0.305858,0.531940
1.267200,0.170418,0.112596,0.168329,0.089393
0.087157,0.347639,0.353288,0.355262,0.867550
0.001723,0.350434,0.357774,0.358192,0.844710
-0.032881,0.350990,0.358647,0.358762,0.742510
-0.062335,0.351201,0.358960,0.358966,0.634600
0.406520,0.320273,0.309611,0.326186,0.445230
0.252930,0.336603,0.335506,0.343563,0.352310
-0.766320,0.291166,0.266603,0.294898,0.186280
0.097483,0.347165,0.352524,0.354763,0.845740
0.549900,0.300495,0.279199,0.305136,0.523860
-1.712600,0.124265,0.069660,0.121264,0.046039
-0.726850,0.297236,0.275412,0.301320,0.193220
-0.468540,0.330318,0.325359,0.336467,0.558560
0.204470,0.340572,0.341886,0.347780,0.481020
0.564820,0.298222,0.275778,0.302718,0.493550
-0.887500,0.271264,0.238477,0.273898,0.346730
0.970500,0.226389,0.176611,0.226715,0.124590
1.577300,0.118078,0.064140,0.114719,0.057513
-0.580370,0.317560,0.305697,0.322877,0.457570
0.512340,0.306050,0.287626,0.311046,0.571080
0.549230,0.300596,0.279352,0.305244,0.525110
0.071475,0.348303,0.354358,0.355961,0.891280
-1.799300,0.111091,0.058462,0.107870,0.039537
-0.016327,0.350766,0.358298,0.358533,0.796110
-0.464390,0.330740,0.326018,0.336917,0.553660
-0.964130,0.257887,0.220223,0.259825,0.499540
-0.578220,0.317829,0.306106,0.323164,0.462730
-0.480050,0.329128,0.323503,0.335197,0.568990
1.283000,0.167545,0.109645,0.165358,0.087603
0.272710,0.334814,0.332639,0.341661,0.321870
-0.125610,0.350837,0.358297,0.358532,0.410930
-0.668430,0.305784,0.287998,0.310374,0.257830
-0.073210,0.351218,0.358975,0.358976,0.593300
-1.150700,0.223768,0.176084,0.224079,0.231150
-0.130740,0.350759,0.358164,0.358444,0.395870
0.693300,0.277256,0.245000,0.280446,0.218500
-0.543250,0.322083,0.312608,0.327689,0.535580
0.420970,0.318464,0.306783,0.324260,0.476980
0.731750,0.270567,0.235485,0.273353,0.179870
0.402330,0.320790,0.310420,0.326736,0.435920
-0.589760,0.316373,0.303893,0.321615,0.434490
0.169830,0.343039,0.345863,0.350397,0.605410
-0.904950,0.268264,0.234338,0.270739,0.386600
-0.095027,0.351152,0.358844,0.358890,0.512370
0.000290,0.350464,0.357821,0.358222,0.841300
0.360020,0.325790,0.318287,0.332059,0.351000
1.467800,0.135470,0.078985,0.132407,0.067943
-0.432620,0.333839,0.330881,0.340228,0.499730
-0.079603,0.351212,0.358959,0.358965,0.569170
-0.529780,0.323655,0.315025,0.329363,0.555140
0.544890,0.301250,0.280339,0.305939,0.532820
0.205720,0.340477,0.341733,0.347679,0.476900
1.102200,0.201256,0.146351,0.200384,0.108690
0.560760,0.298844,0.276713,0.303380,0.502280
0.850910,0.248951,0.205799,0.250484,0.139770
-1.091500,0.234751,0.189906,0.235562,0.372650
-0.029398,0.350950,0.358584,0.358720,0.754360
-2.280200,0.054066,0.019544,0.050910,0.014825
0.528010,0.303763,0.284145,0.308612,0.557300
0.440320,0.315973,0.302904,0.321608,0.516280
0.133930,0.345262,0.349452,0.352751,0.737710
-0.171090,0.349892,0.356709,0.357490,0.300870
-1.041800,0.243881,0.201677,0.245125,0.481630
0.251090,0.336765,0.335765,0.343735,0.355850
1.305600,0.163466,0.105512,0.161146,0.085078
-0.584950,0.316983,0.304820,0.322264,0.446400
0.572550,0.297029,0.273990,0.301450,0.476080
-1.618900,0.139379,0.083423,0.136707,0.053809
-0.214730,0.348453,0.354330,0.355924,0.244400
0.438080,0.316265,0.303358,0.321919,0.512040
0.424190,0.318055,0.306144,0.323824,0.483870
1.135100,0.195014,0.139215,0.193872,0.104770
-0.430250,0.334061,0.331231,0.340465,0.494800
-0.964000,0.257910,0.220254,0.259849,0.499380
-0.930240,0.263866,0.228317,0.266111,0.442330
-0.519510,0.324829,0.316835,0.330613,0.565860
-0.207710,0.348719,0.354768,0.356213,0.250490
0.517780,0.305261,0.286423,0.310206,0.567340
0.398580,0.321249,0.311139,0.327225,0.427640
0.050939,0.349070,0.355592,0.356768,0.903570
0.740600,0.269005,0.233285,0.271698,0.173750
-0.404920,0.336351,0.334847,0.342914,0.437860
-0.418120,0.335176,0.332990,0.341658,0.468270
0.150650,0.344269,0.347849,0.351700,0.677440
-0.686950,0.303134,0.284073,0.307565,0.230080
1.357900,0.154180,0.096357,0.151580,0.079354
-0.569100,0.318962,0.307832,0.324368,0.484020
-2.706100,0.025174,0.006581,0.023063,0.005126
-0.067603,0.351213,0.358974,0.358975,0.614580
1.401500,0.146619,0.089163,0.143814,0.074727
-0.808240,0.284482,0.257029,0.287838,0.210840
-1.079200,0.236778,0.192425,0.237676,0.403040
0.715280,0.273453,0.239571,0.276412,0.193810
0.372320,0.324377,0.316058,0.330555,0.372960
-0.260420,0.346398,0.350967,0.353702,0.229540
0.020323,0.349997,0.357079,0.357738,0.880890
-0.408420,0.336043,0.334361,0.342585,0.446020
-1.082000,0.236504,0.192146,0.237397,0.396320
0.136040,0.345141,0.349256,0.352623,0.730330
-0.003001,0.350530,0.357926,0.358290,0.833160
0.404400,0.320535,0.310021,0.326465,0.440520
-1.329300,0.190527,0.136605,0.189466,0.084236
-0.686220,0.303239,0.284229,0.307677,0.231050
0.709990,0.274373,0.240880,0.277388,0.199080
-0.338650,0.341611,0.343230,0.348551,0.298290
-0.799970,0.285819,0.258934,0.289249,0.203300
1.709600,0.098927,0.049264,0.095411,0.046276
-0.264660,0.346179,0.350611,0.353466,0.230220
0.603820,0.292109,0.266659,0.296219,0.399060
1.280800,0.167944,0.110053,0.165771,0.087861
0.108090,0.346648,0.351690,0.354217,0.818790
-0.535150,0.323033,0.314068,0.328701,0.548050
0.687790,0.278201,0.246355,0.281448,0.225920
1.084500,0.204625,0.150266,0.203904,0.110810
0.696220,0.276754,0.244280,0.279913,0.214780
0.276550,0.334455,0.332065,0.341279,0.317600
-1.040100,0.243956,0.201712,0.245196,0.484380
0.755460,0.266365,0.229586,0.268900,0.165260
0.381190,0.323337,0.314420,0.329448,0.390490
-0.284190,0.345111,0.348875,0.352314,0.237790
-0.504810,0.326470,0.319373,0.332195,0.574240
-0.707630,0.300108,0.279617,0.304360,0.207110
-0.507650,0.326156,0.318887,0.332028,0.573280
-0.824190,0.281880,0.253337,0.285091,0.229230
0.339510,0.328070,0.321896,0.334486,0.322350
0.505010,0.307105,0.289236,0.312168,0.574290
-0.989140,0.253419,0.214243,0.255131,0.519030
-1.162900,0.221496,0.173272,0.221705,0.207300
0.215630,0.339711,0.340500,0.346866,0.445450
0.151610,0.344210,0.347753,0.351638,0.673880
0.157830,0.343820,0.347124,0.351225,0.650640
-0.943780,0.261488,0.225085,0.263610,0.468540
-0.506320,0.326303,0.319115,0.332185,0.573770
-1.283600,0.198993,0.146314,0.198260,0.094705
0.102600,0.346920,0.352128,0.354503,0.833270
-0.571370,0.318682,0.307405,0.324070,0.478830
0.489990,0.309235,0.292499,0.314436,0.574200
0.738720,0.269338,0.233753,0.272050,0.174980
0.480930,0.310500,0.294442,0.315782,0.569870
-0.148720,0.350428,0.357605,0.358078,0.348320
-0.036632,0.351031,0.358709,0.358802,0.729450
1.026300,0.215736,0.163488,0.215533,0.117840
0.121150,0.345970,0.350595,0.353500,0.780140
-0.638010,0.310010,0.294302,0.314858,0.317310
0.497270,0.308208,0.290924,0.313342,0.575360
1.072000,0.207008,0.153062,0.206395,0.112320
-0.010338,0.350666,0.358141,0.358431,0.813530
0.474170,0.311433,0.295879,0.316776,0.564630
0.309970,0.331183,0.326842,0.337799,0.303050
1.900900,0.075057,0.032906,0.071627,0.032757
0.142750,0.344748,0.348621,0.352207,0.706430
0.552860,0.300047,0.278524,0.304659,0.518270
-0.505750,0.326366,0.319212,0.332252,0.573960
-1.037500,0.244431,0.202332,0.245694,0.488430
0.449090,0.314819,0.301112,0.320379,0.531850
-0.728350,0.297010,0.275081,0.301080,0.192430
-0.957650,0.259037,0.221772,0.261033,0.490960
0.463010,0.312955,0.298227,0.318395,0.552450
-1.144200,0.224978,0.177588,0.225342,0.244790
0.015503,0.350120,0.357274,0.357865,0.873020
0.766100,0.264461,0.226933,0.266884,0.160350
0.677750,0.279913,0.248820,0.283265,0.240790
-0.703010,0.300790,0.280619,0.305082,0.211520
-2.766200,0.022410,0.005608,0.020457,0.004349
0.588910,0.294474,0.270173,0.298733,0.436520
-1.232000,0.208604,0.157626,0.208261,0.120450
0.412820,0.319490,0.308385,0.325352,0.459180
0.432310,0.317013,0.304522,0.322716,0.500690
-0.350620,0.340740,0.341836,0.347617,0.319260
-0.197090,0.349097,0.355391,0.356623,0.261800
0.861810,0.246922,0.203097,0.248341,0.138200
-0.061417,0.351198,0.358956,0.358963,0.638080
-0.642240,0.309432,0.293437,0.314244,0.308110
-0.532490,0.323342,0.314543,0.329030,0.551680
0.420790,0.318487,0.306818,0.324284,0.476590
0.148180,0.344421,0.348093,0.351861,0.686590
-1.008000,0.250022,0.209736,0.251565,0.517840
0.568620,0.297637,0.274900,0.302096,0.485080
-0.275720,0.345586,0.349647,0.352826,0.233600
-0.400440,0.336740,0.335464,0.343331,0.427370
-1.037800,0.244611,0.202629,0.245890,0.488010
0.539110,0.302116,0.281649,0.306860,0.542220
-1.037500,0.244431,0.202332,0.245694,0.488400
-0.331420,0.342119,0.344046,0.349096,0.286900
-0.572970,0.318483,0.307102,0.323859,0.475130
-1.214200,0.211925,0.161606,0.211721,0.135700
0.263070,0.335698,0.334055,0.342601,0.334950
-1.425300,0.172995,0.117289,0.171307,0.072300
-0.242970,0.347248,0.352355,0.354620,0.230350
-1.003200,0.250888,0.210883,0.252475,0.519480
-1.048100,0.242730,0.200178,0.243918,0.470570
-0.058810,0.351189,0.358943,0.358955,0.647950
-0.001006,0.350490,0.357863,0.358250,0.838150
0.635360,0.286998,0.259124,0.290788,0.322700
0.223540,0.339082,0.339487,0.346197,0.422190
-0.021294,0.350841,0.358416,0.358610,0.780800
-0.991080,0.253070,0.213779,0.254766,0.519560
-0.948610,0.260636,0.223932,0.262714,0.476930
0.175530,0.342655,0.345243,0.349989,0.584040
0.723180,0.272072,0.237613,0.274948,0.186680
-0.685650,0.303322,0.284350,0.307764,0.231800
1.295900,0.165212,0.107273,0.162948,0.086166
0.522130,0.304626,0.285457,0.309531,0.563540
0.068642,0.348415,0.354540,0.356080,0.894270
0.927590,0.234546,0.186946,0.235295,0.129810
0.405480,0.320402,0.309812,0.326323,0.442930
-0.091735,0.351170,0.358877,0.358912,0.524270
1.155900,0.191086,0.134803,0.189780,0.102290
-1.417500,0.174403,0.118800,0.172762,0.073120
-0.130820,0.350758,0.358161,0.358443,0.395650
0.581590,0.295623,0.271886,0.299954,0.454540
0.572380,0.297056,0.274029,0.301478,0.476460
0.205090,0.340525,0.341810,0.347730,0.478960
-1.202700,0.214072,0.164196,0.213959,0.147950
1.211600,0.180659,0.123386,0.178940,0.095768
-1.004600,0.250636,0.210548,0.252210,0.519070
0.746410,0.267975,0.231840,0.270606,0.170180
0.020866,0.349983,0.357056,0.357723,0.881700
-1.970800,0.087561,0.040432,0.084137,0.028614
0.998490,0.221049,0.169979,0.221106,0.121200
-0.382960,0.338212,0.337802,0.344907,0.386840
1.219700,0.179155,0.121776,0.177380,0.094826
0.926610,0.234732,0.187184,0.235490,0.129930
0.539090,0.302119,0.281653,0.306863,0.542250
-0.772360,0.290217,0.265236,0.293896,0.187750
0.877390,0.244009,0.199245,0.245267,0.136100
0.320970,0.330048,0.325036,0.336591,0.306900
0.063868,0.348600,0.354837,0.356275,0.898390
0.705900,0.275082,0.241891,0.278140,0.203430
-0.879560,0.272619,0.240356,0.275325,0.329020
0.159270,0.343729,0.346976,0.351127,0.645220
0.049209,0.349129,0.355688,0.356830,0.903590
2.006800,0.063784,0.026037,0.060518,0.026639
0.482230,0.310320,0.294164,0.315590,0.570690
0.500570,0.307739,0.290206,0.312843,0.575200
-1.181400,0.218046,0.169033,0.218105,0.176310
0.384070,0.322996,0.313883,0.329085,0.396440
0.602630,0.292299,0.266940,0.296421,0.402060
-0.307650,0.343696,0.346586,0.350791,0.256660
-0.991980,0.252909,0.213564,0.254596,0.519750
-0.121220,0.350898,0.358401,0.358600,0.424290
-1.079200,0.236778,0.192425,0.237676,0.403130
-0.034159,0.351005,0.358669,0.358776,0.738090
0.423010,0.318205,0.306379,0.323984,0.481350
0.104910,0.346807,0.351945,0.354384,0.827300
1.117100,0.198425,0.143096,0.197429,0.106910
0.831210,0.252601,0.210695,0.254339,0.142900
-1.037700,0.244629,0.202653,0.245909,0.488200
0.086957,0.347648,0.353303,0.355272,0.867930
0.164980,0.343359,0.346380,0.350736,0.623710
2.006400,0.063825,0.026060,0.060557,0.026660
-0.114240,0.350985,0.358549,0.358697,0.446460
-0.498590,0.327150,0.320427,0.333087,0.575210
-0.689870,0.302711,0.283448,0.307117,0.226310
1.891600,0.076112,0.033578,0.072671,0.033343
-0.108510,0.351045,0.358655,0.358766,0.465430
0.108780,0.346614,0.351634,0.354180,0.816880
0.401480,0.320894,0.310583,0.326847,0.434050
-0.641090,0.309590,0.293672,0.314411,0.310580
0.283090,0.333836,0.331075,0.340621,0.311560
0.281860,0.333953,0.331263,0.340746,0.312580
-1.168200,0.220508,0.172054,0.220674,0.197840
-0.902580,0.268673,0.234901,0.271170,0.381160
0.803300,0.257726,0.217651,0.259757,0.148510
0.436390,0.316485,0.303700,0.322153,0.508770
-0.262650,0.346283,0.350781,0.353578,0.229850
0.536120,0.302562,0.282323,0.307334,0.546690
-0.122690,0.350879,0.358367,0.358578,0.419790
-0.142820,0.350546,0.357804,0.358209,0.363010
0.159680,0.343702,0.346933,0.351100,0.643680
-0.478420,0.329298,0.323768,0.335379,0.567810
0.448640,0.314878,0.301205,0.320443,0.531090
-0.363470,0.339767,0.340279,0.346573,0.344440
-0.126930,0.350818,0.358264,0.358510,0.407010
-0.779210,0.289136,0.263681,0.292753,0.190250
-0.725690,0.297411,0.275667,0.301505,0.193860
-0.570330,0.318810,0.307601,0.324207,0.481210
0.162960,0.343491,0.346592,0.350876,0.631310
1.664000,0.105288,0.054033,0.101804,0.049976
0.694230,0.277096,0.244770,0.280276,0.217310
-0.947990,0.260746,0.224080,0.262830,0.475880
0.623660,0.288911,0.261934,0.292820,0.350030
0.520180,0.304911,0.285890,0.309834,0.565340
0.135500,0.345172,0.349306,0.352656,0.732250
1.074900,0.206455,0.152411,0.205817,0.111970
0.731730,0.270571,0.235490,0.273357,0.179880
0.532380,0.303117,0.283165,0.307925,0.551860
0.343830,0.327598,0.321147,0.333984,0.327450
-0.615380,0.313048,0.298866,0.318083,0.370430
0.407380,0.320167,0.309444,0.326073,0.447130
1.030100,0.215009,0.162610,0.214772,0.117380
0.171790,0.342908,0.345651,0.350258,0.598060
-1.023000,0.247304,0.206156,0.248714,0.506810
1.246400,0.174227,0.116560,0.172272,0.091759
0.651620,0.284308,0.255193,0.287931,0.287780
-0.636270,0.310247,0.294657,0.315109,0.321180
-0.998570,0.251723,0.211989,0.253351,0.520190
-0.218700,0.348297,0.354073,0.355755,0.241440
0.213130,0.339907,0.340815,0.347073,0.453150
0.177980,0.342487,0.344972,0.349811,0.574940
0.565930,0.298051,0.275522,0.302536,0.491100
0.219050,0.339441,0.340065,0.346579,0.435180
0.541220,0.301801,0.281171,0.306525,0.538910
-0.033329,0.350995,0.358655,0.358767,0.740960
-1.025100,0.246923,0.205655,0.248314,0.504700
0.040028,0.349430,0.356171,0.357145,0.901060
-0.205280,0.348808,0.354915,0.356310,0.252850
1.405600,0.145917,0.088507,0.143095,0.074296
-0.566510,0.319281,0.308319,0.324707,0.489830
0.550480,0.300408,0.279067,0.305043,0.522790
-0.330410,0.342189,0.344159,0.349171,0.285380
0.744910,0.268242,0.232213,0.270888,0.171070
-1.090000,0.235028,0.190259,0.235852,0.376300
-0.591610,0.316137,0.303535,0.321364,0.429880
-0.578070,0.317848,0.306135,0.323184,0.463090
0.431290,0.317145,0.304727,0.322856,0.498630
0.561900,0.298669,0.276450,0.303194,0.499860
-0.179450,0.349656,0.356317,0.357233,0.286470
0.180870,0.342287,0.344650,0.349599,0.564220
-0.573710,0.318391,0.306963,0.323761,0.473410
0.060865,0.348714,0.355019,0.356393,0.900380
-0.140210,0.350596,0.357887,0.358263,0.369790
0.412160,0.319572,0.308514,0.325440,0.457730
0.082635,0.347837,0.353608,0.355471,0.875600
-0.319270,0.342943,0.345372,0.349982,0.270050
-0.507220,0.326204,0.318961,0.332079,0.573450
0.020180,0.350001,0.357085,0.357742,0.880670
0.002466,0.350419,0.357749,0.358175,0.846440
-0.029933,0.350956,0.358594,0.358727,0.752560
-1.189300,0.216572,0.167234,0.216567,0.164820
-0.505710,0.326370,0.319219,0.332256,0.573970
-1.497300,0.160171,0.103861,0.158071,0.065037
-0.541520,0.322287,0.312921,0.327906,0.538410
-0.845550,0.278348,0.248357,0.281365,0.261630
-0.056094,0.351177,0.358927,0.358944,0.658200
1.599200,0.114763,0.061454,0.111364,0.055542
0.304840,0.331703,0.327670,0.338352,0.302680
-1.689200,0.127958,0.072934,0.125030,0.047904
-0.477230,0.329422,0.323961,0.335511,0.566880
-0.484260,0.328685,0.322814,0.334725,0.571580
1.738200,0.095068,0.046454,0.091544,0.044043
-0.655200,0.307642,0.290763,0.312344,0.281690
-0.464300,0.330749,0.326033,0.336927,0.553550
-0.477000,0.329446,0.323999,0.335537,0.566700
-0.058864,0.351189,0.358944,0.358955,0.647740
0.563940,0.298357,0.275981,0.302861,0.495460
-0.563190,0.319687,0.308939,0.325140,0.497120
-0.732670,0.296356,0.274127,0.300387,0.190390
-0.529340,0.323706,0.315104,0.329417,0.555680
0.079964,0.347952,0.353793,0.355592,0.879910
1.579400,0.117757,0.063878,0.114395,0.057322
1.511100,0.128434,0.072827,0.125235,0.063704
0.082547,0.347841,0.353614,0.355475,0.875750
0.342790,0.327712,0.321328,0.334105,0.326170
-0.448540,0.332315,0.328486,0.338599,0.530000
0.303750,0.331812,0.327845,0.338469,0.302720
0.107870,0.346659,0.351708,0.354229,0.819380
-0.400960,0.336695,0.335393,0.343283,0.428600
-0.229770,0.347838,0.353320,0.355258,0.234900
0.504430,0.307188,0.289363,0.312257,0.574450
1.396100,0.147546,0.090032,0.144765,0.075291
0.017784,0.350063,0.357183,0.357806,0.876880
0.603860,0.292103,0.266649,0.296212,0.398960
-0.047839,0.351128,0.358856,0.358898,0.688990
1.461700,0.136477,0.079884,0.133435,0.068552
-0.263970,0.346215,0.350669,0.353504,0.230080
-1.008300,0.249967,0.209664,0.251508,0.517690
0.064038,0.348594,0.354827,0.356268,0.898270
0.117600,0.346159,0.350900,0.353700,0.791190
0.482030,0.310347,0.294207,0.315619,0.570570
-1.244400,0.206291,0.154876,0.205852,0.112120
-0.936240,0.262814,0.226885,0.265004,0.454390
1.400300,0.146825,0.089356,0.144025,0.074851
-0.137020,0.350654,0.357985,0.358327,0.378320
0.465420,0.312629,0.297723,0.318048,0.555430
0.379330,0.323557,0.314765,0.329682,0.386710
0.452300,0.314392,0.300451,0.319925,0.537070
-2.171600,0.064516,0.025421,0.061190,0.018877
-1.392200,0.178992,0.123774,0.177510,0.075885
0.151790,0.344199,0.347735,0.351626,0.673210
0.253730,0.336533,0.335393,0.343489,0.350800
0.231180,0.338458,0.338485,0.345535,0.401400
1.455600,0.137488,0.080790,0.134468,0.069165
0.237650,0.337919,0.337618,0.344962,0.385160
-0.863570,0.275328,0.244127,0.278180,0.295300
-0.116760,0.350955,0.358498,0.358664,0.438330
0.996550,0.221419,0.170435,0.221495,0.121440
0.072949,0.348243,0.354262,0.355899,0.889560
-0.061309,0.351198,0.358956,0.358963,0.638490
1.089000,0.203768,0.149266,0.203008,0.110280
0.289020,0.333266,0.330164,0.340015,0.307440
-0.588710,0.316506,0.304096,0.321757,0.437110
0.071944,0.348284,0.354328,0.355942,0.890740
2.529700,0.025885,0.007179,0.023872,0.008136
0.803600,0.257671,0.217576,0.259699,0.148440
-1.065800,0.239485,0.195978,0.240519,0.434380
-1.217000,0.211403,0.160977,0.211177,0.133000
-1.154600,0.223042,0.175184,0.223320,0.223280
-0.322620,0.342719,0.345012,0.349741,0.274400
-0.347020,0.341006,0.342261,0.347902,0.312680
-0.569500,0.318913,0.307757,0.324316,0.483110
-0.540540,0.322402,0.313098,0.328029,0.539970
-0.983400,0.254448,0.215615,0.256212,0.516610
-0.580020,0.317604,0.305763,0.322924,0.458410
-0.055585,0.351174,0.358923,0.358942,0.660110
0.291810,0.332995,0.329731,0.339726,0.305950
0.474330,0.311411,0.295845,0.316752,0.564770
-0.471840,0.329980,0.324831,0.336106,0.562040
0.977190,0.225114,0.175017,0.225375,0.123780
0.617870,0.289850,0.263318,0.293818,0.364080
-0.417590,0.335224,0.333066,0.341709,0.467080
0.135240,0.345187,0.349330,0.352672,0.733140
0.999310,0.220892,0.169786,0.220942,0.121100
-0.622770,0.312066,0.297388,0.317040,0.352500
-0.609730,0.313792,0.299987,0.318873,0.384430
0.019269,0.350025,0.357123,0.357766,0.879260
-0.703120,0.300774,0.280595,0.305065,0.211410
-0.589350,0.316425,0.303972,0.321670,0.435510
0.255550,0.336372,0.335135,0.343317,0.347490
0.680920,0.279373,0.248043,0.282693,0.235910
0.637230,0.286691,0.258674,0.290462,0.318500
-1.659000,0.132805,0.077320,0.129981,0.050387
-0.536130,0.322919,0.313892,0.328579,0.546650
0.555130,0.299702,0.278005,0.304293,0.513820
-0.551570,0.321093,0.311090,0.326636,0.520740
0.578330,0.296131,0.272646,0.300495,0.462410
0.568520,0.297652,0.274923,0.302112,0.485320
0.078544,0.348012,0.353889,0.355655,0.882050
0.453710,0.314204,0.300160,0.319725,0.539290
0.508850,0.306553,0.288394,0.311582,0.572870
-1.217900,0.211235,0.160775,0.211002,0.132200
0.921320,0.235734,0.188471,0.236545,0.130570
-0.009946,0.350659,0.358130,0.358424,0.814630
-0.156350,0.350260,0.357324,0.357894,0.330650
-1.007000,0.250202,0.209975,0.251755,0.518250
-0.128900,0.350788,0.358213,0.358477,0.401210
-0.838480,0.279523,0.250010,0.282604,0.249950
-1.170600,0.220061,0.171503,0.220207,0.193720
-0.294220,0.344523,0.347923,0.351681,0.244530
-0.968930,0.257033,0.219075,0.258927,0.505020
0.063798,0.348603,0.354842,0.356277,0.898440
-0.420510,0.334959,0.332647,0.341426,0.473630
0.154480,0.344031,0.347465,0.351448,0.663210
-0.546290,0.321723,0.312055,0.327306,0.530380
-0.264940,0.346165,0.350587,0.353450,0.230280
0.628050,0.288196,0.260882,0.292060,0.339590
1.575000,0.118429,0.064427,0.115075,0.057721
-0.920990,0.265481,0.230521,0.267810,0.422670
0.457680,0.313673,0.299338,0.319160,0.545220
-0.398960,0.336868,0.335666,0.343467,0.423920
-1.376900,0.181783,0.126836,0.180400,0.077649
-1.077000,0.237425,0.193327,0.238361,0.408480
-0.012648,0.350706,0.358203,0.358472,0.806950
1.981500,0.066355,0.027554,0.063043,0.028017
-1.126400,0.228287,0.181725,0.228800,0.285200
-0.488340,0.328253,0.322140,0.334263,0.573440
1.309700,0.162730,0.104774,0.160387,0.084630
0.161370,0.343594,0.346758,0.350985,0.637310
-0.352650,0.340589,0.341594,0.347455,0.323050
-0.906180,0.268051,0.234045,0.270515,0.389400
-0.507800,0.326139,0.318861,0.332010,0.573220
-0.524130,0.324304,0.316025,0.330054,0.561520
0.126050,0.345704,0.350165,0.353219,0.764330
-0.638850,0.309896,0.294130,0.314736,0.315470
-0.470340,0.330134,0.325072,0.336270,0.560510
-1.027100,0.246559,0.205178,0.247933,0.502360
-1.059500,0.240642,0.197471,0.241730,0.448160
0.037061,0.349522,0.356319,0.357242,0.899290
0.143140,0.344724,0.348584,0.352182,0.705010
-0.922290,0.265254,0.230212,0.267572,0.425490
0.459620,0.313412,0.298934,0.318882,0.547950
-0.694690,0.302010,0.282414,0.306374,0.220490
-0.520380,0.324730,0.316683,0.330508,0.565100
0.120950,0.345981,0.350612,0.353512,0.780760
0.465110,0.312671,0.297788,0.318092,0.555060
-0.186800,0.349433,0.355948,0.356990,0.275270
0.117510,0.346164,0.350908,0.353705,0.791460
-0.041319,0.351076,0.358777,0.358846,0.712770
1.014600,0.217971,0.166206,0.217878,0.119240
-2.005100,0.083277,0.037436,0.079846,0.026726
0.918770,0.236216,0.189092,0.237053,0.130890
0.026610,0.349828,0.356808,0.357561,0.889450
-0.979080,0.255221,0.216648,0.257024,0.513960
0.041094,0.349396,0.356117,0.357110,0.901580
-0.025700,0.350902,0.358511,0.358673,0.766640
-0.403580,0.336468,0.335032,0.343039,0.434740
0.068533,0.348420,0.354547,0.356085,0.894380
-1.682100,0.129089,0.073949,0.126185,0.048483
0.213140,0.339906,0.340814,0.347073,0.453120
0.597400,0.293132,0.268176,0.297306,0.415240
1.911500,0.073867,0.032155,0.070451,0.032102
-0.041255,0.351075,0.358777,0.358846,0.713000
0.468430,0.312219,0.297091,0.317612,0.558890
0.813470,0.255865,0.215115,0.257789,0.146250
1.005000,0.219805,0.168450,0.219801,0.120410
-0.906540,0.267989,0.233960,0.270450,0.390220
0.435540,0.316595,0.303871,0.322271,0.507110
-0.239160,0.347423,0.352641,0.354809,0.231310
0.011850,0.350208,0.357415,0.357957,0.866340
0.629860,0.287900,0.260447,0.291746,0.335340
-1.345800,0.187486,0.133178,0.186311,0.081678
1.406500,0.145763,0.088363,0.142937,0.074201
0.666040,0.281893,0.251684,0.285367,0.260370
-0.479120,0.329225,0.323654,0.335301,0.568330
-0.061631,0.351199,0.358957,0.358964,0.637260
-2.125000,0.069428,0.028389,0.066052,0.020866
-0.589030,0.316465,0.304034,0.321714,0.436300
0.710840,0.274225,0.240670,0.277231,0.198200
-0.378780,0.338554,0.338345,0.345273,0.377430
0.074085,0.348197,0.354188,0.355850,0.888160
-1.065400,0.239559,0.196072,0.240595,0.435350
2.088400,0.056006,0.021622,0.052904,0.022537
-0.986300,0.253928,0.214922,0.255666,0.517990
0.535510,0.302652,0.282461,0.307431,0.547570
0.000622,0.350457,0.357810,0.358215,0.842100
0.398440,0.321266,0.311166,0.327243,0.427340
-0.142480,0.350553,0.357815,0.358216,0.363870
0.163340,0.343466,0.346552,0.350850,0.629870
0.705170,0.275209,0.242072,0.278274,0.204230
-0.857790,0.276301,0.245486,0.279206,0.283930
-0.444220,0.332734,0.329144,0.339047,0.522350
-0.709670,0.299806,0.279173,0.304040,0.205300
-0.563960,0.319593,0.308796,0.325040,0.495440
0.153010,0.344123,0.347613,0.351546,0.668670
-0.664680,0.306314,0.288785,0.310936,0.264260
-1.120900,0.229308,0.183009,0.229868,0.298560
-1.012400,0.249226,0.208685,0.250730,0.515530
0.433630,0.316843,0.304256,0.322534,0.503350
-0.852290,0.277223,0.246778,0.280178,0.273610
-0.009340,0.350648,0.358113,0.358413,0.816310
1.566400,0.119748,0.065511,0.116412,0.058505
0.307000,0.331485,0.327323,0.338120,0.302720
0.580190,0.295841,0.272213,0.300187,0.457950
-0.469590,0.330211,0.325192,0.336352,0.559710
-0.281070,0.345288,0.349163,0.352505,0.236080
-0.456930,0.331488,0.327190,0.337716,0.543450
-0.379600,0.338487,0.338239,0.345201,0.379260
-0.912770,0.266910,0.232478,0.269314,0.404390
-0.289180,0.344822,0.348407,0.352002,0.240900
0.721920,0.272293,0.237925,0.275182,0.187760
-0.125690,0.350836,0.358295,0.358530,0.410690
0.597120,0.293176,0.268242,0.297353,0.415940
1.231100,0.177046,0.119531,0.175193,0.093513
-1.109500,0.231422,0.185676,0.232078,0.326940
-0.914550,0.266601,0.232055,0.268989,0.408390
0.313610,0.330811,0.326249,0.337403,0.303870
0.496300,0.308345,0.291134,0.313489,0.575330
-0.439280,0.333209,0.329889,0.339554,0.513060
0.078750,0.348003,0.353875,0.355646,0.881750
-0.014750,0.350741,0.358258,0.358507,0.800810
0.069689,0.348374,0.354473,0.356036,0.893210
-0.509720,0.325927,0.318532,0.331783,0.572380
-0.945550,0.261176,0.224663,0.263282,0.471680
0.300540,0.332134,0.328357,0.338810,0.303090
1.740300,0.094789,0.046253,0.091265,0.043887
-2.271100,0.054889,0.019985,0.051717,0.015134
0.606970,0.291605,0.265912,0.295684,0.391150
-1.300200,0.195912,0.142752,0.195057,0.090097
0.448310,0.314922,0.301272,0.320489,0.530530
-1.023600,0.247195,0.206013,0.248600,0.506250
0.395180,0.321662,0.311788,0.327665,0.420180
-1.060500,0.240458,0.197234,0.241538,0.445950
-0.084730,0.351200,0.358933,0.358948,0.550020
0.608440,0.291370,0.265563,0.295433,0.387460
0.419930,0.318596,0.306988,0.324400,0.474730
0.211780,0.340012,0.340984,0.347185,0.457390
-0.044928,0.351106,0.358823,0.358876,0.699680
-0.326440,0.342461,0.344597,0.349464,0.279650
0.084673,0.347749,0.353465,0.355378,0.872090
1.391400,0.148355,0.090794,0.145595,0.075788
0.488690,0.309418,0.292779,0.314630,0.573780
-0.709310,0.299860,0.279252,0.304097,0.205620
0.188650,0.341738,0.343764,0.349017,0.535850
-0.417930,0.335194,0.333017,0.341676,0.467850
-0.076256,0.351217,0.358970,0.358972,0.581780
1.394000,0.147907,0.090372,0.145136,0.075518
-0.289040,0.344830,0.348420,0.352011,0.240800
0.375540,0.324002,0.315466,0.330155,0.379170
0.001420,0.350440,0.357784,0.358198,0.844000
0.186990,0.341856,0.343955,0.349142,0.541840
0.176100,0.342616,0.345180,0.349948,0.581930
1.069100,0.207561,0.153714,0.206974,0.112670
-0.528250,0.323831,0.315297,0.329551,0.556980
-0.306870,0.343745,0.346666,0.350844,0.255850
0.639540,0.286310,0.258117,0.290057,0.313360
0.012994,0.350181,0.357372,0.357929,0.868500
-0.504800,0.326471,0.319374,0.332197,0.574240
-1.840300,0.105152,0.053667,0.101855,0.036694
-0.367190,0.339477,0.339817,0.346262,0.352190
1.193400,0.184050,0.127051,0.182461,0.097887
1.034800,0.214111,0.161526,0.213831,0.116800
0.711760,0.274065,0.240442,0.277061,0.197270
-0.343200,0.341284,0.342707,0.348200,0.305960
-0.871940,0.273913,0.242155,0.276689,0.312580
0.558810,0.299142,0.277161,0.303697,0.506370
-0.424050,0.334635,0.332136,0.341079,0.481470
0.699960,0.276109,0.243358,0.279229,0.210220
-0.073581,0.351218,0.358975,0.358975,0.591890
-0.463020,0.330878,0.326235,0.337065,0.551920
0.579440,0.295958,0.272388,0.300311,0.459740
-0.412860,0.335649,0.333737,0.342164,0.456280
-1.138800,0.225983,0.178841,0.226392,0.256500
-0.426820,0.334380,0.331733,0.340806,0.487490
-0.959260,0.258752,0.221387,0.260733,0.493220
-0.912850,0.266896,0.232459,0.269299,0.404580
-0.953990,0.259685,0.222646,0.261715,0.485550
-1.192600,0.215957,0.166484,0.215925,0.160460
-0.327220,0.342408,0.344511,0.349407,0.280740
-0.897750,0.269505,0.236047,0.272046,0.370080
1.383800,0.149668,0.092035,0.146943,0.076586
-0.006244,0.350592,0.358024,0.358354,0.824730
0.251560,0.336724,0.335699,0.343691,0.354930
2.120300,0.053173,0.020081,0.050141,0.021075
-0.355110,0.340405,0.341299,0.347257,0.327770
0.533870,0.302896,0.282830,0.307690,0.549850
1.212200,0.180547,0.123266,0.178825,0.095696
-0.067420,0.351213,0.358974,0.358975,0.615280
0.659950,0.282917,0.253169,0.286454,0.271520
-0.698550,0.301445,0.281582,0.305776,0.216160
-0.461430,0.331038,0.326485,0.337236,0.549820
0.533840,0.302900,0.282837,0.307695,0.549900
-0.376050,0.338774,0.338696,0.345509,0.371340
0.583430,0.295335,0.271456,0.299648,0.450050
-0.944320,0.261393,0.224956,0.263510,0.469500
-0.285320,0.345046,0.348770,0.352244,0.238450
-1.342000,0.188186,0.133963,0.187037,0.082227
0.123950,0.345819,0.350351,0.353340,0.771200
0.439760,0.316046,0.303017,0.321686,0.515230
-0.209990,0.348634,0.354628,0.356121,0.248390
0.356210,0.326221,0.318968,0.332518,0.344870
0.139940,0.344914,0.348889,0.352383,0.716530
0.546320,0.301035,0.280014,0.305710,0.530320
-3.273700,0.007765,0.001281,0.006888,0.000939
0.007128,0.350317,0.357588,0.358070,0.856800
-0.916740,0.266220,0.231533,0.268588,0.413290
0.224490,0.339005,0.339364,0.346115,0.419510
-0.029609,0.350952,0.358588,0.358723,0.753650
0.109680,0.346568,0.351561,0.354132,0.814360
-0.152010,0.350358,0.357487,0.358001,0.340500
1.864100,0.079295,0.035632,0.075825,0.035108
2.719700,0.017901,0.004161,0.016322,0.004941
0.305170,0.331670,0.327617,0.338317,0.302680
1.410100,0.145148,0.087791,0.142307,0.073830
0.396750,0.321471,0.311489,0.327462,0.423620
-0.088578,0.351185,0.358905,0.358930,0.535800
0.011190,0.350224,0.357440,0.357974,0.865070
-0.372110,0.339089,0.339198,0.345847,0.362710
-0.296920,0.344361,0.347660,0.351506,0.246680
-0.622880,0.312051,0.297366,0.317024,0.352210
1.025700,0.215850,0.163627,0.215654,0.117910
0.234030,0.338222,0.338105,0.345284,0.394070
1.264000,0.171002,0.113200,0.168934,0.089755
-1.090200,0.234991,0.190212,0.235813,0.375830
-0.413700,0.335574,0.333619,0.342083,0.458210
-0.444930,0.332666,0.329036,0.338974,0.523640
-0.708920,0.299917,0.279336,0.304158,0.205960
-0.103930,0.351087,0.358728,0.358814,0.481020
-0.086879,0.351192,0.358918,0.358938,0.542060
-1.741600,0.119768,0.065752,0.116684,0.043789
0.570840,0.297294,0.274386,0.301731,0.480030
-0.998340,0.251765,0.212044,0.253395,0.520210
-0.442650,0.332886,0.329382,0.339209,0.519450
1.156800,0.190917,0.134614,0.189603,0.102190
0.026197,0.349840,0.356827,0.357573,0.888950
-0.635680,0.310327,0.294777,0.315194,0.322500
-0.104630,0.351081,0.358717,0.358807,0.478610
-0.055050,0.351172,0.358919,0.358939,0.662120
0.091243,0.347455,0.352992,0.355068,0.859470
0.166380,0.343268,0.346232,0.350639,0.618430
-0.522190,0.324525,0.316366,0.330289,0.563440
0.614390,0.290413,0.264148,0.294416,0.372640
0.167230,0.343212,0.346141,0.350580,0.615210
-0.042280,0.351084,0.358790,0.358855,0.709300
0.111680,0.346467,0.351396,0.354025,0.808700
0.565430,0.298128,0.275637,0.302618,0.492200
-1.003100,0.250906,0.210907,0.252494,0.519490
0.586310,0.294883,0.270782,0.299168,0.442960
-0.815470,0.283307,0.255359,0.286596,0.218550
-0.975730,0.255820,0.217449,0.257653,0.511420
-1.069000,0.238897,0.195220,0.239903,0.427150
-0.066895,0.351212,0.358973,0.358974,0.617270
0.184390,0.342040,0.344252,0.349338,0.551300
0.085201,0.347725,0.353428,0.355353,0.871150
-1.137100,0.226299,0.179236,0.226722,0.260500
-0.044838,0.351105,0.358822,0.358876,0.700010
0.191190,0.341555,0.343470,0.348823,0.526770
-0.877160,0.273027,0.240923,0.275755,0.323780
-1.100400,0.233106,0.187812,0.233840,0.350060
0.768430,0.264042,0.226352,0.266441,0.159390
0.421590,0.318385,0.306660,0.324176,0.478320
0.532710,0.303068,0.283091,0.307873,0.551420
0.401400,0.320904,0.310599,0.326858,0.433880
0.546950,0.300940,0.279871,0.305609,0.529230
2.398900,0.032934,0.010156,0.030594,0.011229
-0.306240,0.343785,0.346730,0.350887,0.255220
0.139460,0.344942,0.348935,0.352413,0.718250
0.123230,0.345858,0.350414,0.353382,0.773500
0.455570,0.313956,0.299775,0.319461,0.542120
-1.105700,0.232125,0.186567,0.232814,0.336550
-1.542500,0.152302,0.095928,0.149971,0.060724
-1.079600,0.236946,0.192713,0.237860,0.402100
-0.068702,0.351215,0.358975,0.358976,0.610410
0.067162,0.348473,0.354633,0.356141,0.895680
-2.140600,0.067754,0.027363,0.064394,0.020183
0.159660,0.343704,0.346935,0.351101,0.643760
-0.207050,0.348744,0.354808,0.356239,0.251120
0.255840,0.336346,0.335094,0.343290,0.346960
-0.403320,0.336490,0.335068,0.343063,0.434120
-1.502400,0.159275,0.102946,0.157148,0.064541
-1.028300,0.246341,0.204892,0.247704,0.500950
1.195600,0.183639,0.126605,0.182035,0.097632
0.325540,0.329568,0.324273,0.336080,0.309700
-1.071900,0.238364,0.194533,0.239344,0.420490
0.651080,0.284398,0.255324,0.288027,0.288870
-0.001816,0.350506,0.357889,0.358266,0.836140
-0.465370,0.330640,0.325863,0.336811,0.554870
-0.796490,0.286379,0.259733,0.289840,0.200520
-0.280990,0.345292,0.349170,0.352510,0.236040
0.319160,0.330237,0.325336,0.336792,0.305990
0.496990,0.308248,0.290985,0.313385,0.575360
-0.091063,0.351174,0.358884,0.358916,0.526710
0.190690,0.341591,0.343528,0.348861,0.528540
0.066185,0.348511,0.354694,0.356181,0.896540
1.494100,0.131172,0.075199,0.128024,0.065348
-0.958940,0.258808,0.221463,0.260793,0.492780
1.100300,0.201617,0.146768,0.200761,0.108920
0.364440,0.325286,0.317492,0.331523,0.358530
-0.978090,0.255398,0.216885,0.257210,0.513250
0.061881,0.348676,0.354958,0.356353,0.899760
1.726500,0.096635,0.047587,0.093113,0.044949
-0.907870,0.267759,0.233644,0.270207,0.393260
-1.234600,0.208119,0.157048,0.207755,0.118610
-0.085402,0.351197,0.358928,0.358945,0.547520
-0.225930,0.348001,0.353587,0.355434,0.236880
-0.503040,0.326664,0.319674,0.332569,0.574670
-0.892030,0.270488,0.237404,0.273081,0.357000
-0.164370,0.350067,0.357001,0.357682,0.313750
-0.080911,0.351210,0.358953,0.358961,0.564260
0.561830,0.298680,0.276467,0.303205,0.500010
0.517740,0.305267,0.286432,0.310212,0.567370
-0.984050,0.254332,0.215460,0.256090,0.516950
-0.175880,0.349759,0.356488,0.357345,0.292410
0.195840,0.341216,0.342923,0.348463,0.510380
-1.250200,0.205210,0.153596,0.204727,0.108750
-0.637860,0.310031,0.294332,0.314879,0.317640
-0.934800,0.263067,0.227229,0.265270,0.451570
-1.350200,0.186677,0.132271,0.185472,0.081059
0.838490,0.251255,0.208884,0.252917,0.141680
-0.165590,0.350036,0.356949,0.357648,0.311320
-0.218330,0.348311,0.354097,0.355771,0.241700
0.028467,0.349776,0.356725,0.357507,0.891610
-0.034345,0.351007,0.358672,0.358778,0.737450
0.505780,0.306995,0.289067,0.312051,0.574050
-1.162300,0.221608,0.173410,0.221822,0.208450
0.061299,0.348697,0.354993,0.356376,0.900120
0.668560,0.281469,0.251069,0.284916,0.255950
-0.879010,0.272712,0.240486,0.275424,0.327830
-1.508500,0.158207,0.101859,0.156048,0.063954
-0.618150,0.312681,0.298313,0.317693,0.363650
0.117700,0.346154,0.350892,0.353694,0.790860
0.428910,0.317451,0.305204,0.323182,0.493750
0.218550,0.339481,0.340129,0.346621,0.436670
0.036045,0.349553,0.356369,0.357274,0.898580
-0.505670,0.326375,0.319226,0.332261,0.573980
-0.393530,0.337331,0.336401,0.343963,0.411230
0.039707,0.349440,0.356187,0.357156,0.900890
-0.570100,0.318839,0.307644,0.324237,0.481750
0.728600,0.271121,0.236268,0.273940,0.182270
-0.067755,0.351214,0.358974,0.358975,0.614010
0.495240,0.308495,0.291364,0.313648,0.575250
-0.500860,0.326903,0.320044,0.332824,0.575030
-0.475900,0.329560,0.324177,0.335659,0.565790
-0.548470,0.321464,0.311658,0.327030,0.526500
0.922000,0.235605,0.188306,0.236410,0.130490
0.137580,0.345052,0.349112,0.352529,0.724920
-0.240020,0.347384,0.352577,0.354767,0.231070
-0.985280,0.254111,0.215166,0.255858,0.517550
-0.944690,0.261328,0.224868,0.263441,0.470170
0.016829,0.350087,0.357222,0.357831,0.875300
0.627350,0.288310,0.261050,0.292182,0.341250
-0.174300,0.349804,0.356562,0.357393,0.295130
0.545980,0.301086,0.280092,0.305765,0.530920
-1.428300,0.172454,0.116711,0.170748,0.071991
0.902310,0.239325,0.193116,0.240328,0.132920
0.725700,0.271631,0.236988,0.274480,0.184580
0.275550,0.334549,0.332215,0.341379,0.318660
0.700760,0.275971,0.243160,0.279083,0.209270
-1.194900,0.215527,0.165962,0.215477,0.157400
-1.073200,0.238125,0.194226,0.239094,0.417530
0.220200,0.339350,0.339918,0.346481,0.431790
-0.832270,0.280551,0.251458,0.283688,0.240460
-0.474320,0.329724,0.324432,0.335833,0.564400
-0.537500,0.322759,0.313646,0.328409,0.544650
-0.510940,0.325791,0.318322,0.331639,0.571770
-0.520950,0.324665,0.316583,0.330440,0.564590
1.589300,0.116254,0.062657,0.112873,0.056431
0.013428,0.350171,0.357355,0.357918,0.869300
-1.475600,0.164001,0.107807,0.162019,0.067178
-2.379200,0.045713,0.015289,0.042763,0.011770
-0.669830,0.305586,0.287704,0.310164,0.255480
0.793790,0.259459,0.220024,0.261590,0.150930
-0.355340,0.340388,0.341271,0.347239,0.328200
-0.061095,0.351197,0.358955,0.358962,0.639300
0.905210,0.238778,0.192405,0.239752,0.132560
-0.998700,0.251700,0.211958,0.253327,0.520180
-0.908110,0.267717,0.233587,0.270164,0.393820
0.554020,0.299871,0.278259,0.304472,0.516010
-1.310500,0.194003,0.140562,0.193075,0.087755
-0.079171,0.351213,0.358961,0.358966,0.570790
0.832150,0.252427,0.210461,0.254155,0.142740
-0.404100,0.336422,0.334961,0.342991,0.435940
0.472230,0.311700,0.296290,0.317059,0.562810
0.134300,0.345241,0.349417,0.352729,0.736430
1.730100,0.096151,0.047236,0.092628,0.044667
0.553950,0.299882,0.278275,0.304483,0.516150
-0.531120,0.323501,0.314787,0.329199,0.553470
-1.218600,0.211104,0.160618,0.210866,0.131530
0.266060,0.335426,0.333619,0.342312,0.330530
-0.380450,0.338418,0.338129,0.345127,0.381170
-0.418910,0.335105,0.332877,0.341581,0.470060
0.199190,0.340969,0.342524,0.348200,0.498800
0.370230,0.324620,0.316440,0.330813,0.369020
-0.671450,0.305356,0.287362,0.309920,0.252840
-0.490110,0.328064,0.321847,0.334062,0.574040
0.327910,0.329317,0.323874,0.335813,0.311420
2.065700,0.058093,0.022780,0.054942,0.023628
-0.921380,0.265413,0.230428,0.267738,0.423520
-0.885340,0.271633,0.238989,0.274287,0.341870
-0.720700,0.298162,0.276764,0.302299,0.196900
-1.076600,0.237499,0.193422,0.238438,0.409370
0.103780,0.346862,0.352035,0.354443,0.830250
-0.925560,0.264684,0.229432,0.266971,0.432530
0.715150,0.273475,0.239603,0.276436,0.193940
-0.000175,0.350473,0.357836,0.358232,0.840170
-0.023164,0.350868,0.358457,0.358638,0.774860
0.529690,0.303515,0.283768,0.308348,0.555280
-0.998490,0.251738,0.212008,0.253366,0.520200
0.102080,0.346945,0.352169,0.354530,0.834580
-0.945620,0.261164,0.224646,0.263269,0.471800
-0.070669,0.351217,0.358976,0.358976,0.602940
-2.298300,0.052457,0.018694,0.049336,0.014222
0.917110,0.236530,0.189497,0.237384,0.131090
-0.122550,0.350880,0.358370,0.358580,0.420220
-0.083204,0.351204,0.358942,0.358954,0.555690
-1.078400,0.237167,0.192996,0.238091,0.404910
0.159820,0.343693,0.346919,0.351090,0.643140
-0.640470,0.309675,0.293799,0.314501,0.311930
0.808480,0.256779,0.216359,0.258755,0.147320
-0.491470,0.327918,0.321621,0.333907,0.574420
0.281210,0.334015,0.331361,0.340812,0.313140
-0.136470,0.350663,0.358001,0.358338,0.379820
0.110480,0.346528,0.351495,0.354090,0.812110
0.685000,0.278678,0.247041,0.281954,0.229890
1.036200,0.213844,0.161204,0.213551,0.116630
0.561230,0.298772,0.276605,0.303303,0.501290
-0.078594,0.351214,0.358963,0.358968,0.572960
0.376880,0.323845,0.315219,0.329988,0.381820
-0.277970,0.345462,0.349445,0.352692,0.234580
0.086149,0.347684,0.353360,0.355309,0.869430
0.184530,0.342031,0.344236,0.349327,0.550800
-0.987890,0.253643,0.214542,0.255367,0.518610
-0.517600,0.325044,0.317168,0.330843,0.567420
0.456500,0.313831,0.299583,0.319328,0.543500
-0.331490,0.342114,0.344038,0.349091,0.287000
-0.603380,0.314621,0.301239,0.319753,0.400310
0.008386,0.350289,0.357543,0.358041,0.859440
0.550110,0.300463,0.279152,0.305102,0.523470
0.492010,0.308951,0.292063,0.314134,0.574730
-0.770630,0.290490,0.265628,0.294183,0.187260
-0.567020,0.319218,0.308223,0.324641,0.488690
-0.059352,0.351191,0.358946,0.358957,0.645900
-1.076800,0.237462,0.193374,0.238400,0.408790
-1.499800,0.159732,0.103412,0.157618,0.064799
-0.942220,0.261763,0.225458,0.263899,0.465710
1.749600,0.093559,0.045372,0.090034,0.043183
0.323630,0.329769,0.324592,0.336294,0.308450
-0.320120,0.342886,0.345281,0.349921,0.271140
-1.784900,0.113222,0.060221,0.110032,0.040569
-0.973880,0.256150,0.217892,0.258000,0.509840
-0.806370,0.284785,0.257461,0.288157,0.209020
0.036520,0.349539,0.356345,0.357259,0.898920
-1.042200,0.243808,0.201582,0.245048,0.480990
0.053130,0.348994,0.355470,0.356687,0.903310
0.758840,0.265761,0.228743,0.268261,0.163610
0.117420,0.346169,0.350915,0.353710,0.791720
0.065639,0.348532,0.354728,0.356203,0.897000
-1.609900,0.140875,0.084836,0.138240,0.054599
0.143480,0.344704,0.348551,0.352161,0.703770
-0.041442,0.351077,0.358779,0.358848,0.712330
0.933530,0.233420,0.185504,0.234109,0.129080
0.016885,0.350085,0.357219,0.357830,0.875390
-1.088900,0.235231,0.190518,0.236064,0.378960
-0.353190,0.340549,0.341529,0.347412,0.324080
-1.060400,0.240477,0.197258,0.241557,0.446290
-0.458610,0.331321,0.326927,0.337537,0.545900
-0.593800,0.315857,0.303111,0.321067,0.424390
-0.999830,0.251496,0.211688,0.253113,0.520080
