0.13007
-0.62322
-1.3889
-2.532
2.5537
-2.7668
-0.66881
-1.751
-2.5304
-0.35112
-2.4997
-1.0184
-0.69982
-2.8357
-1.7377
-2.9004
-2.5242
-2.2445
-2.6503
-2.2158
-2.1048
-0.56964
-0.8179
-0.36061
-2.5027
-2.5576
-2.7274
-2.7943
-2.7301
-1.5564
-1.9238
-2.5036
-2.55
-2.6581
-2.1867
-1.2863
-1.623
-1.7696
-2.8685
-2.8135
-2.7397
-0.73614
-2.6495
-2.8297
-2.7905
-2.7507
-2.248
-0.90482
-2.1902
-0.29015
-1.4392
1.1526
-1.4878
-1.1116
-2.8674
-0.73746
-2.8052
-2.6678
-2.6551
-1.7861
-2.0304
-1.6023
-2.7008
-2.8621
-1.8129
-2.5942
-2.8141
-2.1253
-2.5406
-2.106
-1.8653
-2.1802
-2.0631
-0.99067
-2.438
-1.0313
-2.3727
-2.4211
-2.6668
-2.688
-2.5527
-1.657
-0.31535
-2.8514
-0.40845
-1.0819
-2.7546
0.76562
-1.8758
-2.5834
-0.38921
-2.7519
-2.6418
-1.7826
-0.98186
-2.5052
-0.067944
-2.1731
-0.76281
-2.296
-1.7829
-2.7413
-1.9272
-2.4534
-1.6072
-2.7001
-2.0486
-2.464
-2.9297
-2.5325
-1.0752
-2.7669
0.16116
-0.96823
-2.0667
-1.8589
-2.4063
-1.3321
-2.4518
-2.2688
-1.3701
-2.1826
-2.8186
-1.5618
-1.0153
1.3572
0.80772
-1.5951
-2.7795
-2.7851
-2.4538
-1.5394
-2.6457
-1.0738
0.069894
-2.7609
-2.4743
-2.3145
-2.0737
-0.8917
-2.5105
1.1943
-0.34274
-2.7169
-1.9235
-2.6153
-1.5628
-2.7799
-0.68873
0.27147
-2.8294
-2.7634
-2.8586
-0.51046
0.45924
-2.5282
-2.8225
-2.375
-2.5771
-2.7125
-1.3919
-2.7394
-1.5071
-2.8184
-2.8204
-2.6326
1.3546
-1.9384
-2.6919
-2.6344
-2.5848
-0.029634
-1.8296
-2.5196
-2.511
-2.3717
-2.6942
-2.6971
-1.3715
-2.419
-2.337
-2.8636
-0.39683
-1.7981
-2.5877
-2.613
-0.1067
-2.4839
-2.5403
-2.2171
-2.038
-2.7942
0.21756
-2.478
-2.8734
-2.4969
-2.1045
-2.3636
-2.7566
0.16186
-2.3933
-2.5413
-2.8609
-2.8059
-1.4347
-0.35165
-1.0899
-1.3789
-1.4238
-2.8319
-2.7697
-2.3903
-1.4532
-1.8996
-0.032821
-1.0817
1.1554
-2.7898
-2.7087
-0.87265
-2.7527
0.81632
-2.4281
-2.7622
-2.8457
-2.0012
-2.7786
-2.8112
-2.7033
-1.3705
-2.1527
-2.6914
-1.1776
-2.6808
-2.3292
-1.8663
-2.6902
-2.8171
-2.0735
-2.3645
-2.1854
-0.31896
-1.9653
-2.7207
-2.7632
-2.6272
-1.0293
-2.6905
-2.7691
-0.90283
-2.7693
-2.8245
-2.7795
-1.3722
-2.3843
-0.39565
-1.5272
-0.39606
-1.1717
-1.4598
-2.9126
-2.7646
-1.9665
-2.3107
-2.9688
-2.5741
-1.9071
-2.8504
-0.82529
-2.5771
-2.9058
-2.5004
-2.0008
-2.4935
-2.6407
-0.021112
-2.2841
-1.8374
-2.8794
-1.2709
1.3379
-1.2341
-2.1623
-2.1771
-1.3499
0.45678
-1.6452
-0.25828
-2.7833
-2.7133
-2.6933
-1.7965
-0.64352
-2.7156
-2.7048
-0.32559
-1.3588
-2.1177
-2.6614
-2.857
-2.0341
-2.1408
-2.5874
-2.8832
-0.016038
-2.5755
-1.1186
1.0073
-2.5823
-2.6836
-1.8718
-2.684
-1.1894
1.2446
-2.4296
-2.8099
-0.87028
-1.3193
-0.87222
-2.8219
-2.4546
-1.9042
-0.57602
-2.2751
-2.1886
-1.4111
-2.1481
-2.0387
-2.3356
-0.73181
-2.8688
-2.911
-2.8304
-2.2898
-0.073133
-2.8102
-2.9142
-1.9109
-2.7271
-0.19641
-2.4382
-2.3653
-2.8867
-2.4743
-2.8522
-2.8327
-0.99448
-0.65045
-1.85
-0.77398
-2.6948
-1.5756
-1.4459
-0.99393
-2.6162
-2.9358
-0.64464
-0.32482
-1.8314
-2.1192
-2.7679
-2.6231
-2.8069
-2.0025
-2.1839
-1.6853
-2.603
-1.763
-2.3377
-0.91771
-2.59
-2.8467
-2.6425
-2.4725
-2.1558
-0.98243
-2.907
-2.8379
0.90764
-2.8952
-0.96025
-2.4817
-2.833
-2.6143
-2.7914
-1.6405
-1.1007
-2.7798
-1.4006
-1.2216
-1.597
-2.6652
-2.3817
-2.1517
-2.789
-1.4271
-1.926
-2.8039
-1.6304
-2.8554
-1.8707
-2.7555
-1.2791
-2.5509
-0.94102
-2.7672
-2.4743
-2.4178
-2.5972
-0.43767
-2.9462
-1.9233
-2.6949
-2.5297
-1.4282
-2.6844
-2.6015
-1.6876
-2.8477
0.71732
-0.64589
-2.8077
-2.3217
-2.6077
-2.0817
-2.6359
-2.815
-2.8848
-2.6479
-0.96841
-2.8025
0.080203
1.3712
-1.6174
-2.8319
-2.7208
-2.314
-2.7148
-1.7228
-2.592
-1.8736
-2.6012
-2.7839
-1.4719
-2.8111
-2.1096
-1.7663
-2.4724
-2.2505
-1.5581
-2.6471
0.22899
-2.8169
-0.043386
-0.51175
-2.2095
-2.7619
-2.8468
-1.6406
-2.7381
-2.9199
-2.5417
-2.6795
-1.0717
-2.8773
-2.455
-2.3333
-1.0083
-2.7761
-2.3062
-0.49626
-2.3302
-1.976
-2.3155
-2.7842
-2.0408
-0.83366
-1.7866
-2.2073
-1.0623
-2.4955
-2.8168
-2.3816
-0.17674
-2.7617
0.13773
-0.25048
-2.8489
-0.8225
-2.3288
-2.2852
-2.428
-2.8283
-1.4378
-2.8974
-1.3149
-2.3638
-2.8257
-1.8974
-2.1293
-2.8104
-2.5445
-1.9644
-2.6667
-2.8838
0.89951
-2.1556
-1.7589
-2.5174
-0.95874
-2.0374
-2.3959
-2.609
-2.7963
-2.867
-1.5618
-2.7872
-1.4048
-2.4852
-2.0005
-1.5078
-0.5887
-0.67995
-2.4569
-2.3961
-0.89519
-0.47023
-2.0976
1.1167
-2.7796
-2.689
-2.1769
-2.0342
-2.8471
-2.7656
-1.7582
-2.5289
-2.2656
-1.9724
-0.23048
-1.7311
-2.6422
-2.8104
-2.5841
-1.9152
-1.9592
-2.1067
-2.4094
-1.4823
-2.8532
-2.8296
-2.8281
-1.944
-2.8434
-2.765
-2.291
-2.9132
-1.9987
-2.8697
-2.776
-1.8766
-2.3494
-1.4557
-0.36178
-2.1978
-1.0642
-2.9231
-2.2042
-2.8311
-2.7137
-2.7871
-2.3504
-1.7107
-1.0601
-1.5014
-2.3693
-2.7738
-2.8393
-2.6779
1.8912
-2.8112
-2.615
-0.16862
-2.8135
-2.3901
-2.8251
-2.5952
-2.1542
-2.4983
0.56392
-2.8969
-2.6015
-2.1846
-3.0136
-2.1625
-1.1739
-0.98481
-2.324
-2.5701
-1.1672
-2.6074
-2.8248
-2.6334
-2.7929
-2.5932
-2.439
-2.5528
-1.5155
1.2424
-2.7737
-2.9588
-2.0702
0.079821
-2.5366
-2.8821
-2.5334
-2.8779
-2.6836
0.059807
-2.4198
-2.8914
-2.5775
-2.8423
-1.7605
-1.5629
-1.039
-1.734
-1.2238
-2.5637
-2.7034
-1.8144
-0.87225
0.92922
-1.689
-2.7953
-1.621
-2.8625
0.47231
-2.7273
-0.58078
0.070046
-2.2116
-1.1813
-1.5709
-0.34812
-0.87482
-2.7285
-2.6338
-2.8202
-2.1099
-2.3084
-2.0939
-2.7834
-0.44646
-0.57888
-2.7098
-1.1702
-0.86641
-2.7452
-2.7041
-2.9124
-2.7802
-0.81769
0.80669
-2.7555
-2.4353
-2.787
-1.7312
-2.7023
-2.9438
-0.54752
-1.9281
-1.4634
-2.8547
-1.8712
-1.9506
-1.9508
-2.7148
-1.1172
-1.1227
-2.4301
-2.978
-2.8352
-0.083616
-1.0336
-1.2425
-2.7193
-2.7303
-2.9086
-2.1855
-0.57434
-2.976
-2.6406
-2.6425
-0.81695
-0.96991
-1.8421
-1.3578
-2.5052
-0.57455
-2.8285
-2.8711
-2.5596
-1.1217
1.3691
-2.7394
-2.715
-1.5029
-2.8221
-2.1345
-2.1724
-2.751
-1.7194
-0.8871
-1.9354
-2.7229
-2.2448
-2.7191
0.89371
-2.3643
-2.6559
-0.72189
-1.483
-2.0367
-1.9651
-2.6492
-0.23804
-1.0925
-2.6229
-2.7866
-2.3206
-2.5416
0.51284
-1.0108
-2.8105
-2.8721
-2.5662
-2.2565
-1.9645
-2.1276
-1.9337
-1.5801
-2.4151
-1.3925
-2.8272
-2.2578
-0.8469
-2.5814
-2.5599
-2.1256
-2.326
-1.7998
-2.8565
0.49477
-2.6725
-2.6664
-2.819
-2.5939
-2.4774
-2.4282
0.62917
-2.5672
-1.9517
-2.4451
-0.20259
-2.3828
-2.6241
-0.030006
-2.767
-2.7576
-2.7749
-1.2987
-2.4692
-1.6831
-1.4765
-0.42328
-2.4154
-2.886
-1.8879
-2.6716
-2.8889
-2.1397
-2.7317
-1.1646
-2.7865
-2.6374
-2.6783
-1.5252
-1.6748
-1.7318
-2.4609
-1.6594
-2.7187
-2.3472
-2.5697
-2.6671
-2.605
-1.0266
-2.7556
-2.3883
-0.51384
-2.5813
-2.7381
-1.7151
-0.29864
-2.6361
-1.7279
-0.16313
-2.4754
-0.21872
-1.5628
-2.2027
-1.5709
-0.7712
-2.2633
-0.77252
-2.6671
0.37958
-2.5861
-0.95368
-2.1975
-1.894
-2.6184
-2.606
-0.71009
-2.8109
-2.387
1.1724
-2.6553
-2.5724
-1.6766
-0.49731
-1.9027
-1.045
-2.4946
-2.2952
-0.048314
-1.4384
-0.98953
-2.7399
-2.7422
-2.6781
-2.5459
-2.4227
-2.7591
-1.5707
-0.46633
-0.69954
-2.4206
-2.6244
-1.8835
-2.0363
0.77338
-2.3452
-1.5338
-2.651
-0.17534
-2.4424
1.1176
-2.8507
-1.7319
-2.8872
-2.6296
-2.1703
-2.7717
-2.3328
-1.9148
-2.4779
-0.53136
-1.3009
-2.2393
0.045234
-1.762
-1.4311
-2.6995
-2.5957
-2.8215
-2.247
-0.55526
-2.7969
-0.58412
-2.6729
-0.075972
0.74811
-2.6204
-2.2575
1.4079
-1.8333
-2.0889
-2.755
-2.4685
-0.27738
-2.3093
-2.2458
-1.4927
-2.4988
-1.7307
-2.597
-2.2707
-0.088744
-2.8529
-2.5284
-2.7336
-2.7612
-2.8511
-0.53078
-2.8126
-2.5479
-1.9471
-1.3491
-2.4832
-2.1931
-2.5439
-2.4592
-2.5097
-2.0312
-1.435
-1.8829
-1.259
-0.82926
-1.0761
-2.7927
-2.7293
-0.053437
-0.66192
-2.1548
-1.6567
-2.6042
-2.4837
-1.7944
-2.7773
-0.91365
-1.5975
-2.572
-0.40835
-2.7818
-2.624
-2.5636
0.27902
-2.2395
-2.7138
-2.7938
-1.5751
-2.8731
-2.0955
-2.4173
-2.6491
-1.8108
-2.902
-2.8275
-2.8433
-2.7811
-0.46806
-1.8697
-2.6846
-1.7067
-2.8298
-1.6922
-2.6544
-1.7734
-2.8457
-2.8619
-1.4793
-0.59004
-1.994
-1.9271
-2.8667
-2.7206
-2.6683
-2.3079
-2.7829
-1.9121
-2.789
-2.2629
-2.2366
-1.8057
-0.75472
-1.9683
0.47693
-2.2664
-0.94113
-2.9101
-1.4344
-2.4014
-2.2525
-1.6277
-2.8208
-2.639
-2.7745
0.85543
-2.0886
-1.3183
-2.7
-2.7256
-2.2702
-1.5044
-2.5731
-2.7008
-1.0758
-1.277
