-0.045385,2.659956,2.608992,2.695913,3.279800
-0.119510,1.787425,1.479305,1.787288,1.798000
-0.154570,1.322653,0.965226,1.309774,1.127000
-1.268000,0.011026,0.011146,0.011228,0.017860
-0.010545,2.858070,2.895396,2.904852,3.611400
-0.027921,2.783430,2.786019,2.825955,3.494000
-0.040313,2.700443,2.666534,2.738503,3.351000
0.529330,0.032370,0.031747,0.032219,0.034691
-0.007009,2.866909,2.908494,2.909159,3.622500
0.095648,2.232871,2.027230,2.249174,2.312800
0.050049,2.704687,2.672592,2.743622,3.208500
0.167700,1.279663,0.919569,1.265965,0.919560
0.019914,2.860869,2.899957,2.908145,3.560800
0.051616,2.692631,2.655311,2.730933,3.183300
0.122470,1.881105,1.587716,1.883810,1.736200
-0.123440,1.734288,1.417267,1.732464,1.716000
-0.035674,2.734238,2.714937,2.774089,3.409900
-0.046131,2.653700,2.600144,2.689336,3.268700
-0.242360,0.459860,0.225524,0.440114,0.229220
-0.095401,2.108557,1.870963,2.119825,2.318100
0.078803,2.432440,2.292401,2.457733,2.672600
-0.061560,2.508449,2.397856,2.536924,3.011300
-0.043894,2.672230,2.626387,2.708820,3.301400
0.026446,2.839916,2.869113,2.886079,3.507900
0.128240,1.802914,1.494849,1.802996,1.617700
-1.513000,0.003392,0.002039,0.003372,0.012704
0.155170,1.441030,1.088209,1.430877,1.117000
-0.056509,2.559171,2.467817,2.590086,3.101300
-0.129680,1.650071,1.320605,1.645692,1.588700
-0.146010,1.433006,1.081231,1.422726,1.276400
0.110700,2.038792,1.780345,2.047232,1.985800
-0.136110,1.558971,1.217885,1.551924,1.461700
-0.058498,2.539544,2.440660,2.569508,3.066400
0.145830,1.565001,1.223170,1.558001,1.279600
0.023500,2.850289,2.884374,2.897006,3.533500
-0.085311,2.236566,2.034911,2.252966,2.535600
0.066957,2.556812,2.463458,2.588153,2.910000
0.062773,2.596897,2.519535,2.630256,2.989000
0.027783,2.834712,2.861466,2.880596,3.495300
-0.025947,2.794441,2.802033,2.837577,3.512400
-0.098676,2.065918,1.817335,2.075551,2.246800
0.140620,1.635090,1.301491,1.630035,1.375800
-0.051561,2.605941,2.532970,2.639164,3.184200
-0.900910,0.031687,0.031077,0.032146,0.026593
0.077293,2.449118,2.315082,2.475203,2.703800
0.016383,2.869067,2.912036,2.916768,3.583400
-0.690820,0.027611,0.027207,0.027210,0.031433
0.063220,2.592718,2.513668,2.625865,2.980700
0.116970,1.955208,1.677352,1.960535,1.851600
-0.750530,0.028871,0.028340,0.028500,0.030109
-0.468100,0.048294,0.048197,0.048209,0.035826
-0.095574,2.106316,1.868132,2.117497,2.314400
0.143110,1.601528,1.263807,1.595527,1.329400
0.082747,2.387848,2.232155,2.411054,2.590000
0.106370,2.095730,1.851653,2.106385,2.079400
-0.002557,2.874886,2.920360,2.922700,3.630100
0.148920,1.523713,1.177711,1.515622,1.224400
-0.205130,0.756667,0.440915,0.735781,0.477150
-0.110200,1.912946,1.629012,1.917020,1.996500
-0.150980,1.368568,1.013008,1.356736,1.188300
0.128720,1.796399,1.487191,1.796269,1.608000
0.010112,2.878139,2.925381,2.926283,3.613000
0.124090,1.859184,1.561504,1.861140,1.702700
-0.044104,2.670520,2.623960,2.707021,3.298400
-0.001931,2.875724,2.921611,2.923593,3.630600
0.181690,1.108584,0.749946,1.091832,0.728570
0.173070,1.212730,0.852043,1.197749,0.842480
0.032716,2.812872,2.829438,2.857583,3.444100
-0.022503,2.812133,2.827850,2.856260,3.541500
-0.041207,2.693570,2.656732,2.731269,3.338900
0.022003,2.854981,2.891282,2.901947,3.545400
0.021019,2.857850,2.895509,2.904968,3.552800
0.076786,2.454667,2.322645,2.481017,2.714200
0.046446,2.731031,2.710495,2.771360,3.264000
-0.187930,0.929785,0.587362,0.910233,0.653490
-0.063535,2.487847,2.369644,2.515348,2.974800
0.071659,2.509279,2.397558,2.538270,2.818000
0.107210,2.084743,1.837821,2.094965,2.061100
-0.205090,0.757044,0.441219,0.736160,0.477500
0.087215,2.335651,2.162363,2.356472,2.495000
-0.883320,0.033091,0.033285,0.033587,0.027014
0.213380,0.767424,0.443862,0.746968,0.407600
-0.234560,0.513220,0.260469,0.492863,0.268180
0.052264,2.687542,2.648028,2.725577,3.172800
0.121820,1.889890,1.598261,1.892900,1.749800
0.060711,2.615846,2.546203,2.650169,3.026800
-0.102390,2.017054,1.756486,2.024861,2.166000
0.164360,1.322013,0.963040,1.309184,0.969710
-0.006438,2.868129,2.910306,2.915519,3.623900
0.103920,2.127595,1.891966,2.139522,2.132600
0.847290,0.038498,0.038287,0.038850,0.027869
-0.007447,2.865933,2.907046,2.913189,3.621300
0.195570,0.950551,0.602389,0.931658,0.569690
0.052214,2.687937,2.648593,2.725992,3.173600
0.071099,2.515073,2.405555,2.544347,2.829100
0.113570,2.000678,1.733131,2.007677,1.924000
-0.131770,1.621961,1.288802,1.616761,1.547000
0.039381,2.776917,2.776965,2.819695,3.363300
-2.085700,0.001272,0.000276,0.001181,0.004534
0.019073,2.863023,2.903129,2.910411,3.566600
0.010149,2.878106,2.925333,2.926249,3.612800
-0.437230,0.049904,0.048713,0.048858,0.036520
0.043454,2.751414,2.739951,2.792828,3.307700
-0.021415,2.817316,2.835432,2.861736,3.549900
-0.091359,2.160501,1.936958,2.173811,2.405800
0.033835,2.807347,2.821354,2.851761,3.431500
-0.092941,2.140267,1.911164,2.152775,2.371500
-0.176450,1.057193,0.703446,1.039313,0.796410
0.052894,2.682537,2.640872,2.720309,3.162400
-0.131680,1.623170,1.290166,1.618005,1.548700
-0.027157,2.787766,2.792320,2.830531,3.501300
-0.033298,2.750302,2.738066,2.791017,3.437600
0.044048,2.747477,2.734253,2.788681,3.299200
-0.094580,2.119172,1.884390,2.130853,2.336000
0.083331,2.381123,2.223119,2.404019,2.577700
-0.145250,1.442941,1.091869,1.432909,1.290100
-0.015321,2.842661,2.872648,2.888535,3.589400
0.072331,2.502282,2.387911,2.530931,2.804500
0.391590,0.052368,0.031992,0.048869,0.038639
0.024943,2.845397,2.877174,2.891853,3.521300
0.133550,1.730828,1.410795,1.728622,1.511700
0.114400,1.989607,1.719495,1.996195,1.906400
-0.068149,2.438136,2.302055,2.463328,2.887000
0.043626,2.750280,2.738309,2.791633,3.305300
-0.061208,2.512077,2.402836,2.540724,3.017700
-0.003139,2.874044,2.919105,2.921804,3.629500
0.026598,2.839339,2.868266,2.885472,3.506500
0.037107,2.790002,2.796023,2.833482,3.392300
0.037814,2.786023,2.790223,2.829290,3.383500
0.650150,0.033173,0.032701,0.032822,0.032302
0.056473,2.653038,2.598843,2.689275,3.101900
-0.723520,0.028024,0.027625,0.027683,0.030715
-0.007852,2.865003,2.905665,2.907136,3.620200
0.000892,2.878632,2.925963,2.926697,3.631200
0.153690,1.460497,1.109096,1.450815,1.141900
0.095903,2.229686,2.023091,2.245852,2.307200
0.039195,2.778018,2.778567,2.820856,3.365700
-0.048494,2.633391,2.571499,2.667994,3.232800
-0.075893,2.350152,2.184091,2.371397,2.732500
0.154690,1.447335,1.094962,1.437334,1.125000
0.104760,2.116701,1.878151,2.128191,2.114300
0.122310,1.883268,1.590311,1.886048,1.739500
0.233620,0.588371,0.304267,0.567574,0.273320
-0.108820,1.931448,1.651450,1.936169,2.026300
0.048401,2.716977,2.690250,2.751496,3.234300
-0.070233,2.414995,2.270824,2.439132,2.846200
0.161290,1.361387,1.003963,1.349406,1.017500
0.149350,1.517987,1.171447,1.509748,1.216800
-0.024065,2.804350,2.816480,2.848040,3.528800
0.118100,1.940032,1.658866,1.944812,1.827700
0.009245,2.878838,2.926404,2.927011,3.616000
-0.019502,2.825949,2.848082,2.865795,3.563600
-0.125350,1.708478,1.387424,1.705855,1.676700
0.073696,2.487916,2.368151,2.515866,2.777100
0.032787,2.812528,2.828934,2.857220,3.443300
0.094149,2.251509,2.051509,2.268613,2.345300
0.002025,2.879396,2.927115,2.927518,3.630600
0.012760,2.875168,2.921019,2.923174,3.602200
-0.029312,2.775296,2.774213,2.817374,3.480300
0.153550,1.462342,1.111082,1.452705,1.144200
-0.895250,0.032220,0.031931,0.032703,0.026729
0.018954,2.863317,2.903563,2.910721,3.567400
-0.120180,1.778366,1.468672,1.777937,1.783900
-0.119770,1.783909,1.475176,1.783659,1.792600
-0.094145,2.124783,1.891500,2.136683,2.345400
0.057062,2.648013,2.591709,2.683990,3.091700
-0.112440,1.882840,1.592705,1.885875,1.948300
-0.067791,2.442069,2.307379,2.467442,2.893900
0.095854,2.230298,2.023886,2.246491,2.308300
0.015851,2.870110,2.913573,2.917864,3.586500
-0.102350,2.017583,1.757141,2.025409,2.166800
-0.058254,2.541977,2.444020,2.572057,3.070700
0.023344,2.850797,2.885121,2.897540,3.534800
-0.175570,1.067325,0.712958,1.049600,0.808300
0.015681,2.870433,2.914048,2.918203,3.587400
-0.101470,2.029204,1.771555,2.037460,2.185900
0.136560,1.690008,1.363865,1.686561,1.453100
-0.038579,2.713445,2.685116,2.752190,3.373700
-0.009490,2.860938,2.899641,2.907891,3.615200
0.033200,2.810508,2.825978,2.855092,3.438700
-0.024972,2.799647,2.809619,2.843073,3.521000
0.016023,2.869778,2.913084,2.917516,3.585500
0.051397,2.694338,2.657754,2.732729,3.186900
0.014323,2.872824,2.917570,2.920715,3.594600
0.053233,2.679820,2.636991,2.717450,3.156800
0.088592,2.319231,2.140570,2.339313,2.465400
-0.034717,2.740811,2.724392,2.781015,3.421200
-0.098388,2.069685,1.822054,2.079462,2.253100
0.207280,0.827525,0.494286,0.807463,0.458150
-0.117320,1.817023,1.514209,1.817850,1.844300
0.029382,2.828086,2.851737,2.873614,3.479600
0.024214,2.847914,2.880878,2.894504,3.527500
0.189220,1.021283,0.667286,1.003264,0.638730
0.061915,2.604848,2.530713,2.638610,3.004800
0.157290,1.413279,1.058633,1.402472,1.081800
0.091027,2.289834,2.101747,2.308611,2.413000
0.195850,0.947495,0.599629,0.928567,0.566790
0.081082,2.406850,2.257757,2.430940,2.625000
0.039047,2.778891,2.779837,2.821775,3.367700
0.044846,2.742102,2.726480,2.783020,3.287700
0.426110,0.037262,0.030104,0.035220,0.036851
0.142670,1.607451,1.270433,1.601615,1.337400
0.118790,1.930752,1.647595,1.935199,1.813100
0.083423,2.380061,2.221693,2.402908,2.575700
-0.055918,2.564913,2.475783,2.596109,3.111400
0.019512,2.861914,2.901496,2.909245,3.563600
0.120440,1.908520,1.620694,1.912181,1.778500
-0.559850,0.039269,0.036808,0.039154,0.034117
-0.154060,1.329141,0.971936,1.316407,1.135700
0.104440,2.120855,1.883415,2.132511,2.121400
-1.270000,0.010992,0.011073,0.011190,0.017816
0.124890,1.848348,1.548597,1.849937,1.686200
-0.052271,2.599416,2.523842,2.632312,3.172600
-0.032154,2.757729,2.748786,2.798846,3.450300
-0.087295,2.211853,2.002916,2.227237,2.493300
0.189580,1.017201,0.663489,0.999127,0.634560
-0.092393,2.147291,1.920105,2.160076,2.383400
0.041352,2.764903,2.759507,2.807038,3.337000
-0.007027,2.866870,2.908435,2.914182,3.622400
-0.131890,1.620349,1.286986,1.615103,1.544500
-0.006168,2.868686,2.911133,2.916110,3.624500
0.124670,1.851328,1.552144,1.853018,1.690700
0.107120,2.085922,1.839303,2.096190,2.063200
0.062662,2.597931,2.520988,2.631342,2.991000
-0.095461,2.107780,1.869981,2.119018,2.316800
-0.197530,0.830429,0.501633,0.809966,0.549650
-0.049421,2.625223,2.560011,2.659412,3.218400
0.091456,2.284609,2.094873,2.303155,2.403700
0.135560,1.703563,1.379395,1.700523,1.472400
-0.029294,2.775404,2.774369,2.817487,3.480400
-0.000606,2.877267,2.923918,2.925238,3.631200
-0.269370,0.308746,0.137279,0.292069,0.133910
-0.021188,2.818372,2.836978,2.857787,3.551600
0.041024,2.766945,2.762472,2.809189,3.341400
0.031270,2.819701,2.839441,2.864779,3.459900
0.016012,2.869800,2.913115,2.917538,3.585500
-0.047658,2.640661,2.581740,2.675632,3.245700
0.059507,2.626655,2.561461,2.661531,3.048500
-0.044700,2.665633,2.617032,2.701882,3.289800
0.124400,1.854986,1.556500,1.856799,1.696100
0.021429,2.856675,2.893778,2.903731,3.549800
-0.214380,0.672893,0.375201,0.651826,0.399810
0.007395,2.879875,2.927912,2.928086,3.621500
0.113360,2.003475,1.736582,2.010580,1.928500
-0.005069,2.870820,2.914304,2.918376,3.626700
0.798830,0.039513,0.039751,0.039889,0.029004
0.132600,1.743722,1.425720,1.741916,1.530400
-0.163080,1.216250,0.857252,1.201142,0.989510
-0.081351,2.285116,2.098247,2.303553,2.619400
0.064485,2.580756,2.496899,2.613298,2.957000
0.022052,2.854834,2.891065,2.901791,3.545000
0.187470,1.041249,0.685947,1.023502,0.658790
0.062232,2.601921,2.526596,2.635535,2.999000
0.018740,2.863841,2.904335,2.911272,3.568800
0.148160,1.533845,1.188820,1.526018,1.237900
-0.021185,2.818386,2.836999,2.857802,3.551600
-0.037929,2.718206,2.691932,2.757203,3.382000
0.030255,2.824284,2.846160,2.869608,3.470600
-0.147930,1.408000,1.054597,1.397106,1.242000
0.166970,1.288874,0.928975,1.275361,0.930420
-0.149220,1.391277,1.036897,1.379981,1.219200
0.074681,2.477426,2.353759,2.504868,2.757200
-0.015946,2.840352,2.869248,2.886093,3.585900
0.081355,2.403751,2.253576,2.427697,2.619300
0.840430,0.038963,0.039010,0.039373,0.028031
-0.021558,2.816646,2.834451,2.861028,3.548800
-0.087346,2.211215,2.002091,2.226572,2.492200
0.114790,1.984398,1.713092,1.990793,1.898000
0.010806,2.877482,2.924419,2.925597,3.610400
0.043744,2.749499,2.737179,2.790810,3.303600
-0.023064,2.809384,2.823831,2.853357,3.537000
-0.086500,2.221785,2.015755,2.237576,2.510300
0.032140,2.815635,2.833483,2.860494,3.450500
-0.269670,0.307343,0.136542,0.290705,0.133140
-0.072609,2.388118,2.234736,2.411046,2.799000
0.001363,2.878978,2.926483,2.922003,3.631000
-0.084406,2.247755,2.049451,2.264620,2.554900
-0.136110,1.558971,1.217885,1.551924,1.461800
-0.015708,2.841239,2.870554,2.887031,3.587300
-0.074523,2.366103,2.205320,2.388051,2.760400
0.046604,2.729917,2.708887,2.770186,3.261700
-0.003646,2.873262,2.917939,2.920972,3.628900
1.657700,0.002806,0.001766,0.002700,0.010099
0.008101,2.879552,2.927444,2.927753,3.619500
0.290810,0.247624,0.096949,0.231976,0.090592
0.015109,2.871480,2.915591,2.919304,3.590500
0.333110,0.123200,0.049043,0.113766,0.051738
-0.115820,1.837279,1.538238,1.838776,1.876000
0.123940,1.861215,1.563927,1.858175,1.705700
0.043951,2.748124,2.735189,2.789362,3.300600
-0.114050,1.861155,1.566709,1.863453,1.913900
-0.097154,2.085790,1.842268,2.096181,2.280000
-0.015034,2.843698,2.874176,2.889633,3.590900
0.084380,2.368969,2.206821,2.391306,2.555400
0.075979,2.463446,2.334630,2.490216,2.730700
-0.127800,1.675407,1.349468,1.671781,1.626600
-0.132230,1.615783,1.281845,1.610406,1.537700
1.038700,0.020478,0.019011,0.020576,0.023268
0.053907,2.674369,2.629211,2.711715,3.145500
-0.165050,1.192155,0.833353,1.176583,0.959170
-0.056266,2.561537,2.471098,2.592567,3.105500
-0.028840,2.778091,2.778267,2.815257,3.485000
0.001589,2.879129,2.926712,2.927231,3.630800
0.149860,1.511202,1.164037,1.502788,1.207900
-0.024986,2.799573,2.809511,2.842995,3.520900
-0.074424,2.367249,2.206849,2.389248,2.762400
-0.100290,2.044744,1.790889,2.053580,2.211700
0.031903,2.816755,2.835124,2.861675,3.453100
-0.050545,2.615169,2.545897,2.648853,3.200600
0.046898,2.727833,2.705883,2.767992,3.257200
-0.115090,1.847130,1.549966,1.848956,1.891600
-0.157650,1.283728,0.925273,1.270001,1.076000
-0.112210,1.885935,1.596426,1.889076,1.953200
0.021756,2.855717,2.892367,2.902722,3.547300
0.059251,2.628929,2.564675,2.663922,3.053000
-0.097667,2.079102,1.833866,2.089238,2.268800
0.063334,2.591648,2.512166,2.619676,2.978600
-0.166050,1.180008,0.821383,1.164207,0.944160
-0.523080,0.044509,0.043812,0.044851,0.034806
0.063957,2.585773,2.503927,2.618568,2.966900
-0.011610,2.854978,2.890823,2.901576,3.607200
0.028769,2.830678,2.855542,2.876346,3.485700
0.010825,2.877463,2.924390,2.925577,3.610300
-0.063522,2.487984,2.369831,2.515491,2.975100
-0.014431,2.845832,2.877321,2.891891,3.594100
0.025298,2.844137,2.875321,2.890526,3.518200
-0.320080,0.141295,0.063758,0.131474,0.059320
0.016535,2.868760,2.911583,2.916445,3.582500
-0.117220,1.818374,1.515808,1.819245,1.846300
0.120980,1.901234,1.611909,1.904639,1.767300
0.002090,2.879433,2.927170,2.927557,3.630500
0.094921,2.241929,2.039017,2.258620,2.328600
0.020332,2.859753,2.898311,2.906970,3.557800
0.108390,2.069260,1.818387,2.078875,2.035700
0.035654,2.797922,2.807580,2.841829,3.410100
0.097999,2.203350,1.988979,2.218400,2.261600
0.110840,2.036939,1.778040,2.045308,1.982600
-0.109350,1.924347,1.642827,1.928819,2.014800
0.089574,2.307430,2.124955,2.326986,2.444300
0.027491,2.835875,2.863174,2.881821,3.498100
0.111110,2.033364,1.773595,2.041596,1.977000
-0.126000,1.699699,1.377317,1.696808,1.663400
-0.120460,1.774580,1.464235,1.774030,1.778100
0.068043,2.546061,2.448496,2.576866,2.889000
0.160850,1.367064,1.009903,1.355207,1.024400
-0.019509,2.825918,2.848037,2.865763,3.563600
0.097495,2.209708,1.997195,2.225026,2.272500
2.725100,0.000000,0.000000,0.000000,0.000974
0.030875,2.821505,2.842085,2.866680,3.464100
0.063301,2.591958,2.512601,2.625066,2.979200
0.012906,2.874968,2.920725,2.922964,3.601500
0.824920,0.039636,0.040059,0.040115,0.028396
0.013140,2.874639,2.920240,2.922619,3.600400
-0.041582,2.690653,2.652576,2.728200,3.333800
0.192660,0.982626,0.631581,0.964112,0.600590
-0.015192,2.843129,2.873337,2.889031,3.590100
0.161890,1.353660,0.995893,1.341509,1.008100
-0.052071,2.601260,2.526421,2.634249,3.175900
-0.033735,2.747412,2.733899,2.787971,3.432600
-0.067014,2.450563,2.318888,2.476327,2.908900
-0.015864,2.840659,2.869700,2.886417,3.586400
-0.470940,0.048189,0.048151,0.048167,0.035771
-0.053842,2.584753,2.503376,2.616923,3.146600
0.141130,1.628207,1.293736,1.622957,1.366100
0.962840,0.026514,0.025575,0.026138,0.025102
0.553120,0.033617,0.033470,0.033710,0.034245
0.190900,1.002306,0.649687,0.984038,0.619780
0.015232,2.871260,2.915266,2.919072,3.589900
0.063333,2.591658,2.512180,2.619685,2.978600
0.151070,1.495135,1.146544,1.486312,1.186800
0.102180,2.150051,1.920551,2.162890,2.170600
-0.064499,2.477640,2.355711,2.504663,2.956800
-0.068796,2.430996,2.292404,2.455861,2.874400
0.099083,2.189626,1.971281,2.204100,2.238000
0.029827,2.826164,2.848917,2.871590,3.475000
0.067101,2.555394,2.461483,2.586664,2.907200
-0.143670,1.463659,1.114153,1.454151,1.318900
-0.109120,1.927429,1.646568,1.932009,2.019800
-0.000870,2.876984,2.923494,2.924936,3.631200
0.039976,2.773355,2.771786,2.815942,3.355500
-0.115370,1.843352,1.545465,1.845052,1.885700
-0.124050,1.726043,1.407713,1.723963,1.703300
-0.031782,2.760100,2.752213,2.801346,3.454400
-0.253700,0.390259,0.182793,0.371654,0.182390
0.073026,2.494993,2.377878,2.523286,2.790600
-0.023308,2.808173,2.822061,2.852076,3.535000
0.095079,2.239963,2.036457,2.256570,2.325100
0.010427,2.877851,2.924960,2.925983,3.611800
-0.049004,2.628911,2.565196,2.663287,3.224900
-0.139990,1.512222,1.166915,1.503978,1.387500
0.082992,2.385030,2.228367,2.408107,2.584800
0.032476,2.814030,2.831133,2.858803,3.446800
-0.063344,2.489857,2.372392,2.517453,2.978400
0.050365,2.702285,2.669145,2.741093,3.203400
0.015170,2.871371,2.915430,2.919189,3.590200
-0.044852,2.664379,2.615255,2.700563,3.287600
-0.156960,1.292409,0.934139,1.278868,1.087300
0.001645,2.879166,2.926767,2.927270,3.630800
-0.052936,2.593246,2.515223,2.625837,3.161700
-0.042331,2.684767,2.644198,2.722007,3.323500
0.194760,0.959421,0.610421,0.940629,0.578150
-0.094037,2.126175,1.893265,2.138130,2.347700
-0.078570,2.318541,2.142224,2.338410,2.677400
-0.023888,2.805253,2.817797,2.848992,3.530300
0.054962,2.665710,2.616868,2.702604,3.127800
-0.083781,2.255450,2.059471,2.272637,2.568100
0.002757,2.879768,2.927677,2.922854,3.629900
-0.011158,2.856315,2.892799,2.902992,3.609000
0.011625,2.876596,2.923118,2.924670,3.607100
0.019288,2.862484,2.902336,2.909845,3.565100
0.007185,2.879954,2.928026,2.928168,3.622000
-0.003297,2.873805,2.918749,2.921550,3.629300
0.069586,2.530548,2.426966,2.560585,2.858900
0.123930,1.861350,1.564088,1.853250,1.706000
-0.062223,2.501580,2.388436,2.529728,2.999100
-0.026980,2.788757,2.793762,2.831577,3.502900
-0.175460,1.068595,0.714153,1.050889,0.809790
0.158300,1.400117,1.044688,1.389005,1.065400
0.036716,2.792167,2.799181,2.835764,3.397200
-0.203850,0.768781,0.450708,0.747949,0.488790
-0.075202,2.358217,2.194816,2.379817,2.746600
0.067241,2.554014,2.459561,2.585215,2.904500
0.084003,2.373348,2.212689,2.395886,2.563400
0.111730,2.025144,1.763391,2.033065,1.963700
-0.130300,1.641726,1.311139,1.637101,1.576300
-0.006800,2.867362,2.909166,2.914704,3.623000
-0.164940,1.193495,0.834676,1.177948,0.960870
0.077826,2.443257,2.307102,2.469063,2.692800
-0.045812,2.656384,2.603940,2.687093,3.273500
-0.020780,2.820249,2.839727,2.864836,3.554600
-0.038719,2.712412,2.683637,2.746037,3.371900
-0.093299,2.135671,1.905320,2.147998,2.363800
-0.083344,2.260815,2.066466,2.278227,2.577400
0.126840,1.821910,1.517250,1.822617,1.646200
0.030540,2.823015,2.844298,2.868271,3.467600
0.135460,1.704918,1.380951,1.701919,1.474400
-0.000891,2.876962,2.923461,2.924912,3.631200
-0.075311,2.356947,2.193127,2.378491,2.744400
0.108920,2.062287,1.809657,2.071632,2.024200
0.007902,2.879652,2.927590,2.927857,3.620100
0.146070,1.561786,1.219612,1.554700,1.275300
0.124600,1.852277,1.553273,1.853998,1.692000
0.098871,2.192316,1.974745,2.206902,2.242600
-0.027191,2.787575,2.792043,2.830330,3.500900
0.004468,2.880258,2.928433,2.928457,3.627700
0.020381,2.859620,2.898116,2.906830,3.557500
-0.090202,2.175216,1.955785,2.189114,2.430800
-0.035417,2.736017,2.717494,2.775963,3.412900
0.083594,2.378085,2.219041,2.400841,2.572100
-0.047237,2.644287,2.586853,2.679443,3.252100
0.095579,2.233732,2.028350,2.250072,2.314300
0.004939,2.880301,2.928504,2.928508,3.626900
-0.022480,2.812245,2.828013,2.856378,3.541700
-0.149110,1.392700,1.038400,1.381439,1.221000
0.023740,2.849501,2.883213,2.896176,3.531500
-0.119160,1.792156,1.484868,1.792172,1.805400
0.163550,1.332362,0.973748,1.319752,0.982170
0.076238,2.460636,2.330791,2.487271,2.725400
0.742920,0.035662,0.034556,0.035301,0.030281
-0.069886,2.418876,2.276053,2.443190,2.853000
0.002753,2.879766,2.927674,2.922852,3.629900
0.005418,2.880303,2.928515,2.928516,3.626000
0.113920,1.996012,1.727380,1.997772,1.916500
0.155470,1.437093,1.083999,1.426846,1.111900
-0.097846,2.076766,1.830933,2.086813,2.264900
0.268080,0.355486,0.152334,0.336962,0.137290
-0.145660,1.437579,1.086124,1.427413,1.282600
0.118440,1.935460,1.653311,1.940076,1.820600
-0.023453,2.807448,2.821002,2.851311,3.533900
-0.036240,2.730285,2.709258,2.769925,3.403000
0.070313,2.523144,2.416714,2.552816,2.844600
-0.032714,2.754118,2.743573,2.795040,3.444100
-0.076493,2.343117,2.174751,2.364054,2.720200
-0.122820,1.742670,1.426999,1.741108,1.728800
-0.020765,2.820318,2.839828,2.864908,3.554700
0.063782,2.587428,2.506247,2.615242,2.970200
-0.032070,2.758266,2.749563,2.799413,3.451300
-0.011012,2.856739,2.893426,2.903441,3.609600
-0.135550,1.571312,1.232093,1.564675,1.472700
-0.007200,2.866488,2.907869,2.913777,3.622000
-0.011211,2.856160,2.892570,2.902828,3.608800
0.010843,2.877445,2.924364,2.925558,3.610200
-0.480200,0.047818,0.047926,0.047973,0.035594
0.139870,1.645219,1.312929,1.640455,1.389900
0.002858,2.879811,2.927743,2.927966,3.629800
1.332500,0.007047,0.007077,0.007080,0.016423
-1.951300,0.001272,0.000275,0.001181,0.005946
0.027063,2.837552,2.865640,2.883589,3.502100
-0.170100,1.131399,0.774026,1.114724,0.884610
1.562500,0.003404,0.002993,0.003247,0.011772
0.015124,2.871453,2.915551,2.919276,3.590400
0.044284,2.745898,2.731968,2.787017,3.295800
-0.049584,2.623775,2.557977,2.652826,3.215800
0.169070,1.262448,0.902062,1.248409,0.899440
-0.044648,2.666061,2.617639,2.702332,3.290600
0.333760,0.121899,0.048652,0.112556,0.051429
-0.159750,1.257452,0.898596,1.243173,1.042000
-0.081238,2.286485,2.100043,2.304980,2.621800
0.053498,2.677684,2.633942,2.715203,3.152400
0.078018,2.441139,2.304220,2.466844,2.688800
0.093349,2.261395,2.064427,2.278927,2.362700
-2.458200,0.000000,0.000000,0.000000,0.001945
0.050340,2.702475,2.669418,2.741294,3.203800
0.037203,2.789467,2.795242,2.832918,3.391100
-0.059742,2.527038,2.423412,2.556400,3.044200
0.094171,2.251237,2.051154,2.268329,2.344800
-0.058863,2.535893,2.435620,2.565680,3.060000
0.078484,2.435982,2.297211,2.461443,2.679200
0.368610,0.071035,0.035550,0.065782,0.041309
-0.090985,2.165266,1.943048,2.178766,2.413900
-0.115120,1.846725,1.549483,1.848538,1.891000
-0.041295,2.692887,2.655759,2.730551,3.337700
-0.191980,0.887044,0.549947,0.867055,0.607990
0.056782,2.650408,2.595108,2.686508,3.096500
-0.111060,1.901398,1.615055,1.905071,1.978000
-0.365640,0.076523,0.049879,0.071377,0.041813
0.137270,1.680391,1.352878,1.676656,1.439400
-0.062884,2.494684,2.378993,2.522507,2.986900
1.407200,0.005298,0.004058,0.005125,0.014825
0.025985,2.841638,2.871646,2.887894,3.512100
1.854200,0.001828,0.001006,0.001689,0.007153
-0.086470,2.222159,2.016239,2.237965,2.510900
0.224060,0.669004,0.365031,0.648191,0.330730
0.196760,0.937603,0.590719,0.918565,0.557450
-0.020102,2.823307,2.844208,2.868068,3.559500
-0.876200,0.033443,0.033796,0.033924,0.027184
-0.017641,2.833755,2.859544,2.874049,3.575800
0.068350,2.542996,2.444237,2.573649,2.883100
-0.055905,2.565039,2.475957,2.596241,3.111700
-0.009643,2.860535,2.899045,2.907464,3.614600
-0.215280,0.665097,0.369270,0.644031,0.392910
0.173010,1.213469,0.852781,1.198502,0.843350
-0.072874,2.385089,2.230681,2.407881,2.793700
0.569130,0.034190,0.034281,0.034356,0.033938
0.082461,2.391129,2.236569,2.414488,2.596000
-0.037622,2.720433,2.695123,2.759548,3.385900
0.046756,2.728841,2.707336,2.769053,3.259400
-0.070085,2.416652,2.273055,2.440864,2.849100
-0.047901,2.638558,2.578775,2.673422,3.242000
-0.028756,2.778585,2.778983,2.820843,3.485800
-0.005823,2.869378,2.912160,2.916844,3.625200
0.073622,2.488700,2.369228,2.516688,2.778600
0.204710,0.853676,0.516731,0.833823,0.480920
-0.026125,2.793474,2.800625,2.836556,3.510800
0.082674,2.388686,2.233282,2.411931,2.591500
-0.108640,1.933859,1.654380,1.938665,2.030200
-0.184120,0.971064,0.624241,0.951995,0.698550
0.089777,2.304981,2.121720,2.324428,2.439900
0.044207,2.746414,2.732715,2.787561,3.296900
0.030986,2.821001,2.841346,2.866149,3.462900
-0.074142,2.370510,2.211199,2.392654,2.768100
0.146140,1.560849,1.218575,1.553737,1.274100
0.113430,2.002543,1.735432,2.009612,1.927200
0.004227,2.880221,2.928373,2.928415,3.628100
-0.009560,2.860755,2.899370,2.907697,3.614900
0.002460,2.879628,2.927466,2.927768,3.630200
0.059958,2.622628,2.555773,2.657298,3.040400
-0.060448,2.519863,2.413536,2.548881,3.031500
-0.144520,1.452503,1.102137,1.442711,1.303400
0.036308,2.794400,2.802438,2.838117,3.402200
-0.035960,2.732247,2.712075,2.771991,3.406400
-0.203760,0.769638,0.451404,0.748809,0.489630
-0.022819,2.810591,2.825595,2.854631,3.539000
0.013190,2.874567,2.920135,2.922544,3.600200
-0.076454,2.343575,2.175358,2.364532,2.721000
0.168370,1.271232,0.910984,1.257367,0.909740
-0.000946,2.876901,2.923370,2.924848,3.631100
-0.192820,0.878329,0.542416,0.858258,0.598810
0.072069,2.505016,2.391679,2.533798,2.809800
-0.029413,2.774694,2.773339,2.816738,3.479200
0.198990,0.913605,0.569268,0.894312,0.535070
-0.666420,0.027892,0.027313,0.027355,0.031958
-0.217140,0.649186,0.357266,0.628132,0.378950
0.073983,2.484870,2.363969,2.512673,2.771300
0.061319,2.610315,2.538409,2.644356,3.015700
0.672160,0.032782,0.032224,0.032243,0.031836
0.084845,2.363551,2.199569,2.385639,2.545500
-0.040215,2.701190,2.667599,2.734223,3.352300
0.050307,2.702727,2.669779,2.741559,3.204400
0.051005,2.697375,2.662105,2.735925,3.193200
-1.439300,0.004712,0.004518,0.004526,0.014164
-0.041441,2.691752,2.654141,2.729356,3.335700
-0.049596,2.623668,2.557827,2.657779,3.215600
0.000421,2.878246,2.925384,2.926284,3.631300
-0.008223,2.864122,2.904359,2.911267,3.619200
-0.055709,2.566934,2.478588,2.598228,3.115000
0.016550,2.868729,2.911538,2.916413,3.582400
-0.034410,2.742891,2.727385,2.783206,3.424800
0.063756,2.587674,2.506592,2.620565,2.970700
-0.004219,2.872321,2.916539,2.919972,3.628100
0.054183,2.672119,2.626002,2.709347,3.140900
-0.008333,2.863858,2.903969,2.910988,3.618800
-0.195250,0.853410,0.521069,0.833124,0.573000
-0.164660,1.196908,0.838051,1.181426,0.965190
0.178850,1.142422,0.782712,1.126215,0.764800
0.068121,2.545283,2.447415,2.576050,2.887500
0.014821,2.871985,2.916335,2.919834,3.592100
0.063277,2.592184,2.512917,2.625303,2.979600
-0.051030,2.610780,2.539746,2.644244,3.192800
0.039427,2.776643,2.776567,2.819407,3.362700
0.050711,2.699638,2.665349,2.738307,3.197900
0.050157,2.703868,2.671416,2.742760,3.206800
0.048197,2.718470,2.692399,2.758133,3.237400
-0.059660,2.527868,2.424555,2.557269,3.045700
-0.223280,0.598579,0.320000,0.577653,0.335910
0.200760,0.894809,0.552629,0.875329,0.517820
0.205690,0.843647,0.508088,0.823711,0.472140
0.099212,2.187988,1.969173,2.202394,2.235200
-0.043695,2.673845,2.628679,2.710519,3.304300
-0.106020,1.968861,1.697108,1.974912,2.087000
-0.509790,0.045891,0.045723,0.046282,0.035050
-0.132560,1.611354,1.276863,1.605849,1.531300
-0.080213,2.298863,2.116298,2.317887,2.643200
-0.262480,0.342574,0.155535,0.325011,0.153160
-0.017477,2.834415,2.860514,2.879812,3.576900
0.100900,2.166471,1.941545,2.179984,2.198300
-0.034784,2.740355,2.723736,2.780535,3.420400
0.136240,1.694345,1.368828,1.691027,1.459300
0.040324,2.771246,2.768720,2.813720,3.350800
-0.035169,2.737724,2.719949,2.777762,3.415900
0.034017,2.806429,2.820011,2.850793,3.429400
-0.143970,1.459719,1.109905,1.450110,1.313500
0.029138,2.829125,2.853263,2.874710,3.482000
-0.020837,2.819989,2.839346,2.864561,3.554200
0.189780,1.014937,0.661386,0.996833,0.632360
-0.074535,2.365964,2.205135,2.387905,2.760200
-0.008784,2.862746,2.902320,2.909809,3.617500
-0.059132,2.533192,2.431894,2.562850,3.055200
-0.038716,2.712434,2.683669,2.746060,3.371900
0.120190,1.911892,1.624765,1.915671,1.783700
-0.002737,2.874632,2.919981,2.922430,3.630000
-0.124130,1.724962,1.406461,1.722848,1.701700
0.067823,2.548250,2.451540,2.579164,2.893300
0.037401,2.788357,2.793625,2.831750,3.388700
0.048923,2.713128,2.684715,2.752508,3.226200
-0.042105,2.686551,2.646736,2.723884,3.326600
0.024372,2.847376,2.880086,2.893938,3.526200
0.179790,1.131169,0.771771,1.114777,0.752690
-0.063896,2.484036,2.364439,2.511358,2.968100
-0.001584,2.876158,2.922260,2.924055,3.630800
-0.028271,2.781413,2.783088,2.823827,3.490600
0.094812,2.243284,2.040782,2.260033,2.330900
0.206770,0.832676,0.498684,0.812653,0.462600
0.198730,0.916385,0.571741,0.897121,0.537620
0.012301,2.875773,2.921909,2.923808,3.604200
0.067081,2.555591,2.461757,2.586871,2.907600
0.059408,2.627535,2.562705,2.662457,3.050200
-0.046496,2.650612,2.595781,2.686090,3.263300
0.085861,2.351648,2.183668,2.373193,2.523900
0.104920,2.114622,1.875519,2.126029,2.110900
-0.022948,2.809957,2.824668,2.853961,3.538000
0.616140,0.034137,0.034021,0.034118,0.033005
0.037347,2.788661,2.794067,2.832069,3.389300
0.125030,1.846451,1.546341,1.847976,1.683300
0.211730,0.783405,0.457108,0.763042,0.420820
0.017435,2.866856,2.908779,2.914444,3.577100
0.057089,2.647782,2.591380,2.683746,3.091200
-0.101930,2.023133,1.764020,2.031164,2.176000
-0.150030,1.380810,1.025865,1.369266,1.204900
1.061800,0.017806,0.015111,0.017854,0.022709
-0.053469,2.588262,2.508268,2.620605,3.152900
0.027905,2.834222,2.860746,2.880080,3.494100
-0.065715,2.464629,2.337991,2.491044,2.933800
0.171350,1.234006,0.873350,1.219421,0.866690
0.034984,2.801458,2.812744,2.845554,3.418100
-0.090599,2.170175,1.949329,2.183871,2.422200
-0.107420,1.950178,1.674259,1.955561,2.056600
0.030351,2.823858,2.845535,2.869160,3.469600
0.069822,2.528151,2.423645,2.558070,2.854300
-0.008050,2.864536,2.904974,2.911707,3.619700
-0.267230,0.318925,0.142673,0.301967,0.139570
0.090580,2.295264,2.108900,2.314280,2.422600
-0.013733,2.848223,2.880848,2.894423,3.597600
0.057180,2.647001,2.590272,2.682925,3.089600
0.105180,2.111241,1.871241,2.122513,2.105300
0.073924,2.485497,2.364830,2.513330,2.772500
0.021585,2.856221,2.893108,2.903252,3.548600
-0.114650,1.853065,1.557044,1.855090,1.900900
-0.053423,2.588693,2.508870,2.621058,3.153600
0.080508,2.413341,2.266528,2.437736,2.637100
-0.013585,2.848720,2.881580,2.894948,3.598300
-0.036137,2.731008,2.710296,2.770686,3.404300
0.020702,2.858739,2.896817,2.905903,3.555100
-0.043083,2.678778,2.635683,2.715707,3.312900
-0.011280,2.855957,2.892271,2.902613,3.608500
-0.035040,2.738608,2.721221,2.778693,3.417400
0.027638,2.835291,2.862317,2.881207,3.496700
-0.654890,0.028278,0.027524,0.027667,0.032203
-0.135760,1.568506,1.228975,1.561792,1.468600
0.002219,2.879504,2.927277,2.927634,3.630400
-0.051705,2.604623,2.531125,2.637779,3.181900
-0.140160,1.509970,1.164451,1.501666,1.384300
-0.104740,1.985898,1.718027,1.992565,2.114700
-0.092807,2.141986,1.913351,2.154562,2.374400
-0.057951,2.544988,2.448181,2.575214,3.076100
-0.111140,1.900323,1.613758,1.903958,1.976300
-0.113250,1.871934,1.579615,1.874597,1.930900
0.257770,0.415936,0.187939,0.396414,0.168150
-0.108730,1.932654,1.652915,1.937417,2.028300
0.027458,2.836005,2.863366,2.881959,3.498400
-1.110200,0.006621,0.006049,0.006122,0.021547
-0.021783,2.815585,2.832898,2.859907,3.547100
0.019273,2.862522,2.902392,2.909884,3.565200
0.069569,2.530721,2.427204,2.560766,2.859300
0.065039,2.575455,2.489481,2.607729,2.946600
0.110610,2.039983,1.781827,2.048468,1.987600
0.011953,2.876207,2.922546,2.924263,3.605700
0.084029,2.373046,2.212284,2.395570,2.562900
0.018632,2.864102,2.904719,2.911546,3.569500
0.132360,1.746980,1.429499,1.745276,1.535300
-0.007771,2.865190,2.905943,2.912400,3.620500
-0.010632,2.857825,2.895033,2.904592,3.611100
-0.021288,2.817908,2.836298,2.862362,3.550800
0.056726,2.650885,2.595786,2.687011,3.097500
-0.168190,1.154203,0.796135,1.137930,0.912290
0.000132,2.877990,2.925000,2.926010,3.631300
-0.099471,2.055501,1.804309,2.064741,2.229500
0.039227,2.777829,2.778292,2.820656,3.365300
-0.174280,1.082266,0.727058,1.064776,0.825870
-0.779710,0.030269,0.029565,0.029920,0.029445
0.197010,0.934895,0.588287,0.915827,0.554930
0.048181,2.718587,2.692567,2.758256,3.237700
0.172300,1.222235,0.861544,1.207430,0.853250
-0.093920,2.127682,1.895177,2.139696,2.350300
-0.027864,2.783757,2.786493,2.826300,3.494500
-0.015547,2.841834,2.871430,2.887660,3.588100
0.009995,2.878241,2.925531,2.926390,3.613400
0.042365,2.758489,2.750202,2.800280,3.323000
0.048408,2.716926,2.690176,2.751442,3.234200
-0.115350,1.843622,1.545786,1.845331,1.886000
0.015296,2.871144,2.915096,2.918951,3.589500
-0.056130,2.562858,2.472931,2.593953,3.107800
-0.259580,0.357745,0.164020,0.339825,0.162200
0.054337,2.670859,2.624205,2.708021,3.138300
0.017396,2.866942,2.908905,2.914534,3.577400
-0.119880,1.782422,1.473430,1.782124,1.790300
-0.141410,1.493435,1.146416,1.484696,1.360900
0.099643,2.182509,1.962125,2.196687,2.225800
0.036784,2.791792,2.798634,2.835369,3.396300
0.163920,1.327631,0.968848,1.314920,0.976540
0.349550,0.094646,0.041081,0.087355,0.045520
-0.119390,1.789047,1.481212,1.788962,1.800600
-0.042593,2.682689,2.641243,2.719821,3.319800
-0.093729,2.130141,1.898297,2.137186,2.354400
0.046672,2.729436,2.708194,2.769680,3.260700
0.089898,2.303520,2.119790,2.322902,2.437300
-0.011779,2.854469,2.890070,2.901036,3.606500
-0.031475,2.762041,2.755018,2.798328,3.457700
0.063787,2.587381,2.506181,2.615192,2.970100
0.013268,2.874454,2.919969,2.922426,3.599800
0.059785,2.624176,2.557959,2.658925,3.043500
0.059423,2.627402,2.562517,2.662317,3.050000
-0.133600,1.597406,1.261214,1.591503,1.510800
0.140780,1.632930,1.299056,1.627814,1.372800
-0.076119,2.347506,2.180576,2.368635,2.727900
-0.044781,2.664965,2.616085,2.701179,3.288600
-0.552890,0.040367,0.038177,0.040358,0.034249
-0.385670,0.063077,0.049800,0.059397,0.039160
-0.033229,2.750756,2.738721,2.791495,3.438400
-0.018001,2.832291,2.857392,2.877565,3.573600
0.010980,2.877304,2.924157,2.925411,3.609700
0.099562,2.183540,1.963450,2.197760,2.227500
0.093840,2.255333,2.056502,2.272602,2.352000
0.047205,2.725643,2.702727,2.765686,3.252600
-0.036566,2.727987,2.705958,2.767504,3.399000
-0.115280,1.844566,1.546911,1.846307,1.887600
-0.028119,2.782291,2.784364,2.824754,3.492100
0.121510,1.894078,1.603295,1.897233,1.756200
0.080952,2.408323,2.259746,2.432482,2.627800
0.189050,1.023214,0.669084,1.005220,0.640590
0.054032,2.673352,2.627759,2.710644,3.143500
-0.084050,2.252141,2.055161,2.269190,2.562400
0.146510,1.555895,1.213100,1.548651,1.267400
0.021925,2.855215,2.891626,2.902193,3.546000
-0.061050,2.513701,2.405066,2.542425,3.020600
0.087635,2.330659,2.155729,2.351254,2.486000
0.008781,2.879155,2.926867,2.927342,3.617500
-0.066167,2.459754,2.331364,2.485943,2.925100
-0.000029,2.877841,2.924777,2.925851,3.631300
0.020778,2.858527,2.896506,2.905680,3.554600
-0.001910,2.875751,2.921652,2.923622,3.630600
0.100660,2.169540,1.945477,2.183179,2.203700
-0.030460,2.768353,2.764151,2.810049,3.468500
0.007621,2.879782,2.927777,2.927990,3.620900
0.020475,2.859364,2.897738,2.906561,3.556800
-0.049576,2.623846,2.558077,2.652901,3.215900
0.147110,1.547869,1.204246,1.540411,1.256500
0.042315,2.758810,2.750667,2.800618,3.323700
0.065140,2.574484,2.488123,2.606710,2.944700
0.148460,1.529844,1.184429,1.521912,1.232600
0.629200,0.033782,0.033499,0.033641,0.032738
0.192840,0.980626,0.629748,0.962087,0.598620
-0.123320,1.735910,1.419149,1.734137,1.718600
0.023658,2.849771,2.883612,2.896461,3.532200
-0.104240,1.992541,1.726205,1.999449,2.125700
0.028391,2.832244,2.857841,2.877996,3.489400
0.007881,2.879662,2.927604,2.927867,3.620200
0.061525,2.608431,2.535755,2.642375,3.011900
-0.166090,1.179523,0.820906,1.163713,0.943460
0.330680,0.128200,0.050569,0.118426,0.052945
0.123920,1.861486,1.564250,1.858455,1.706100
-0.000770,2.877093,2.923657,2.925052,3.631200
-0.127050,1.685525,1.361047,1.682204,1.642000
0.060544,2.617356,2.548333,2.651756,3.029800
-0.041763,2.689238,2.650561,2.726711,3.331300
-0.943900,0.025548,0.021664,0.025564,0.025559
-0.353880,0.087954,0.050895,0.081791,0.044334
0.117830,1.943661,1.663280,1.948571,1.833400
-0.101710,2.026037,1.767624,2.034176,2.180800
-0.039512,2.706504,2.675189,2.744882,3.361600
-0.132210,1.616052,1.282147,1.610682,1.538200
0.112680,2.012525,1.747763,2.019969,1.943200
-0.321580,0.138139,0.062754,0.128503,0.058298
0.086400,2.345298,2.175202,2.366555,2.512400
-0.167430,1.163337,0.805044,1.147229,0.923530
0.067906,2.547425,2.450392,2.578298,2.891700
-0.044265,2.669205,2.622095,2.705638,3.296100
0.848520,0.038405,0.038144,0.038745,0.027840
-0.101850,2.024189,1.765330,2.032259,2.177800
-1.022400,0.012530,0.008347,0.011933,0.023660
-0.244270,0.447484,0.217684,0.427912,0.220540
1.978500,0.001547,0.000419,0.001459,0.005636
-0.865570,0.033743,0.034162,0.034170,0.027437
-0.008673,2.863024,2.902732,2.910103,3.617800
0.141980,1.616746,1.280852,1.611170,1.350200
0.237570,0.557122,0.281733,0.536418,0.252460
-0.154710,1.320874,0.963389,1.307956,1.124600
-0.083758,2.255733,2.059840,2.272932,2.568600
0.101310,2.161221,1.934824,2.174518,2.189400
-0.151290,1.364581,1.008831,1.352657,1.183000
0.215490,0.747288,0.427344,0.726729,0.391310
-0.071680,2.398688,2.248904,2.422089,2.817500
0.137370,1.679036,1.351333,1.675262,1.437600
-0.045803,2.656460,2.604046,2.687172,3.273600
0.113910,1.996145,1.727544,1.997911,1.916800
0.017657,2.866365,2.908054,2.913927,3.575700
-0.068302,2.436451,2.299777,2.461566,2.884000
-0.028836,2.778115,2.778301,2.815282,3.485000
-0.047595,2.641205,2.582507,2.676204,3.246700
0.114040,1.994411,1.725408,2.001177,1.914100
-0.025512,2.796783,2.805444,2.840049,3.516300
0.012662,2.875301,2.921214,2.923313,3.602600
-0.218460,0.638059,0.348951,0.617020,0.369270
0.515220,0.031582,0.030763,0.031226,0.034951
0.023609,2.849932,2.883849,2.896630,3.532600
0.953200,0.027278,0.026160,0.026844,0.025335
-0.089331,2.186245,1.969934,2.200587,2.449500
0.026806,2.838545,2.867098,2.884635,3.504500
-0.074617,2.365013,2.203868,2.386913,2.758500
0.041118,2.766362,2.761625,2.808574,3.340100
-0.029573,2.773736,2.771951,2.815727,3.477600
-0.075517,2.354545,2.189932,2.375983,2.740200
-0.102010,2.022076,1.762710,2.030068,2.174300
0.214220,0.759367,0.437230,0.738868,0.401030
0.021793,2.855608,2.892205,2.902606,3.547000
0.155970,1.430539,1.077000,1.420136,1.103700
0.080486,2.413590,2.266863,2.437995,2.637500
-0.082139,2.275541,2.085706,2.293573,2.602800
-0.071945,2.395681,2.244870,2.418947,2.812300
0.019720,2.861377,2.900705,2.908680,3.562100
-0.019299,2.826829,2.849373,2.871790,3.565000
-0.137370,1.547031,1.205182,1.539725,1.437500
0.001370,2.878982,2.926490,2.922008,3.631000
1.271000,0.005477,0.004184,0.005328,0.017792
-0.114750,1.851716,1.555435,1.853696,1.898900
0.040469,2.770362,2.767434,2.812788,3.348900
-0.022602,2.811652,2.827146,2.855752,3.540700
0.034281,2.805087,2.818049,2.849379,3.426300
-0.072033,2.394681,2.243529,2.417902,2.810500
-0.098330,2.070443,1.823004,2.080249,2.254400
0.158640,1.395695,1.040014,1.384482,1.059900
-0.156640,1.296443,0.938267,1.282989,1.092400
-0.067072,2.449931,2.318031,2.475666,2.907800
-0.091322,2.160973,1.937561,2.174302,2.406600
-0.072991,2.383750,2.228888,2.406482,2.791300
-0.133830,1.594325,1.257764,1.588334,1.506300
0.050672,2.699937,2.665778,2.738622,3.198500
0.111570,2.027267,1.766024,2.035267,1.967100
0.982650,0.025080,0.024396,0.024864,0.024623
0.091122,2.288678,2.100226,2.307404,2.410900
0.010531,2.877753,2.924815,2.925880,3.611400
-0.082486,2.271311,2.080173,2.289164,2.595500
0.056691,2.651184,2.596210,2.687324,3.098100
-0.123280,1.736451,1.419776,1.734695,1.719300
-0.031481,2.762003,2.754964,2.798288,3.457700
0.036963,2.790802,2.797190,2.834326,3.394100
0.038079,2.784511,2.788020,2.827697,3.380100
-0.124470,1.720367,1.401147,1.718111,1.694800
-0.090444,2.172144,1.951850,2.185919,2.425500
0.084298,2.369922,2.208098,2.392303,2.557200
-0.023843,2.805481,2.818130,2.849234,3.530600
0.183020,1.092905,0.734899,1.075911,0.712040
-0.045335,2.660372,2.609582,2.696350,3.280500
-1.249500,0.011075,0.011215,0.011263,0.018282
-0.060014,2.524280,2.419614,2.553510,3.039400
-0.838040,0.033427,0.033391,0.033589,0.028088
0.056960,2.648887,2.592948,2.684909,3.093400
0.005601,2.880293,2.928503,2.928507,3.625700
-0.082546,2.270579,2.079216,2.288401,2.594300
-0.157120,1.290394,0.932079,1.276809,1.084600
0.030148,2.824757,2.846853,2.870107,3.471700
-0.092252,2.149096,1.922405,2.161952,2.386400
-0.003255,2.873870,2.918845,2.921618,3.629400
-0.081973,2.277562,2.088351,2.295679,2.606300
-0.007861,2.864982,2.905634,2.907114,3.620200
-0.084471,2.246953,2.048408,2.263785,2.553500
0.168230,1.272992,0.912774,1.259161,0.911730
-0.060634,2.517963,2.410924,2.546891,3.028200
-0.039854,2.703927,2.671508,2.742170,3.357100
-0.035273,2.737009,2.718921,2.777009,3.414700
-0.166480,1.174802,0.816269,1.158904,0.937610
-0.054877,2.574927,2.489696,2.606613,3.129200
-0.532840,0.043290,0.042104,0.043546,0.034626
-0.126510,1.692813,1.369406,1.689713,1.653000
0.110770,2.037866,1.779192,2.046270,1.984300
0.059653,2.625354,2.559624,2.660164,3.045800
-0.017441,2.834559,2.860726,2.879964,3.577100
0.187930,1.035982,0.681009,1.018161,0.653420
-0.032764,2.753794,2.743104,2.794698,3.443600
-0.178380,1.035149,0.682891,1.016943,0.770930
0.056863,2.649716,2.594126,2.685781,3.095100
-0.019752,2.824855,2.846478,2.869704,3.561900
0.086990,2.338320,2.165912,2.359261,2.499800
-0.087945,2.203704,1.992402,2.218755,2.479300
0.165160,1.311822,0.952527,1.298780,0.957580
-0.032886,2.753000,2.741959,2.793861,3.442200
0.110810,2.037336,1.778534,2.045720,1.983400
0.019207,2.862688,2.902636,2.910059,3.565600
-0.111710,1.892661,1.604521,1.896032,1.964000
0.010225,2.878038,2.925233,2.926177,3.612600
0.833560,0.039329,0.039583,0.039780,0.028193
-0.045986,2.654922,2.601872,2.690621,3.270900
0.054995,2.665437,2.616479,2.702317,3.127200
-0.004054,2.872598,2.916950,2.920266,3.628300
1.074900,0.016086,0.012574,0.016058,0.022393
0.088512,2.320189,2.141839,2.340314,2.467100
-0.005051,2.870852,2.914352,2.918410,3.626700
-0.032730,2.754014,2.743423,2.794931,3.444000
0.062146,2.602717,2.527715,2.636370,3.000500
0.090961,2.290637,2.102804,2.309449,2.414400
-0.053956,2.583677,2.501877,2.615794,3.144700
0.039668,2.775206,2.774476,2.817892,3.359500
0.170260,1.247570,0.887010,1.233243,0.882260
0.063619,2.588967,2.508404,2.621923,2.973300
0.037589,2.787298,2.792081,2.830634,3.386300
-0.483200,0.047682,0.047818,0.047884,0.035538
-0.093727,2.130167,1.898330,2.137213,2.354500
0.541160,0.033029,0.032639,0.033018,0.034471
-0.057165,2.552749,2.458919,2.583351,3.089900
0.025926,2.841856,2.871966,2.888123,3.512600
0.026024,2.841494,2.871434,2.887742,3.511700
-0.010175,2.859098,2.896917,2.905941,3.612800
0.150640,1.500840,1.152746,1.492162,1.194200
-0.066484,2.456322,2.326703,2.482353,2.919100
-0.233670,0.519600,0.264768,0.499184,0.273010
0.040864,2.767935,2.763909,2.810232,3.343600
0.804870,0.039677,0.040042,0.040101,0.028863
0.014804,2.872015,2.916378,2.919865,3.592200
0.087126,2.336707,2.163767,2.357576,2.496900
-0.164410,1.199960,0.841071,1.184536,0.968980
-0.040222,2.701136,2.667523,2.734167,3.352200
0.043208,2.753029,2.742289,2.794528,3.311200
-0.035092,2.738252,2.720709,2.778318,3.416800
-0.003924,2.872812,2.917269,2.920493,3.628500
-0.015508,2.841977,2.871641,2.887812,3.588400
-0.139140,1.523495,1.179267,1.515552,1.403700
0.203160,0.869682,0.530615,0.849967,0.495140
0.026924,2.838091,2.866431,2.884156,3.503400
-0.077651,2.329458,2.156652,2.349799,2.696400
0.013756,2.873725,2.918896,2.921661,3.597500
0.080556,2.412800,2.265795,2.437169,2.636000
0.024834,2.845779,2.877736,2.892255,3.522200
-0.017634,2.833783,2.859585,2.874079,3.575900
0.022382,2.853830,2.889588,2.900735,3.542400
0.032626,2.813308,2.830076,2.858042,3.445100
0.049975,2.705247,2.673396,2.744212,3.209600
-0.019421,2.826301,2.848598,2.871232,3.564200
-0.074510,2.366253,2.205521,2.388208,2.760700
-0.060299,2.521382,2.415625,2.550472,3.034200
0.105580,2.106035,1.864658,2.117098,2.096500
0.122420,1.881781,1.588527,1.884510,1.737100
-0.012094,2.853507,2.888649,2.900018,3.605100
0.228010,0.634830,0.338833,0.613986,0.305780
-0.007012,2.866903,2.908485,2.909153,3.622500
-0.127060,1.685390,1.360892,1.682065,1.641600
0.034523,2.803847,2.816236,2.848072,3.423500
-0.052084,2.601141,2.526253,2.634123,3.175700
0.010606,2.877680,2.924709,2.925804,3.611100
-0.200590,0.800201,0.476438,0.779537,0.519460
0.000583,2.878383,2.925590,2.926431,3.631200
0.738790,0.035335,0.034223,0.034925,0.030374
0.034094,2.806039,2.819440,2.850382,3.428500
0.018510,2.864394,2.905150,2.911854,3.570300
-0.074244,2.369332,2.209626,2.391422,2.766100
0.130420,1.773319,1.460160,1.772447,1.573800
-0.022134,2.813913,2.830452,2.858141,3.544400
-0.150760,1.371400,1.015978,1.359634,1.192200
0.137710,1.674433,1.346086,1.670522,1.431100
0.187690,1.038728,0.683583,1.020946,0.656210
0.087479,2.332515,2.158194,2.353194,2.489300
