3.2798
1.798
1.127
0.01786
3.6114
3.494
3.351
0.034691
3.6225
2.3128
3.2085
0.91956
3.5608
3.1833
1.7362
1.716
3.4099
3.2687
0.22922
2.3181
2.6726
3.0113
3.3014
3.5079
1.6177
0.012704
1.117
3.1013
1.5887
1.2764
1.9858
1.4617
3.0664
1.2796
3.5335
2.5356
2.91
2.989
3.4953
3.5124
2.2468
1.3758
3.1842
0.026593
2.7038
3.5834
0.031433
2.9807
1.8516
0.030109
0.035826
2.3144
1.3294
2.59
2.0794
3.6301
1.2244
0.47715
1.9965
1.1883
1.608
3.613
1.7027
3.2984
3.6306
0.72857
0.84248
3.4441
3.5415
3.3389
3.5454
3.5528
2.7142
3.264
0.65349
2.9748
2.818
2.0611
0.4775
2.495
0.027014
0.4076
0.26818
3.1728
1.7498
3.0268
2.166
0.96971
3.6239
2.1326
0.027869
3.6213
0.56969
3.1736
2.8291
1.924
1.547
3.3633
0.0045335
3.5666
3.6128
0.03652
3.3077
3.5499
2.4058
3.4315
2.3715
0.79641
3.1624
1.5487
3.5013
3.4376
3.2992
2.336
2.5777
1.2901
3.5894
2.8045
0.038639
3.5213
1.5117
1.9064
2.887
3.3053
3.0177
3.6295
3.5065
3.3923
3.3835
0.032302
3.1019
0.030715
3.6202
3.6312
1.1419
2.3072
3.3657
3.2328
2.7325
1.125
2.1143
1.7395
0.27332
2.0263
3.2343
2.8462
1.0175
1.2168
3.5288
1.8277
3.616
3.5636
1.6767
2.7771
3.4433
2.3453
3.6306
3.6022
3.4803
1.1442
0.026729
3.5674
1.7839
1.7926
2.3454
3.0917
1.9483
2.8939
2.3083
3.5865
2.1668
3.0707
3.5348
0.8083
3.5874
2.1859
1.4531
3.3737
3.6152
3.4387
3.521
3.5855
3.1869
3.5946
3.1568
2.4654
3.4212
2.2531
0.45815
1.8443
3.4796
3.5275
0.63873
3.0048
1.0818
2.413
0.56679
2.625
3.3677
3.2877
0.036851
1.3374
1.8131
2.5757
3.1114
3.5636
1.7785
0.034117
1.1357
2.1214
0.017816
1.6862
3.1726
3.4503
2.4933
0.63456
2.3834
3.337
3.6224
1.5445
3.6245
1.6907
2.0632
2.991
2.3168
0.54965
3.2184
2.4037
1.4724
3.4804
3.6312
0.13391
3.5516
3.3414
3.4599
3.5855
3.2457
3.0485
3.2898
1.6961
3.5498
0.39981
3.6215
1.9285
3.6267
0.029004
1.5304
0.98951
2.6194
2.957
3.545
0.65879
2.999
3.5688
1.2379
3.5516
3.382
3.4706
1.242
0.93042
1.2192
2.7572
3.5859
2.6193
0.028031
3.5488
2.4922
1.898
3.6104
3.3036
3.537
2.5103
3.4505
0.13314
2.799
3.631
2.5549
1.4618
3.5873
2.7604
3.2617
3.6289
0.010099
3.6195
0.090592
3.5905
0.051738
1.876
1.7057
3.3006
1.9139
2.28
3.5909
2.5554
2.7307
1.6266
1.5377
0.023268
3.1455
0.95917
3.1055
3.485
3.6308
1.2079
3.5209
2.7624
2.2117
3.4531
3.2006
3.2572
1.8916
1.076
1.9532
3.5473
3.053
2.2688
2.9786
0.94416
0.034806
2.9669
3.6072
3.4857
3.6103
2.9751
3.5941
3.5182
0.05932
3.5825
1.8463
1.7673
3.6305
2.3286
3.5578
2.0357
3.4101
2.2616
1.9826
2.0148
2.4443
3.4981
1.977
1.6634
1.7781
2.889
1.0244
3.5636
2.2725
0.00097378
3.4641
2.9792
3.6015
0.028396
3.6004
3.3338
0.60059
3.5901
1.0081
3.1759
3.4326
2.9089
3.5864
0.035771
3.1466
1.3661
0.025102
0.034245
0.61978
3.5899
2.9786
1.1868
2.1706
2.9568
2.8744
2.238
3.475
2.9072
1.3189
2.0198
3.6312
3.3555
1.8857
1.7033
3.4544
0.18239
2.7906
3.535
2.3251
3.6118
3.2249
1.3875
2.5848
3.4468
2.9784
3.2034
3.5902
3.2876
1.0873
3.6308
3.1617
3.3235
0.57815
2.3477
2.6774
3.5303
3.1278
2.5681
3.6299
3.609
3.6071
3.5651
3.622
3.6293
2.8589
1.706
2.9991
3.5029
0.80979
1.0654
3.3972
0.48879
2.7466
2.9045
2.5634
1.9637
1.5763
3.623
0.96087
2.6928
3.2735
3.5546
3.3719
2.3638
2.5774
1.6462
3.4676
1.4744
3.6312
2.7444
2.0242
3.6201
1.2753
1.692
2.2426
3.5009
3.6277
3.5575
2.4308
3.4129
2.5721
3.2521
2.3143
3.6269
3.5417
1.221
3.5315
1.8054
0.98217
2.7254
0.030281
2.853
3.6299
3.626
1.9165
1.1119
2.2649
0.13729
1.2826
1.8206
3.5339
3.403
2.8446
3.4441
2.7202
1.7288
3.5547
2.9702
3.4513
3.6096
1.4727
3.622
3.6088
3.6102
0.035594
1.3899
3.6298
0.016423
0.0059462
3.5021
0.88461
0.011772
3.5904
3.2958
3.2158
0.89944
3.2906
0.051429
1.042
2.6218
3.1524
2.6888
2.3627
0.0019448
3.2038
3.3911
3.0442
2.3448
3.06
2.6792
0.041309
2.4139
1.891
3.3377
0.60799
3.0965
1.978
0.041813
1.4394
2.9869
0.014825
3.5121
0.0071526
2.5109
0.33073
0.55745
3.5595
0.027184
3.5758
2.8831
3.1117
3.6146
0.39291
0.84335
2.7937
0.033938
2.596
3.3859
3.2594
2.8491
3.242
3.4858
3.6252
2.7786
0.48092
3.5108
2.5915
2.0302
0.69855
2.4399
3.2969
3.4629
2.7681
1.2741
1.9272
3.6281
3.6149
3.6302
3.0404
3.0315
1.3034
3.4022
3.4064
0.48963
3.539
3.6002
2.721
0.90974
3.6311
0.59881
2.8098
3.4792
0.53507
0.031958
0.37895
2.7713
3.0157
0.031836
2.5455
3.3523
3.2044
3.1932
0.014164
3.3357
3.2156
3.6313
3.6192
3.115
3.5824
3.4248
2.9707
3.6281
3.1409
3.6188
0.573
0.96519
0.7648
2.8875
3.5921
2.9796
3.1928
3.3627
3.1979
3.2068
3.2374
3.0457
0.33591
0.51782
0.47214
2.2352
3.3043
2.087
0.03505
1.5313
2.6432
0.15316
3.5769
2.1983
3.4204
1.4593
3.3508
3.4159
3.4294
1.3135
3.482
3.5542
0.63236
2.7602
3.6175
3.0552
3.3719
1.7837
3.63
1.7017
2.8933
3.3887
3.2262
3.3266
3.5262
0.75269
2.9681
3.6308
3.4906
2.3309
0.4626
0.53762
3.6042
2.9076
3.0502
3.2633
2.5239
2.1109
3.538
0.033005
3.3893
1.6833
0.42082
3.5771
3.0912
2.176
1.2049
0.022709
3.1529
3.4941
2.9338
0.86669
3.4181
2.4222
2.0566
3.4696
2.8543
3.6197
0.13957
2.4226
3.5976
3.0896
2.1053
2.7725
3.5486
1.9009
3.1536
2.6371
3.5983
3.4043
3.5551
3.3129
3.6085
3.4174
3.4967
0.032203
1.4686
3.6304
3.1819
1.3843
2.1147
2.3744
3.0761
1.9763
1.9309
0.16815
2.0283
3.4984
0.021547
3.5471
3.5652
2.8593
2.9466
1.9876
3.6057
2.5629
3.5695
1.5353
3.6205
3.6111
3.5508
3.0975
0.91229
3.6313
2.2295
3.3653
0.82587
0.029445
0.55493
3.2377
0.85325
2.3503
3.4945
3.5881
3.6134
3.323
3.2342
1.886
3.5895
3.1078
0.1622
3.1383
3.5774
1.7903
1.3609
2.2258
3.3963
0.97654
0.04552
1.8006
3.3198
2.3544
3.2607
2.4373
3.6065
3.4577
2.9701
3.5998
3.0435
3.05
1.5108
1.3728
2.7279
3.2886
0.034249
0.03916
3.4384
3.5736
3.6097
2.2275
2.352
3.2526
3.399
1.8876
3.4921
1.7562
2.6278
0.64059
3.1435
2.5624
1.2674
3.546
3.0206
2.486
3.6175
2.9251
3.6313
3.5546
3.6306
2.2037
3.4685
3.6209
3.5568
3.2159
1.2565
3.3237
2.9447
1.2326
0.032738
0.59862
1.7186
3.5322
2.1257
3.4894
3.6202
3.0119
0.94346
0.052945
1.7061
3.6312
1.642
3.0298
3.3313
0.025559
0.044334
1.8334
2.1808
3.3616
1.5382
1.9432
0.058298
2.5124
0.92353
2.8917
3.2961
0.02784
2.1778
0.02366
0.22054
0.0056362
0.027437
3.6178
1.3502
0.25246
1.1246
2.5686
2.1894
1.183
0.39131
2.8175
1.4376
3.2736
1.9168
3.5757
2.884
3.485
3.2467
1.9141
3.5163
3.6026
0.36927
0.034951
3.5326
0.025335
2.4495
3.5045
2.7585
3.3401
3.4776
2.7402
2.1743
0.40103
3.547
1.1037
2.6375
2.6028
2.8123
3.5621
3.565
1.4375
3.631
0.017792
1.8989
3.3489
3.5407
3.4263
2.8105
2.2544
1.0599
1.0924
2.9078
2.4066
2.7913
1.5063
3.1985
1.9671
0.024623
2.4109
3.6114
2.5955
3.0981
1.7193
3.4577
3.3941
3.3801
1.6948
2.4255
2.5572
3.5306
0.71204
3.2805
0.018282
3.0394
0.028088
3.0934
3.6257
2.5943
1.0846
3.4717
2.3864
3.6294
2.6063
3.6202
2.5535
0.91173
3.0282
3.3571
3.4147
0.93761
3.1292
0.034626
1.653
1.9843
3.0458
3.5771
0.65342
3.4436
0.77093
3.0951
3.5619
2.4998
2.4793
0.95758
3.4422
1.9834
3.5656
1.964
3.6126
0.028193
3.2709
3.1272
3.6283
0.022393
2.4671
3.6267
3.444
3.0005
2.4144
3.1447
3.3595
0.88226
2.9733
3.3863
0.035538
2.3545
0.034471
3.0899
3.5126
3.5117
3.6128
1.1942
2.9191
0.27301
3.3436
0.028863
3.5922
2.4969
0.96898
3.3522
3.3112
3.4168
3.6285
3.5884
1.4037
0.49514
3.5034
2.6964
3.5975
2.636
3.5222
3.5759
3.5424
3.4451
3.2096
3.5642
2.7607
3.0342
2.0965
1.7371
3.6051
0.30578
3.6225
1.6416
3.4235
3.1757
3.6111
0.51946
3.6312
0.030374
3.4285
3.5703
2.7661
1.5738
3.5444
1.1922
1.4311
0.65621
2.4893
