0.57153
0.50873
0.33967
0.84709
0.030841
0.35066
0.73833
0.25134
0.11002
0.30314
0.55873
0.41718
0.52763
0.219
0.38655
0.070534
0.51552
0.54313
0.33467
0.37604
0.50362
0.72496
0.89273
0.35856
0.35895
0.30269
0.66754
0.45078
0.50049
0.065374
0.52014
0.42834
0.83426
0.34072
0.51543
0.041899
0.56776
0.5133
0.45425
0.14143
0.37694
0.32182
0.57028
0.10155
0.55283
0.89476
0.8679
0.48953
0.11365
0.36252
0.4175
0.34161
0.48918
0.59668
0.86782
0.026474
0.32121
0.83709
0.038036
0.47999
0.51332
0.33125
0.44005
0.77285
0.2838
0.52354
0.085286
0.86497
0.74694
0.81093
0.4694
0.092348
0.89029
0.54596
0.45327
0.56917
0.3028
0.36447
0.89585
0.48435
0.20354
0.3191
0.55213
0.43749
0.0087269
0.23319
0.44475
0.52535
0.075804
0.080978
0.062893
0.56586
0.013531
0.48659
0.38201
0.7292
0.27088
0.57391
0.088824
0.87475
0.022429
0.42361
0.53194
0.089393
0.86755
0.84471
0.74251
0.6346
0.44523
0.35231
0.18628
0.84574
0.52386
0.046039
0.19322
0.55856
0.48102
0.49355
0.34673
0.12459
0.057513
0.45757
0.57108
0.52511
0.89128
0.039537
0.79611
0.55366
0.49954
0.46273
0.56899
0.087603
0.32187
0.41093
0.25783
0.5933
0.23115
0.39587
0.2185
0.53558
0.47698
0.17987
0.43592
0.43449
0.60541
0.3866
0.51237
0.8413
0.351
0.067943
0.49973
0.56917
0.55514
0.53282
0.4769
0.10869
0.50228
0.13977
0.37265
0.75436
0.014825
0.5573
0.51628
0.73771
0.30087
0.48163
0.35585
0.085078
0.4464
0.47608
0.053809
0.2444
0.51204
0.48387
0.10477
0.4948
0.49938
0.44233
0.56586
0.25049
0.56734
0.42764
0.90357
0.17375
0.43786
0.46827
0.67744
0.23008
0.079354
0.48402
0.0051263
0.61458
0.074727
0.21084
0.40304
0.19381
0.37296
0.22954
0.88089
0.44602
0.39632
0.73033
0.83316
0.44052
0.084236
0.23105
0.19908
0.29829
0.2033
0.046276
0.23022
0.39906
0.087861
0.81879
0.54805
0.22592
0.11081
0.21478
0.3176
0.48438
0.16526
0.39049
0.23779
0.57424
0.20711
0.57328
0.22923
0.32235
0.57429
0.51903
0.2073
0.44545
0.67388
0.65064
0.46854
0.57377
0.094705
0.83327
0.47883
0.5742
0.17498
0.56987
0.34832
0.72945
0.11784
0.78014
0.31731
0.57536
0.11232
0.81353
0.56463
0.30305
0.032757
0.70643
0.51827
0.57396
0.48843
0.53185
0.19243
0.49096
0.55245
0.24479
0.87302
0.16035
0.24079
0.21152
0.0043487
0.43652
0.12045
0.45918
0.50069
0.31926
0.2618
0.1382
0.63808
0.30811
0.55168
0.47659
0.68659
0.51784
0.48508
0.2336
0.42737
0.48801
0.54222
0.4884
0.2869
0.47513
0.1357
0.33495
0.0723
0.23035
0.51948
0.47057
0.64795
0.83815
0.3227
0.42219
0.7808
0.51956
0.47693
0.58404
0.18668
0.2318
0.086166
0.56354
0.89427
0.12981
0.44293
0.52427
0.10229
0.07312
0.39565
0.45454
0.47646
0.47896
0.14795
0.095768
0.51907
0.17018
0.8817
0.028614
0.1212
0.38684
0.094826
0.12993
0.54225
0.18775
0.1361
0.3069
0.89839
0.20343
0.32902
0.64522
0.90359
0.026639
0.57069
0.5752
0.17631
0.39644
0.40206
0.25666
0.51975
0.42429
0.40313
0.73809
0.48135
0.8273
0.10691
0.1429
0.4882
0.86793
0.62371
0.02666
0.44646
0.57521
0.22631
0.033343
0.46543
0.81688
0.43405
0.31058
0.31156
0.31258
0.19784
0.38116
0.14851
0.50877
0.22985
0.54669
0.41979
0.36301
0.64368
0.56781
0.53109
0.34444
0.40701
0.19025
0.19386
0.48121
0.63131
0.049976
0.21731
0.47588
0.35003
0.56534
0.73225
0.11197
0.17988
0.55186
0.32745
0.37043
0.44713
0.11738
0.59806
0.50681
0.091759
0.28778
0.32118
0.52019
0.24144
0.45315
0.57494
0.4911
0.43518
0.53891
0.74096
0.5047
0.90106
0.25285
0.074296
0.48983
0.52279
0.28538
0.17107
0.3763
0.42988
0.46309
0.49863
0.49986
0.28647
0.56422
0.47341
0.90038
0.36979
0.45773
0.8756
0.27005
0.57345
0.88067
0.84644
0.75256
0.16482
0.57397
0.065037
0.53841
0.26163
0.6582
0.055542
0.30268
0.047904
0.56688
0.57158
0.044043
0.28169
0.55355
0.5667
0.64774
0.49546
0.49712
0.19039
0.55568
0.87991
0.057322
0.063704
0.87575
0.32617
0.53
0.30272
0.81938
0.4286
0.2349
0.57445
0.075291
0.87688
0.39896
0.68899
0.068552
0.23008
0.51769
0.89827
0.79119
0.57057
0.11212
0.45439
0.074851
0.37832
0.55543
0.38671
0.53707
0.018877
0.075885
0.67321
0.3508
0.4014
0.069165
0.38516
0.2953
0.43833
0.12144
0.88956
0.63849
0.11028
0.30744
0.43711
0.89074
0.008136
0.14844
0.43438
0.133
0.22328
0.2744
0.31268
0.48311
0.53997
0.51661
0.45841
0.66011
0.30595
0.56477
0.56204
0.12378
0.36408
0.46708
0.73314
0.1211
0.3525
0.38443
0.87926
0.21141
0.43551
0.34749
0.23591
0.3185
0.050387
0.54665
0.51382
0.52074
0.46241
0.48532
0.88205
0.53929
0.57287
0.1322
0.13057
0.81463
0.33065
0.51825
0.40121
0.24995
0.19372
0.24453
0.50502
0.89844
0.47363
0.66321
0.53038
0.23028
0.33959
0.057721
0.42267
0.54522
0.42392
0.077649
0.40848
0.80695
0.028017
0.2852
0.57344
0.08463
0.63731
0.32305
0.3894
0.57322
0.56152
0.76433
0.31547
0.56051
0.50236
0.44816
0.89929
0.70501
0.42549
0.54795
0.22049
0.5651
0.78076
0.55506
0.27527
0.79146
0.71277
0.11924
0.026726
0.13089
0.88945
0.51396
0.90158
0.76664
0.43474
0.89438
0.048483
0.45312
0.41524
0.032102
0.713
0.55889
0.14625
0.12041
0.39022
0.50711
0.23131
0.86634
0.33534
0.081678
0.074201
0.26037
0.56833
0.63726
0.020866
0.4363
0.1982
0.37743
0.88816
0.43535
0.022537
0.51799
0.54757
0.8421
0.42734
0.36387
0.62987
0.20423
0.28393
0.52235
0.2053
0.49544
0.66867
0.26426
0.29856
0.51553
0.50335
0.27361
0.81631
0.058505
0.30272
0.45795
0.55971
0.23608
0.54345
0.37926
0.40439
0.2409
0.18776
0.41069
0.41594
0.093513
0.32694
0.40839
0.30387
0.57533
0.51306
0.88175
0.80081
0.89321
0.57238
0.47168
0.30309
0.043887
0.015134
0.39115
0.090097
0.53053
0.50625
0.42018
0.44595
0.55002
0.38746
0.47473
0.45739
0.69968
0.27965
0.87209
0.075788
0.57378
0.20562
0.53585
0.46785
0.58178
0.075518
0.2408
0.37917
0.844
0.54184
0.58193
0.11267
0.55698
0.25585
0.31336
0.8685
0.57424
0.036694
0.35219
0.097887
0.1168
0.19727
0.30596
0.31258
0.50637
0.48147
0.21022
0.59189
0.55192
0.45974
0.45628
0.2565
0.48749
0.49322
0.40458
0.48555
0.16046
0.28074
0.37008
0.076586
0.82473
0.35493
0.021075
0.32777
0.54985
0.095696
0.61528
0.27152
0.21616
0.54982
0.5499
0.37134
0.45005
0.4695
0.23845
0.082227
0.7712
0.51523
0.24839
0.34487
0.71653
0.53032
0.0009392
0.8568
0.41329
0.41951
0.75365
0.81436
0.3405
0.035108
0.0049414
0.30268
0.07383
0.42362
0.5358
0.86507
0.36271
0.24668
0.35221
0.11791
0.39407
0.089755
0.37583
0.45821
0.52364
0.20596
0.48102
0.54206
0.043789
0.48003
0.52021
0.51945
0.10219
0.88895
0.3225
0.47861
0.66212
0.85947
0.61843
0.56344
0.37264
0.61521
0.7093
0.8087
0.4922
0.51949
0.44296
0.21855
0.51142
0.42715
0.61727
0.5513
0.87115
0.2605
0.70001
0.52677
0.32378
0.35006
0.15939
0.47832
0.55142
0.43388
0.52923
0.011229
0.25522
0.71825
0.7735
0.54212
0.33655
0.060724
0.4021
0.61041
0.89568
0.020183
0.64376
0.25112
0.34696
0.43412
0.064541
0.50095
0.097632
0.3097
0.42049
0.28887
0.83614
0.55487
0.20052
0.23604
0.30599
0.57536
0.52671
0.52854
0.89654
0.065348
0.49278
0.10892
0.35853
0.51325
0.89976
0.044949
0.39326
0.11861
0.54752
0.23688
0.57467
0.357
0.31375
0.56426
0.50001
0.56737
0.51695
0.29241
0.51038
0.10875
0.31764
0.45157
0.081059
0.14168
0.31132
0.2417
0.89161
0.73745
0.57405
0.20845
0.90012
0.25595
0.32783
0.063954
0.36365
0.79086
0.49375
0.43667
0.89858
0.57398
0.41123
0.90089
0.48175
0.18227
0.61401
0.57525
0.57503
0.56579
0.5265
0.13049
0.72492
0.23107
0.51755
0.47017
0.8753
0.34125
0.29513
0.53092
0.071991
0.13292
0.18458
0.31866
0.20927
0.1574
0.41753
0.43179
0.24046
0.5644
0.54465
0.57177
0.56459
0.056431
0.8693
0.067178
0.01177
0.25548
0.15093
0.3282
0.6393
0.13256
0.52018
0.39382
0.51601
0.087755
0.57079
0.14274
0.43594
0.56281
0.73643
0.044667
0.51615
0.55347
0.13153
0.33053
0.38117
0.47006
0.4988
0.36902
0.25284
0.57404
0.31142
0.023628
0.42352
0.34187
0.1969
0.40937
0.83025
0.43253
0.19394
0.84017
0.77486
0.55528
0.5202
0.83458
0.4718
0.60294
0.014222
0.13109
0.42022
0.55569
0.40491
0.64314
0.31193
0.14732
0.57442
0.31314
0.37982
0.81211
0.22989
0.11663
0.50129
0.57296
0.38182
0.23458
0.86943
0.5508
0.51861
0.56742
0.5435
0.287
0.40031
0.85944
0.52347
0.57473
0.18726
0.48869
0.6459
0.40879
0.064799
0.46571
0.043183
0.30845
0.27114
0.040569
0.50984
0.20902
0.89892
0.48099
0.90331
0.16361
0.79172
0.897
0.054599
0.70377
0.71233
0.12908
0.87539
0.37896
0.32408
0.44629
0.5459
0.42439
0.52008
