1.1454
1.8874
-0.54679
-2.0001
-1.3496
-0.13503
0.89809
1.4214
-2.3881
0.49087
0.20685
0.52275
0.30596
1.5251
1.1452
1.0661
-1.3503
-0.50044
1.6872
0.58674
0.91098
0.95203
-0.16343
-0.85781
1.5256
1.2332
-0.31157
1.5717
-1.8742
-0.53581
1.217
0.26407
0.66502
-1.6268
-0.59845
-1.6298
0.26509
0.67767
-1.5289
0.99599
0.39444
1.8712
-0.34041
-1.2782
1.1
-1.4986
0.909
-0.96896
0.98927
1.5024
0.63158
1.8628
0.36583
-0.96461
-1.5687
0.21279
0.88684
-1.2554
1.2835
-0.32368
0.34122
-0.82061
1.485
0.4476
-0.95402
-0.92129
1.5531
1.6493
-1.1494
-0.78738
1.5518
1.508
-0.61745
1.3437
-1.0045
2.6039
0.0065869
-0.38161
1.0643
1.4529
2.2264
2.3548
-0.016351
-1.9003
0.502
0.0458
0.32385
0.89146
-1.0273
-1.9148
0.50453
2.1116
0.12976
-1.0244
1.0472
0.77286
2.0463
1.0139
0.35847
-0.74372
-0.41042
-0.13519
-1.404
-1.2996
0.3385
-0.87471
-0.81833
0.13816
1.0806
1.7914
-0.52229
1.5356
-0.49362
0.74202
1.4959
-1.2138
1.0112
-0.52454
-1.3949
-1.7467
1.5197
0.37659
0.66884
-2.1786
2.1499
-0.39458
0.48653
1.4301
-1.2083
0.41178
-0.31719
-0.4665
-1.7938
2.2302
-0.67364
2.1486
0.28824
0.83473
-0.9993
-2.2856
1.6458
0.35768
-0.28637
1.1573
-1.2869
1.4654
1.5889
1.82
-0.41954
-0.043204
0.85942
1.1662
0.67355
-1.7123
-1.296
-1.375
-0.76718
0.6343
-1.4313
0.80651
0.5728
-0.78641
-0.17187
-1.2987
1.0607
-1.0194
0.71034
-2.6788
0.8967
-0.88857
1.0183
-1.5012
-1.401
-0.2118
-1.5887
0.10108
1.4826
-0.69778
1.2219
1.5477
-0.96367
1.6601
-1.535
-0.30126
1.2813
1.6394
0.60462
-1.7375
1.2056
-1.2431
-1.3586
-1.3386
-0.51891
1.175
1.7127
-0.85256
-0.97712
-1.0554
0.68069
2.5043
0.039708
1.1653
-1.2714
-0.22364
1.7138
-0.9787
-0.89799
-2.0443
-1.5591
1.7975
-0.74114
-1.3678
-1.645
2.8444
-1.4165
1.956
1.3059
-1.3705
-0.83229
0.75309
0.76491
-2.2641
0.71038
-1.7175
2.1367
0.28158
-0.81752
-1.1771
-0.83372
1.8566
1.5671
1.51
-0.49815
0.72118
1.6465
1.2549
-1.0089
-0.18084
0.17874
-2.715
-1.0828
0.69261
1.1813
1.3811
-0.5936
0.7257
-0.13036
1.5297
1.2835
1.2245
-1.4984
-1.0792
0.96023
-2.1116
0.21643
1.0059
-0.7057
-0.72407
-0.54694
1.0143
0.3915
0.58981
1.8018
-0.19488
-0.39381
-0.40878
0.80615
-1.2325
0.5229
1.2003
-1.0878
-0.77624
-0.74274
1.0026
1.3994
-0.37072
0.29313
0.77982
-2.4834
0.74968
-0.73311
0.45836
-0.37004
-2.0047
-0.43109
-0.11781
0.035251
-0.063626
0.38298
-0.63981
1.6226
-1.108
-1.2915
0.068264
-2.039
0.56014
0.22757
-1.0762
1.1204
-0.90622
-1.0813
0.54402
0.62129
0.70319
-0.31707
1.504
-1.0893
-1.0974
-0.70118
1.4713
-0.24093
-1.4982
0.73888
1.2045
-0.998
1.3365
-1.2405
1.5534
1.0458
0.75732
-0.14756
1.483
2.4422
-0.26788
-0.099299
-1.6198
0.79269
-0.15644
-1.4912
-1.0837
-1.6407
0.77942
0.757
0.30968
0.61358
0.34566
-2.1258
0.72664
1.5964
-1.4674
-0.9663
-1.1694
-1.4191
-0.52253
-0.51361
0.90796
1.6592
-0.10396
-1.0985
-0.47626
-0.79969
1.2737
-1.1525
-1.3271
0.33931
-0.25296
-2.6802
0.33288
2.338
2.0127
1.0166
1.6204
1.4281
1.1046
-0.44518
2.5647
0.87592
2.2567
1.1798
-2.2135
-1.4324
-1.4317
-0.4809
0.86095
1.5054
-1.5717
1.7311
-0.96496
-1.2567
0.19764
0.8681
1.3428
-0.45468
0.62137
1.5222
-1.2888
0.078551
0.93335
0.10879
-1.1641
1.8917
0.45594
0.79812
-1.9112
0.99232
-0.32905
-0.24936
-1.3724
1.0356
-0.22378
-1.5719
1.5012
-0.73605
1.6239
1.2019
1.4236
1.951
-1.0695
0.54623
0.97101
1.0623
2.0417
0.12836
-1.4351
0.70811
1.7929
-1.9232
0.28434
-1.5756
0.82882
0.30624
-1.3414
0.57658
-2.0185
0.44349
-0.37288
-1.1587
1.0292
-0.23923
-1.2709
1.0096
0.73144
-1.0841
-1.9009
1.0303
1.2947
1.1944
-1.0655
-0.1355
1.9478
-0.33231
1.9744
-1.0736
-0.007846
-0.14422
0.018627
0.80865
-0.018542
-0.81553
-0.049697
0.2783
-0.93826
-0.67565
-0.30373
-0.61704
-0.017852
0.52215
-1.6168
-0.4868
0.93805
-1.2836
-0.41589
-0.7182
-0.089007
0.92778
0.72308
0.65919
0.75394
0.20611
-0.83499
0.53496
-0.90154
-1.1537
-1.7645
0.6963
0.37694
0.31591
1.9181
1.4263
0.51417
-0.62689
-0.35324
0.19914
0.049326
1.7511
-1.3725
-0.5125
1.2137
0.92865
-0.36715
0.33118
-1.4306
-2.5182
0.86734
2.2142
0.31184
1.3372
1.2439
0.57124
0.86402
0.12926
0.50106
0.65027
-1.5284
-0.71992
2.0078
0.51522
1.6757
-1.2313
-1.3037
0.82924
0.28304
-1.5194
1.5555
-1.5586
-1.3481
0.50367
-1.3007
1.92
1.1488
1.0826
1.3246
1.7779
0.91993
-1.9046
0.86938
-0.85011
-1.0682
1.5457
-2.8687
1.6982
-0.81921
-2.0177
0.76224
-0.35161
-1.4049
1.2108
-0.51738
1.6916
1.4699
-1.3193
-0.65372
-1.2607
-0.80139
0.8525
-1.6576
0.64185
1.0981
0.11506
-1.0257
-1.0018
1.3936
-0.61915
0.7354
1.5025
-1.5979
0.64924
1.579
0.16223
-1.1472
-1.1303
-1.3826
-1.1271
1.4214
2.3434
-0.16066
-1.9921
-0.83289
-0.84661
-1.16
1.2858
-0.6358
-0.52322
0.9419
1.518
1.0565
-0.53687
0.89582
-0.61954
-1.6312
-0.23787
-2.5357
-1.3891
0.51695
1.6994
1.6364
-0.84257
0.8404
0.28369
-1.468
1.2456
-0.47353
1.2511
-1.0722
2.0105
0.60419
-0.792
0.95068
1.489
1.4416
0.39022
0.66249
-0.83275
-0.86122
0.1561
-2.3179
0.76334
-0.94782
0.33374
0.84349
1.4578
0.78617
-0.27955
1.346
-2.6562
-1.0371
1.2712
-0.39562
-0.30143
0.83735
-1.2886
0.64442
-1.016
-0.1416
0.74199
-0.19507
1.811
-1.3607
0.9632
1.1146
-1.8644
-1.1789
-0.85652
1.2386
0.15924
1.5876
-0.84292
-0.98737
0.37916
1.2789
-1.6007
-1.0255
-2.2098
1.419
0.14756
2.1803
-0.76701
-1.9461
-1.2779
-1.5694
0.89253
-1.3816
-1.8633
-0.46208
-0.20487
0.46218
-0.1172
-0.94731
1.094
1.8739
1.6008
1.1568
0.48104
-0.56272
0.94668
0.20803
-1.9423
-1.4015
1.7556
-1.3994
-1.425
0.43557
-0.44275
1.5056
1.5255
2.0846
-1.1471
0.61393
-0.34493
-1.6781
-1.0521
0.71461
0.8082
1.4094
-0.050725
0.20344
-0.23539
0.10899
0.63168
0.42853
0.97877
1.837
1.1557
-0.88292
-0.5684
-1.0234
-1.9204
-1.1142
0.0013044
-0.99213
-0.93723
-0.48822
-0.71729
0.072429
1.3738
-0.65917
-0.30882
1.3855
1.1368
1.5655
1.4602
1.3511
-2.041
-1.9041
-0.25661
0.37287
-1.2447
-0.87437
0.33254
1.0704
-0.95205
1.0832
1.3021
1.331
-0.31751
1.5569
-1.7058
-0.46749
0.06889
-0.14793
1.6354
1.4719
0.9498
0.65876
-0.93005
0.70919
0.05246
1.2212
0.032319
1.0454
-0.73449
-0.022631
-1.2531
0.23655
1.2781
-0.97774
-0.73633
1.3428
0.94264
0.68984
-1.4459
1.5736
1.887
0.4935
-0.70663
0.59912
1.0819
1.2085
0.3166
0.69688
-1.397
1.5581
-1.406
1.8097
-0.88285
-1.1189
-0.65293
-1.2638
-1.5186
-0.06474
-0.62671
-0.40167
2.282
0.53128
0.41753
0.54785
-2.7442
1.5099
-1.6323
1.9475
-0.41438
-0.08856
-1.2104
-0.78333
-2.2109
1.0075
0.41131
-0.11756
-1.1033
1.565
0.50812
1.8727
-1.0725
-1.8643
1.8053
1.4553
0.9127
-1.6369
1.3536
-0.85394
2.0141
1.4216
1.8624
-1.3166
-0.82962
-0.078624
-0.68307
-0.7802
2.0837
-3.1496
-0.40364
-1.2116
-0.45118
-0.89752
-1.0714
0.40531
1.5869
1.3033
1.7904
0.82034
1.5054
-0.73612
-0.58803
-1.0666
1.4915
0.63547
-0.86475
-0.73569
0.56988
0.78211
-0.82909
1.6891
-1.7835
-1.2712
1.0852
-1.6186
2.2021
-0.35125
-1.8524
-1.3325
-0.31659
1.2265
-1.8534
-1.7184
-1.432
2.4063
0.64901
0.33699
-0.69984
0.40922
1.0884
1.2613
1.9824
0.22619
-1.0527
-0.47624
1.1556
-1.5521
0.95175
0.81553
0.90009
-0.98609
-1.7114
0.9883
-0.90318
1.1892
0.51386
0.37012
0.82813
0.49919
1.5941
-2.0529
-2.3764
-1.4184
1.0769
0.82718
-0.12299
1.3599
-1.4786
-0.86606
-1.4863
0.18259
-1.2507
-1.2685
-1.6022
1.6642
0.41173
0.19875
-0.70085
-2.3462
-0.59529
1.2788
-0.59627
0.86635
-0.16062
-0.79742
0.43874
-0.92512
1.54
0.79161
0.5905
0.032926
1.4573
-1.3384
1.6249
-1.4784
-1.9942
-1.466
-1.2364
-0.10168
0.36924
-1.1721
0.68697
-0.4525
1.2095
0.48066
0.66284
1.5123
0.00018221
-0.28252
0.073605
-1.0083
-1.3017
-1.868
-1.0449
-1.3239
-0.21375
-1.4911
-0.93276
-1.9181
-1.3244
-0.80807
-1.3575
1.0373
-1.0653
-0.27231
-1.6531
-0.48004
1.4683
1.7536
0.76242
1.2799
-0.58069
1.9068
-0.18009
-2.4256
-2.2179
-0.48501
0.17654
0.34149
-0.53832
1.3006
1.7664
0.8458
-1.3227
-1.2599
1.2437
0.43512
-1.315
1.3526
0.20999
1.0653
0.22678
-0.18736
-1.5409
-1.5354
1.4937
-0.97291
-0.72126
-2.2128
-0.64924
-0.89558
-0.93066
1.5835
-1.5838
0.97861
-1.1869
0.99765
-0.16112
0.68684
0.57842
1.6891
-0.17819
-1.8274
-1.0347
0.92564
1.1586
1.2283
1.8402
0.41302
-1.1673
-2.4406
1.0416
-0.30139
2.2645
-0.93337
-1.4841
-0.9817
-1.1377
1.8088
