0.013546
0.15008
-0.23309
-0.44964
0.74424
0.80559
0.072545
0.10533
0.11794
-2.0162
-0.045069
1.257
0.18697
-0.72684
0.091904
0.51067
0.10944
0.284
-0.1259
1.8014
-1.1646
0.43385
0.14258
1.3918
-1.1019
0.17809
-0.0025786
-1.1946
0.77556
-0.0055212
0.22916
-0.0196
-0.12532
1.9373
-0.10858
-0.38644
-1.3642
0.030309
0.09584
1.0823
-0.88851
0.5005
-0.57712
-0.77127
0.18151
-0.043619
-0.12692
-0.78295
-0.96926
0.052072
-1.323
0.41071
1.7744
-0.052497
-0.65106
0.22622
-0.064688
-0.12843
-1.6759
-0.72277
0.20856
-3.53
0.962
-0.00062109
-0.14463
-0.42074
-0.019048
0.45281
0.87095
0.17722
-0.049656
-0.47529
0.7104
-0.11641
0.16758
0.70897
0.84028
0.08147
1.893
1.5274
-0.029249
0.03575
0.14219
-0.31886
0.97232
0.91364
-0.64787
-0.077744
-0.4122
0.83109
-0.12692
-0.28163
0.21126
0.022665
0.7158
-1.5674
-0.26919
0.69733
0.064586
-0.77879
-0.14675
1.2413
0.21219
-0.21498
0.32483
-0.12139
0.19702
0.053533
1.9997
-0.014254
-0.95759
1.3306
-0.66615
0.73328
1.227
-0.082466
0.1302
-1.254
0.045878
-0.055917
0.45113
-0.13673
0.082384
1.7201
1.1477
0.043832
1.3815
1.3807
-0.50568
1.2528
-0.021765
0.45123
0.11737
-1.115
0.25106
-0.53359
0.93369
1.2708
0.70229
-1.5007
-0.26267
-0.82437
0.51599
-0.0016695
1.013
-0.089044
1.2916
0.1314
-0.0081375
-0.028556
-1.778
-0.046551
-0.056625
-0.46373
-0.24769
-0.25515
0.71301
0.067645
-0.22537
0.05586
0.058049
0.77345
0.00769
-0.046051
-0.096759
0.32067
0.20011
-0.66053
1.3202
-0.35448
-0.2729
0.07202
0.43073
0.80767
-0.88111
-1.1878
0.2874
1.0287
-0.47948
0.065152
1.423
-0.18728
0.83199
0.17835
0.10755
0.12606
0.0018798
0.067321
-0.42309
0.47135
0.61635
0.65859
-1.4271
-0.051875
-0.1521
-1.3262
1.437
1.2934
0.77537
0.10663
-0.48993
0.14999
0.95271
0.074104
1.0772
-0.0096534
-0.6025
0.049715
0.43228
0.1201
1.2125
1.2845
-0.088071
1.1954
-0.10042
0.012776
0.041846
0.4859
2.6667
-0.16396
0.3109
1.536
-0.13844
-1.2553
0.22991
-0.055465
-0.8879
-1.3406
-1.9246
-0.22192
-0.71157
-0.010631
-2.3993
1.6207
-1.4137
-0.13906
-0.12949
-0.08044
-0.14142
0.060521
-0.42228
-0.11519
-0.031813
-0.12856
-0.52396
-0.12587
0.0051545
0.014451
0.68551
-0.80113
0.51401
1.1337
-0.52757
-0.35172
0.36793
0.061271
-0.95388
0.027314
-0.16986
0.078229
-0.5779
1.0972
-0.024295
0.13921
-1.0043
-1.0445
-0.1238
0.018455
0.0028303
0.94092
0.003285
-0.33163
0.80336
-1.1504
-1.816
1.8467
-0.067313
-0.42536
-0.043041
-0.49464
-0.11154
-0.15208
0.03535
-0.14035
0.44096
0.044865
1.5518
-1.3608
0.61347
-0.019703
-0.25942
-0.53761
0.51734
-1.0188
-1.1835
0.14035
0.53839
0.040017
0.40437
-0.045434
0.17604
0.064957
-0.01507
-0.11312
-1.723
-0.013105
1.0093
1.0695
-0.11306
-0.5248
-0.52898
-2.2652
0.31432
-0.0026518
-0.53596
-0.76077
-0.075985
-0.059269
0.011129
-0.89552
-0.81724
-0.9331
-2.3563
1.127
0.12867
-0.61325
-0.55944
1.567
-0.55547
1.8279
0.32819
-0.73126
0.035541
-1.3167
0.21288
-0.0072096
-0.10458
-0.47637
0.21796
-0.14785
0.78219
0.065263
0.61529
1.4486
0.43215
-0.22922
1.1836
-0.023568
0.049082
-0.054201
-1.5538
-0.15714
0.31171
1.1115
-0.61682
1.5496
1.7265
0.25875
0.033879
0.90639
-0.064765
0.009617
0.030039
-1.2406
0.068627
-0.10561
-0.10237
0.13075
0.85127
0.073554
0.41997
-2.1415
-0.081685
0.15883
0.36692
0.249
0.0047061
-0.068898
-1.7393
0.056918
0.92435
0.07177
0.043211
-1.4535
0.091451
-0.28883
0.41318
-1.1174
-0.36445
0.069857
-0.15891
-2.7402
-1.3913
0.11018
-0.67349
-0.18334
-0.36772
-0.32382
0.37517
0.083877
0.69555
-0.15842
0.21586
-1.465
-0.73226
-0.89295
0.15311
-0.098822
0.016481
-0.34943
-0.83306
-0.014116
-2.7098
-0.48555
-1.1583
-0.46934
0.52673
-0.88174
0.37022
0.086558
1.5578
0.011656
1.101
2.1229
-1.3702
-0.092967
-1.2487
0.16016
-1.0737
-0.063365
0.7044
-0.83875
0.23715
-0.058251
-0.16535
0.16866
0.20725
0.027998
-0.53585
0.03984
-1.1643
-0.97373
-0.57401
0.2227
0.28068
0.65091
0.23531
-0.76074
1.1427
-0.080097
0.0049277
-1.0945
1.6195
1.083
0.033189
0.067363
0.016998
0.15091
0.099214
0.018234
1.0825
0.29284
0.015708
1.1749
0.50467
-0.1474
-0.10289
1.1576
0.52728
-0.043713
-0.65319
-0.039883
-0.026893
-0.15498
-0.15109
0.11634
0.11489
-1.0356
0.0024014
0.39922
0.74273
-1.1915
0.63402
-0.032762
-0.43728
1.4215
1.4538
-0.26145
0.15204
-1.3804
-0.059057
-2.452
-1.4937
-1.2173
-1.389
-0.6101
-0.036684
-0.45695
-0.1243
-1.5877
-0.033182
2.0093
0.032387
-0.63882
0.016588
0.69784
-0.50502
0.041382
-0.63062
1.3255
-0.74077
-1.5758
-0.99115
-0.27571
-0.19744
2.8953
-1.5383
0.066586
0.8431
0.12735
-0.01741
1.0974
0.073827
-0.25234
-0.024743
-1.3171
1.1931
-0.45185
-0.049998
1.9623
0.97279
-0.15886
0.093902
-0.015112
-0.5013
0.068361
-0.21778
0.11504
1.1366
-0.51917
2.2193
0.94788
-0.77442
0.005077
-0.29309
0.35707
0.032254
0.69507
-1.5374
0.17248
0.31398
2.9706
-1.0889
-2.2992
0.71975
-1.005
0.76097
0.38769
0.59332
-0.20999
-2.3049
-0.10009
0.68063
0.085494
1.1181
-0.97777
0.079276
-1.1517
-1.5467
0.0053868
-1.0757
0.73195
-0.075599
1.086
-0.097949
1.6466
0.45883
0.37066
0.91435
-0.26914
-1.0659
0.76652
0.094695
-0.21297
-0.019785
0.048249
0.091409
0.2041
-0.080425
-0.79013
0.028667
-0.39795
0.85027
-1.7918
-0.10907
-0.057321
-0.18537
0.49738
-0.096102
0.28572
0.78112
1.142
-0.035948
-1.0015
0.22741
-0.6933
0.12743
0.11388
0.082938
-1.0499
-0.082114
0.083065
-0.077863
-0.67349
-2.0702
1.6717
-0.13385
-0.57077
-1.5111
-0.065759
-0.02431
0.045038
-1.5413
-0.66642
-0.98248
-0.60148
0.12963
-0.46682
-2.2543
1.0248
-0.74866
0.58666
-0.17533
-0.59085
0.20575
0.891
2.092
-0.74901
-0.062316
-1.5021
-0.02745
-0.11882
-0.37041
0.0062184
-1.794
-2.9756
-0.0040054
0.059573
0.57643
-0.2517
-1.0938
-0.030094
-0.27997
-0.6987
-1.3789
0.11371
-0.070832
0.12846
0.12253
1.5085
-0.36926
0.96986
-0.049939
-0.11914
0.26448
0.26454
0.11829
0.82065
-0.94994
-0.87168
0.21006
0.72455
0.61365
0.29726
-1.2671
1.4878
0.2361
1.1173
0.034386
-0.0039951
0.50753
-0.057279
-0.28517
-0.91503
-1.6042
-1.7915
0.0042845
0.7086
0.48001
-0.7371
-1.3167
1.3221
0.089521
-0.66196
-0.028783
0.49834
0.61022
0.24104
-0.22424
0.66353
0.24739
-0.11959
-1.5608
-1.454
-1.3656
-0.49268
1.3196
1.4332
0.020331
0.030239
0.33067
0.60776
-1.3293
-0.084343
-1.7563
0.14777
-1.1029
-0.15606
0.054308
0.028112
-0.056388
0.049301
-0.80899
-1.1505
-2.453
0.036076
-0.092064
-0.051057
0.16151
-0.038977
-0.44189
0.44493
-0.22419
-0.47258
0.8887
-0.80153
-0.0033289
-0.42366
-0.00082607
-0.030857
-1.9473
0.78077
0.77919
-0.14316
0.064685
-0.012293
1.1195
0.58719
-0.51406
-0.25615
-0.058183
0.94093
-1.6086
1.1605
-0.31725
1.2282
-0.0064328
-0.60287
-0.55604
-1.8456
-1.2828
0.065151
0.061359
0.13131
-0.91585
0.26536
1.4263
0.099107
0.0295
0.014213
-0.0070029
0.051128
-0.71418
-0.31661
0.0084068
-0.19335
-0.11615
0.072515
-0.029755
-0.10648
0.45646
-0.35186
0.90509
1.5393
0.52575
0.68933
1.4739
-1.3562
-0.12072
-0.10671
-2.587
0.0019179
1.4845
0.60685
0.09243
-1.489
-0.59961
-0.083355
-0.46879
0.041885
-0.10395
-1.5783
-0.59435
-0.40469
-0.13124
1.275
0.079153
0.74976
0.038043
-1.3662
-0.69441
0.71515
-0.22301
0.00050795
0.56702
1.9585
0.21985
0.85441
-0.11292
0.47955
0.12344
0.12887
0.061357
1.495
0.65477
0.76659
-0.84595
0.10139
-0.0082309
-0.0080482
0.46502
0.52534
-0.053252
-0.13242
-0.17848
-0.6598
-0.46686
-0.22397
-0.19929
-0.12326
-0.32961
0.02211
1.3376
0.11694
-0.074634
-0.0067215
-0.079563
-0.042539
-1.0874
-0.39546
-0.95382
-1.6594
1.339
0.085675
-0.36003
0.030247
0.19291
0.32874
-0.085248
-0.81129
2.7113
0.070399
0.33946
-0.15386
0.95416
-0.84935
-0.63243
-0.0090591
0.0010259
-0.069814
-0.97864
0.31489
-0.0535
0.084617
-0.18486
0.061766
-0.30606
-1.1579
-1.4264
-0.26578
0.42955
-0.13177
-2.2002
0.30646
0.013079
1.6743
-0.21121
0.34194
-0.04386
0.085522
-0.89616
1.6106
-0.92849
-1.6176
-0.31
0.4401
-0.11794
0.40434
-0.67835
1.2468
-0.59598
-1.3857
0.17387
0.34954
0.12178
1.0241
-0.084674
-0.17321
-0.92754
-0.098275
-0.30713
0.068505
2.2284
0.31113
-1.4406
0.80966
0.078938
-0.063425
0.36361
-0.68269
1.0334
0.69514
-0.27455
1.0056
0.44516
0.36573
-1.768
0.49027
-0.29286
-0.28776
-0.11827
-0.77574
0.10282
-0.14339
1.1237
-0.87439
0.02601
-0.71299
-1.9945
0.75664
-0.47878
-0.032179
1.3466
0.60858
0.68586
0.33249
0.47742
-0.28278
-0.030502
1.029
1.0199
-1.9989
0.10501
-0.30181
0.07818
-0.79222
-0.087157
-0.082866
0.071919
0.034728
0.41638
-0.79727
1.589
-0.15012
0.2328
0.12455
0.045345
-2.0017
0.076425
0.29228
0.54608
-0.76925
-0.9159
0.050303
1.9797
-0.0067137
-0.13367
-0.079729
0.65
0.94098
-0.1522
-0.23011
-0.65172
-0.046934
0.66846
2.1384
0.02579
-0.088599
-0.83246
-0.89713
1.0405
-0.10808
2.7255
0.26909
0.71356
0.76214
-1.4246
-1.3058
0.10435
0.60579
