-2.2994
-1.562
0.87292
-2.3585
0.2537
-2.7714
-2.8808
-2.6106
-0.96041
-2.4714
-1.4008
-1.5537
-2.8199
-2.1139
-0.8541
-0.39414
-1.5226
-2.5472
-1.0132
-2.7563
-0.23964
-2.4332
-2.6876
-2.1422
-2.7628
-2.5385
2.0289
-2.4693
-0.55231
-2.2419
-2.4936
-1.8958
-1.6994
-2.2082
-0.34302
-1.7586
-2.853
-2.8419
-2.729
-2.5426
-2.4637
-2.1812
-2.7464
-1.8589
-2.7334
-0.70152
-1.4885
0.27873
-0.58977
-2.8729
-2.3347
-0.76455
-2.7151
-2.0727
-1.7075
-2.1172
-2.7491
-1.5057
-2.6314
-2.5522
-2.703
-2.6386
-1.6597
-2.6847
-2.4473
-2.4562
-1.2779
-2.8566
-2.7054
-2.2221
-2.8135
-0.95893
-2.6928
-2.8881
-2.2056
-0.64992
-2.1122
-0.57194
-1.5653
-2.3457
-0.095693
-1.7822
-1.8095
0.48031
-2.7758
-2.8511
-2.775
-2.6351
-1.8349
-2.8002
-2.8202
-2.1391
-2.8956
-2.7955
-2.7537
-2.4888
-0.016499
-1.8143
-2.6393
-2.129
-2.7508
-2.8597
-1.3564
-2.2857
-1.6187
-2.4533
-2.1258
-1.8967
-2.7759
-2.176
-1.5933
-0.57675
-2.8253
-0.97588
-2.7871
-2.051
-2.2283
-2.8586
-2.6039
-2.5918
-2.1805
-2.059
-2.5886
-1.0375
-2.0658
-2.7768
-1.6815
-2.1011
-2.605
-2.5641
1.1532
-2.9298
-2.8585
-2.9021
-2.022
-2.5281
-2.5746
-0.66037
-0.75373
-2.8786
-2.1289
-2.6979
-2.4043
0.73005
-2.8333
-2.3906
-2.7353
-2.5947
1.4483
-1.4743
-2.4688
-2.45
-2.0206
-1.968
-2.4142
-1.9593
-2.0093
-2.8342
-0.086859
-0.57044
-2.122
-2.5514
-1.9269
-1.2426
-0.91951
-1.7561
-2.1441
-2.0369
-2.2445
-2.7507
-2.0332
-0.13113
-2.2531
-1.4974
-1.8449
0.32198
-2.5022
-2.6614
-1.8711
-0.30053
-1.4221
-2.5389
-2.2769
-2.6494
-2.087
-2.2236
-1.9865
-2.737
0.22077
-1.6508
-0.14748
0.59481
-2.8566
-2.6167
-2.5998
-2.5581
-1.4431
-2.0998
0.1077
-2.5483
-2.5153
-0.4352
-0.69598
0.27605
-1.8616
-2.2532
-2.6504
-2.7238
-1.8128
-2.8034
-2.3605
-1.8852
-2.1573
-2.7739
-2.4124
0.66825
-2.7202
-1.4418
-2.5519
-2.6234
-2.6623
-2.7321
-2.5819
-1.3295
-2.216
-2.6616
-2.5346
-2.7919
-2.9269
-2.6153
-2.4966
-2.659
-0.97112
-2.8582
-2.84
-2.8624
-1.9294
-1.9281
-1.7013
-0.59947
-0.25457
-1.9698
-2.7513
-1.9406
-2.6949
-2.6653
-2.0457
-1.5176
-2.3932
-2.7318
-2.5661
-0.81123
-1.4376
-2.0288
-2.8756
-0.60473
-1.4974
-2.8108
-2.6869
-2.6017
-2.4241
-2.7551
-2.3711
-2.4088
-0.55044
-2.6257
-2.1859
-1.8775
-2.5392
-1.8765
-2.3441
-2.6621
-2.2319
-1.707
-1.0298
-1.4318
-2.8638
-2.6632
-2.7471
-2.5634
-1.9228
-1.6316
1.3727
-2.8543
-2.661
-2.5782
-2.7129
-1.5994
-2.7811
-1.4282
-2.2225
-2.7416
-2.0719
-2.7709
-2.2029
-1.6762
-1.2011
-2.2709
-2.5908
-2.5484
-1.8841
-2.8553
-1.861
-1.9051
-2.7966
-0.60063
-2.691
-2.7117
-2.7473
-2.6697
-2.4569
-2.2044
-2.5228
-2.0824
-2.133
-2.9023
-2.8464
-2.3577
-0.49386
-2.5549
-1.5776
-1.0268
-1.4741
-2.6015
-2.8108
-2.8319
-2.5991
-2.8446
-2.6484
-1.5788
-2.6393
-2.6086
-0.53041
-2.6032
-2.8741
-2.9426
-2.5899
0.72229
-1.5747
-2.8874
-2.5406
-2.205
-1.0614
-1.3268
-2.8002
0.28703
0.1414
-2.0402
-2.7374
-2.5856
-1.8579
-0.044903
-2.6982
-1.0412
-2.6584
-1.4453
-2.7002
-0.36824
-1.0633
-2.1299
-2.0425
1.2402
-2.7675
-1.3378
-2.8607
-2.8989
-2.7127
-2.4668
-2.711
-2.7145
-2.8331
-2.785
-1.257
-1.0569
-0.88041
-2.8495
0.35778
-1.8099
-2.6905
-2.8555
-2.8552
-2.0706
-1.5828
-0.21817
0.66284
-2.8168
-1.0817
-2.3324
-0.13887
-2.6957
-1.7803
-0.75073
-2.6569
-2.1449
-2.6469
-1.9295
-0.11659
-2.6422
-1.9271
-2.4054
-0.76441
-2.6194
-1.7028
-2.925
-1.7163
-2.2441
-2.6032
-2.0855
-2.7137
-1.8907
-2.0899
-1.0559
-1.5571
-2.2313
-2.3778
-2.7463
-2.6581
-2.3978
-2.7638
-2.661
-1.1066
-2.8664
-2.8786
-1.1028
-0.36574
-2.4316
-2.657
-2.8757
-1.2933
-2.3484
-2.4889
-2.5571
-2.8661
-0.20234
-1.213
-1.4432
-2.6153
-2.4851
-2.5133
-2.5925
-2.5232
-2.2012
-2.656
0.35356
-2.2834
-2.4773
-2.7099
-2.7747
0.46737
-2.6826
-1.7885
-1.4659
-2.3893
-1.5073
-2.7379
-2.8219
-0.98031
-2.7983
-2.7426
-2.8069
-2.921
-0.79992
-1.8664
-2.7056
-1.9815
-2.8175
0.038543
-2.7936
-0.98598
-1.4365
-2.8585
-2.7163
-1.7038
-2.7483
-2.8998
-2.8654
-2.3708
-1.8278
-2.5383
-2.8329
-0.95225
-1.3431
-0.17442
0.49611
-1.4123
-2.9044
-2.6818
-2.8041
-1.6471
0.46545
-1.0663
-2.6366
-1.9877
-0.80321
-1.1471
-2.7276
-2.4523
-2.6072
-0.24467
-1.8816
-1.6279
-1.5491
-2.6189
0.050883
-0.63266
-2.4376
-2.1831
-1.6332
-2.3358
-2.8439
-0.55161
-2.7051
-2.5994
-2.227
-2.7176
-2.8234
-0.36843
-2.2143
-2.8063
-2.7081
-2.8706
-2.8814
-2.4042
-2.7073
-2.8235
-2.3261
-2.3695
-1.4826
-2.7466
-2.1462
-2.1613
-2.7236
-2.2257
-0.023074
-1.4085
-2.489
-2.7922
-1.8427
-2.4519
-2.7392
-2.4375
-2.6518
-2.6494
-2.1623
-2.6764
-2.9133
-1.0407
-2.5873
-2.151
-2.7279
-2.6053
-0.47191
-2.5611
-1.4495
-1.1333
-2.5007
-1.7882
-2.2196
-1.1896
-2.6169
-0.75898
-1.4468
-2.4862
-1.3873
-1.0568
-2.8442
-2.2064
-1.8913
-2.4305
-0.57252
-2.408
-2.8723
-2.8229
-1.3564
-2.5998
-2.8841
-2.8161
-0.72155
-2.1158
-2.4793
-2.8062
-2.3765
-1.805
-2.6182
-2.6278
-2.6913
0.26126
-2.5526
-0.18714
-1.9872
-2.2006
-2.1282
-1.8011
-2.3571
-2.2161
-0.7666
-1.9755
2.0819
-1.5116
-1.3142
-2.7092
-2.6303
-2.9088
-2.5893
-1.6487
0.45818
-2.8713
-1.1379
-2.8744
-2.6826
-2.7514
-1.7081
-0.85572
-2.9075
-0.57459
-2.7039
-2.8515
-1.4647
-1.7377
-2.7727
0.27616
-2.1748
-2.179
-2.4549
-0.51884
-1.8763
-2.5986
-2.7276
-2.8181
-2.1531
-2.025
-1.1976
-2.6901
-2.7609
-2.8205
-0.93677
-2.7003
-2.8908
-2.3015
-2.8715
0.56185
-0.54509
-2.8417
-2.8439
-2.8324
-2.247
-2.8158
-2.1071
-2.3419
-2.7689
-2.3348
-2.1626
-2.8034
0.061885
-2.9316
-2.4531
-2.0749
1.2407
-2.2513
-2.7924
-2.4554
-0.69508
0.27287
-2.8953
-2.8816
-2.6025
-2.5486
-2.1218
-0.54316
-2.6076
-2.3478
-0.31115
-1.4282
-2.1837
-2.5222
-2.2052
0.044209
-0.23255
-2.6781
-0.70153
-0.60867
-2.8091
-2.8064
-2.5313
-0.85216
-2.5429
-2.8536
0.55337
-2.645
-1.0651
-2.9144
-2.6058
-1.8724
-2.8905
-0.30731
-1.3739
-2.2057
-2.8245
-2.7167
-2.7151
-2.5917
-2.6426
-2.8796
-1.2258
-1.3678
-2.7866
-2.8284
-1.9549
-2.3243
-0.15728
-1.5315
-2.3866
-2.7965
-2.644
-2.811
-1.712
-0.36504
0.38632
-2.5271
-2.7677
-2.7458
-2.733
-2.8977
-0.88997
-2.555
-2.778
0.20038
-2.4453
-2.6701
0.19861
-2.3673
-2.3954
-1.0845
-2.2288
-2.1744
-1.4578
-2.8305
-2.6171
-1.9245
-1.2289
-2.3521
-1.8003
-2.7888
-1.1615
1.0635
-0.92247
-2.5027
-2.426
-2.6865
-2.8089
-1.0981
-1.819
-1.8565
-0.67012
-0.24839
-2.7141
-2.4249
-2.8653
0.6098
-2.8006
-2.6086
-1.4372
-2.1481
-2.3952
-2.2651
-2.3966
-2.3147
-2.6778
-2.855
-2.5907
-2.442
-2.8325
-2.5296
-2.6386
-0.65926
-2.7595
-0.0009051
-2.7086
-2.5346
-2.6692
-0.75101
-2.8971
-2.9067
-2.7745
-2.6325
-2.8689
-1.2651
-2.9343
-2.2095
-2.3754
-2.2674
-2.8401
-1.7444
-2.4399
-2.4698
2.0821
-2.3753
0.74461
-2.3434
1.3662
-2.0958
-2.7775
-0.3974
-2.758
-1.9886
-1.4484
-2.6217
-2.3597
0.81637
-0.15342
-2.0744
-1.8813
-2.8781
-2.5947
-1.9821
-2.7152
-2.7293
-2.6263
-2.5435
-2.9195
-0.89569
-2.2694
-1.7114
-1.7988
-2.7216
-2.7826
-0.15395
-2.7779
-2.8061
-1.9724
-2.8604
0.37551
-2.6096
-2.7126
-2.0204
-2.2762
-2.2625
-1.4222
-2.8391
-2.6081
-0.63488
-0.30433
-2.7588
-2.5456
-0.65842
-2.2229
-2.5263
-0.90549
-1.4332
0.39647
-2.8557
-1.3141
-2.2146
-2.8709
-2.3746
-2.5374
-2.8274
-2.8848
-2.7861
-2.7796
-0.68167
-2.3974
-1.3214
-2.8128
-2.7923
-2.9134
-2.8221
-2.6783
-2.5252
-2.7855
1.6799
-1.7545
-2.3977
-1.6277
-2.5362
-2.8492
-2.0568
-1.8773
-2.1052
-1.7679
-2.0234
-2.4126
-1.4837
-2.5908
-0.9684
-2.6788
-1.8342
-1.7109
-2.861
-1.6503
-2.2288
-2.2323
-2.751
-2.6644
-1.7487
-2.3784
-1.7833
-1.9081
1.7741
-2.897
-2.7686
-2.0898
-2.6451
-2.8
-2.394
-2.7212
-2.7288
-1.6116
-2.6039
-1.7867
-2.2603
-2.8557
-2.8013
-2.8805
-1.1943
-2.6572
-1.3295
-1.8944
-2.7607
-2.7879
-2.5077
0.58211
-2.7864
-2.1468
-1.4829
-2.7191
-2.8844
-2.3962
-2.6039
0.27548
-2.8515
0.37681
-1.3497
-1.0813
-0.76368
-2.9311
-2.7996
-1.1571
0.28442
-2.2033
0.42126
-2.7595
-2.5187
-2.4854
-1.8644
-0.9359
-2.299
-2.8852
-2.7039
-2.6773
-2.7935
-2.2631
-1.279
-2.3383
-2.559
-0.67737
2.1825
-2.7022
-2.1858
-1.0605
-1.0875
-2.3046
-2.4609
-1.1193
-0.57058
-2.522
-2.639
-2.4581
-1.6943
-2.768
-2.8703
-2.8195
-1.287
-2.8358
-2.6928
-1.3809
-2.8617
-0.30651
-2.1618
-2.4337
-0.89172
-2.862
-2.3674
-2.7972
-2.8863
0.22051
-2.2567
-2.3418
0.35773
-2.7048
-1.8038
-0.69086
-2.7877
-1.5754
-2.8207
-2.2742
-2.647
-2.2258
-1.9039
-2.4413
-2.2412
-1.8371
-2.7372
-2.8678
-2.6193
-2.9076
-1.9625
-2.7265
-2.7777
-2.2621
-2.3184
-2.8075
-2.0042
-2.5229
-2.8781
-2.7778
-2.6214
-2.381
-2.6262
-1.8644
-2.337
1.7064
-0.090593
-1.0582
-2.7341
-2.6841
-1.7892
-0.57546
-2.3813
-2.7957
1.7732
-2.7529
-2.84
-2.6585
-0.5447
-2.3482
0.11055
-2.6302
-1.5195
-2.3801
-2.1757
-2.8954
-2.2604
-2.8045
-2.272
0.53822
-2.6722
1.0637
-2.3403
-2.5351
0.9118
1.515
-2.782
-2.5401
-0.90355
-2.7464
-2.7736
-2.8907
-0.98159
-2.082
-0.54532
-1.2766
-2.7204
-2.7279
-2.7163
-2.1155
-2.3953
-1.013
-0.50508
-2.7217
-1.3903
-2.5849
-2.8884
-2.407
-2.5006
-2.3858
-1.937
-0.79595
-2.2122
-1.7764
-1.873
-2.1341
-2.5402
-2.7421
-2.6003
-2.1233
-1.618
-2.8244
-2.5023
-2.7601
-1.9285
-2.6002
-2.8182
0.49603
-2.214
-2.6983
-2.6291
-1.2414
-2.7978
-1.3155
0.59191
-2.8065
-0.61511
-3.2744
-2.5734
-2.5623
-2.4052
-0.21656
1.3892
-2.8531
-2.8183
-0.84327
-2.7208
-2.8324
-2.3054
-1.8692
-2.4805
-2.0488
-2.8782
-0.32691
-0.20698
-2.0262
-1.7808
-2.7688
-2.6551
-1.0354
-1.507
-1.5474
-2.7488
-1.0682
-1.7638
0.28531
-1.1973
-1.878
-1.0349
-2.806
-2.4231
0.24174
-0.48765
-1.367
-2.7915
-2.7431
-1.6863
-2.2343
-2.7343
-2.7912
-2.0116
-2.5981
-2.7514
-2.4644
-1.6285
-2.8325
-2.511
-1.7877
0.0972
0.20539
-2.6953
-2.8396
0.21863
-2.0923
-0.36149
-2.6975
-2.8448
-2.6167
-2.4828
-1.4026
-2.6479
-0.092146
-2.5358
-1.6329
-1.5739
-2.7851
-1.6815
-1.8947
0.88993
1.7815
0.36056
-2.6133
-1.7148
-1.4786
-2.3586
-1.7774
-2.5899
0.38308
-2.7145
-1.9626
-2.7694
-2.7772
-2.8439
0.70328
-2.7973
-1.5253
0.0781
-1.7482
-0.77164
-1.0304
-2.3017
-2.8053
-2.816
-1.6702
-1.5913
0.78945
-2.8127
-0.079036
-0.63515
-1.4632
1.9054
-2.8341
-0.34775
-2.8167
-2.6184
-2.7245
1.4543
-2.0074
-2.8017
-2.9158
-0.43218
-2.7191
-2.8703
-2.2072
-2.7789
-0.87491
-2.7382
-3.0374
-0.99733
-1.6712
-2.0131
-2.3945
0.32985
-1.3057
-1.074
-2.7059
-2.0948
-0.946
-1.5469
-1.9098
-2.7613
-2.09
-2.7779
-2.5644
-2.7421
-1.7284
-2.901
-2.7151
-2.7213
-2.7842
-2.3265
-2.6665
-2.2166
-2.7787
-1.5307
-1.2401
-2.0109
-2.845
-2.1981
-2.0813
-2.7286
0.21675
-2.6732
-1.9518
-0.6803
-2.585
0.66569
-1.8769
-2.8105
-2.4995
1.7155
-2.6321
-2.5723
-2.0247
-0.90351
-2.8424
-2.9268
-2.0817
-2.4003
1.4148
-1.8303
0.051697
-2.7787
-2.2741
-1.8549
-2.7015
-2.8853
-2.82
-2.3997
-2.7566
-1.3268
-2.4274
-2.4709
-2.8329
-1.5623
-2.2884
0.84209
-2.7198
-2.3964
-1.4664
-1.8042
-2.8488
-2.4278
-1.2158
-2.4059
-2.4317
-1.8402
0.98021
0.70569
-2.5209
-2.7753
-2.741
-1.0606
-2.2284
-2.3637
-2.7645
-2.5632
-1.0446
-2.3306
-1.9112
-0.66717
-2.2877
-0.027555
-2.7603
-2.7444
-2.7306
-1.5354
-2.3686
-1.6724
-2.6608
-1.9062
-2.7842
-2.6007
-2.5758
-2.7743
-2.7607
-2.6214
-1.9142
-2.8588
-1.2526
-2.6089
-2.5787
-1.0807
0.86476
-0.35107
-2.7477
-2.5805
-2.4637
-2.8172
-1.7106
-2.3915
-2.2707
-2.7191
-1.049
-2.5633
-2.7615
-2.6133
-2.0788
-2.8462
-0.98989
-2.7571
-1.9206
1.52
-2.6094
-0.65074
-2.2262
-1.7029
-2.2764
-2.6419
-2.1389
-2.7927
-2.6689
-1.3338
-2.8476
-1.3701
-2.6097
-2.3102
-2.4424
-2.6533
-2.8013
-0.62257
-2.7463
-2.3238
-2.502
-2.7828
-0.12299
-0.40659
-2.5506
-2.8751
-2.488
-2.2617
-2.6058
-2.1853
-2.8724
-2.5849
-2.7702
-2.172
-2.539
-0.73815
-2.5648
-2.6999
-2.3551
-2.5036
-2.3042
-2.4304
-2.7691
-2.7028
-1.4055
-2.8708
-2.3032
-2.6074
-2.2688
-2.7301
-1.4774
-2.782
0.038515
-2.5063
-2.1433
-1.6859
-2.443
-2.4245
-2.8372
-2.0867
-2.6151
-2.5525
-2.3175
-0.16661
-2.0756
-1.4739
-2.5013
-2.7432
-0.67393
-1.5936
-1.6794
-2.9238
0.834
-2.9207
-2.8156
-0.42298
-2.7904
-2.7398
-2.8053
-1.6674
-1.6187
-0.21738
-2.7613
-2.7429
-1.6697
-2.7313
-2.9416
-2.7703
-2.0304
-1.3708
-2.7891
-1.2855
-0.019772
-1.9805
-1.861
-2.859
-2.857
-2.3177
-2.8489
-2.806
-2.8313
-2.7191
-2.6674
-1.5415
-1.4178
-2.2995
-2.8618
-2.6624
-2.4541
-2.8499
0.62622
-2.0786
-2.8874
-1.5883
-2.7057
-2.4295
-2.5693
-2.8944
-2.8956
-1.3923
-2.8382
-2.349
-1.2411
-2.3966
-2.4621
-1.3322
-0.23731
-1.5318
-2.4463
-1.8808
-2.0996
-1.2992
-2.6624
-2.8608
-2.7337
-1.6492
-2.8954
-1.5219
-2.8443
-2.0131
-2.6531
