-0.045385
-0.11951
-0.15457
-1.268
-0.010545
-0.027921
-0.040313
0.52933
-0.0070088
0.095648
0.050049
0.1677
0.019914
0.051616
0.12247
-0.12344
-0.035674
-0.046131
-0.24236
-0.095401
0.078803
-0.06156
-0.043894
0.026446
0.12824
-1.513
0.15517
-0.056509
-0.12968
-0.14601
0.1107
-0.13611
-0.058498
0.14583
0.0235
-0.085311
0.066957
0.062773
0.027783
-0.025947
-0.098676
0.14062
-0.051561
-0.90091
0.077293
0.016383
-0.69082
0.06322
0.11697
-0.75053
-0.4681
-0.095574
0.14311
0.082747
0.10637
-0.0025575
0.14892
-0.20513
-0.1102
-0.15098
0.12872
0.010112
0.12409
-0.044104
-0.0019312
0.18169
0.17307
0.032716
-0.022503
-0.041207
0.022003
0.021019
0.076786
0.046446
-0.18793
-0.063535
0.071659
0.10721
-0.20509
0.087215
-0.88332
0.21338
-0.23456
0.052264
0.12182
0.060711
-0.10239
0.16436
-0.0064379
0.10392
0.84729
-0.0074471
0.19557
0.052214
0.071099
0.11357
-0.13177
0.039381
-2.0857
0.019073
0.010149
-0.43723
0.043454
-0.021415
-0.091359
0.033835
-0.092941
-0.17645
0.052894
-0.13168
-0.027157
-0.033298
0.044048
-0.09458
0.083331
-0.14525
-0.015321
0.072331
0.39159
0.024943
0.13355
0.1144
-0.068149
0.043626
-0.061208
-0.003139
0.026598
0.037107
0.037814
0.65015
0.056473
-0.72352
-0.0078517
0.00089199
0.15369
0.095903
0.039195
-0.048494
-0.075893
0.15469
0.10476
0.12231
0.23362
-0.10882
0.048401
-0.070233
0.16129
0.14935
-0.024065
0.1181
0.0092446
-0.019502
-0.12535
0.073696
0.032787
0.094149
0.0020249
0.01276
-0.029312
0.15355
-0.89525
0.018954
-0.12018
-0.11977
-0.094145
0.057062
-0.11244
-0.067791
0.095854
0.015851
-0.10235
-0.058254
0.023344
-0.17557
0.015681
-0.10147
0.13656
-0.038579
-0.00949
0.0332
-0.024972
0.016023
0.051397
0.014323
0.053233
0.088592
-0.034717
-0.098388
0.20728
-0.11732
0.029382
0.024214
0.18922
0.061915
0.15729
0.091027
0.19585
0.081082
0.039047
0.044846
0.42611
0.14267
0.11879
0.083423
-0.055918
0.019512
0.12044
-0.55985
-0.15406
0.10444
-1.27
0.12489
-0.052271
-0.032154
-0.087295
0.18958
-0.092393
0.041352
-0.0070269
-0.13189
-0.0061679
0.12467
0.10712
0.062662
-0.095461
-0.19753
-0.049421
0.091456
0.13556
-0.029294
-0.00060574
-0.26937
-0.021188
0.041024
0.03127
0.016012
-0.047658
0.059507
-0.0447
0.1244
0.021429
-0.21438
0.0073954
0.11336
-0.0050686
0.79883
0.1326
-0.16308
-0.081351
0.064485
0.022052
0.18747
0.062232
0.01874
0.14816
-0.021185
-0.037929
0.030255
-0.14793
0.16697
-0.14922
0.074681
-0.015946
0.081355
0.84043
-0.021558
-0.087346
0.11479
0.010806
0.043744
-0.023064
-0.0865
0.03214
-0.26967
-0.072609
0.0013629
-0.084406
-0.13611
-0.015708
-0.074523
0.046604
-0.0036456
1.6577
0.0081014
0.29081
0.015109
0.33311
-0.11582
0.12394
0.043951
-0.11405
-0.097154
-0.015034
0.08438
0.075979
-0.1278
-0.13223
1.0387
0.053907
-0.16505
-0.056266
-0.02884
0.0015886
0.14986
-0.024986
-0.074424
-0.10029
0.031903
-0.050545
0.046898
-0.11509
-0.15765
-0.11221
0.021756
0.059251
-0.097667
0.063334
-0.16605
-0.52308
0.063957
-0.01161
0.028769
0.010825
-0.063522
-0.014431
0.025298
-0.32008
0.016535
-0.11722
0.12098
0.0020896
0.094921
0.020332
0.10839
0.035654
0.097999
0.11084
-0.10935
0.089574
0.027491
0.11111
-0.126
-0.12046
0.068043
0.16085
-0.019509
0.097495
2.7251
0.030875
0.063301
0.012906
0.82492
0.01314
-0.041582
0.19266
-0.015192
0.16189
-0.052071
-0.033735
-0.067014
-0.015864
-0.47094
-0.053842
0.14113
0.96284
0.55312
0.1909
0.015232
0.063333
0.15107
0.10218
-0.064499
-0.068796
0.099083
0.029827
0.067101
-0.14367
-0.10912
-0.00087043
0.039976
-0.11537
-0.12405
-0.031782
-0.2537
0.073026
-0.023308
0.095079
0.010427
-0.049004
-0.13999
0.082992
0.032476
-0.063344
0.050365
0.01517
-0.044852
-0.15696
0.0016454
-0.052936
-0.042331
0.19476
-0.094037
-0.07857
-0.023888
0.054962
-0.083781
0.0027575
-0.011158
0.011625
0.019288
0.0071847
-0.003297
0.069586
0.12393
-0.062223
-0.02698
-0.17546
0.1583
0.036716
-0.20385
-0.075202
0.067241
0.084003
0.11173
-0.1303
-0.0068002
-0.16494
0.077826
-0.045812
-0.02078
-0.038719
-0.093299
-0.083344
0.12684
0.03054
0.13546
-0.0008909
-0.075311
0.10892
0.0079023
0.14607
0.1246
0.098871
-0.027191
0.004468
0.020381
-0.090202
-0.035417
0.083594
-0.047237
0.095579
0.004939
-0.02248
-0.14911
0.02374
-0.11916
0.16355
0.076238
0.74292
-0.069886
0.0027532
0.0054181
0.11392
0.15547
-0.097846
0.26808
-0.14566
0.11844
-0.023453
-0.03624
0.070313
-0.032714
-0.076493
-0.12282
-0.020765
0.063782
-0.03207
-0.011012
-0.13555
-0.0071999
-0.011211
0.010843
-0.4802
0.13987
0.0028585
1.3325
-1.9513
0.027063
-0.1701
1.5625
0.015124
0.044284
-0.049584
0.16907
-0.044648
0.33376
-0.15975
-0.081238
0.053498
0.078018
0.093349
-2.4582
0.05034
0.037203
-0.059742
0.094171
-0.058863
0.078484
0.36861
-0.090985
-0.11512
-0.041295
-0.19198
0.056782
-0.11106
-0.36564
0.13727
-0.062884
1.4072
0.025985
1.8542
-0.08647
0.22406
0.19676
-0.020102
-0.8762
-0.017641
0.06835
-0.055905
-0.0096425
-0.21528
0.17301
-0.072874
0.56913
0.082461
-0.037622
0.046756
-0.070085
-0.047901
-0.028756
-0.0058235
0.073622
0.20471
-0.026125
0.082674
-0.10864
-0.18412
0.089777
0.044207
0.030986
-0.074142
0.14614
0.11343
0.0042272
-0.0095595
0.00246
0.059958
-0.060448
-0.14452
0.036308
-0.03596
-0.20376
-0.022819
0.01319
-0.076454
0.16837
-0.00094594
-0.19282
0.072069
-0.029413
0.19899
-0.66642
-0.21714
0.073983
0.061319
0.67216
0.084845
-0.040215
0.050307
0.051005
-1.4393
-0.041441
-0.049596
0.00042083
-0.0082234
-0.055709
0.01655
-0.03441
0.063756
-0.0042189
0.054183
-0.0083326
-0.19525
-0.16466
0.17885
0.068121
0.014821
0.063277
-0.05103
0.039427
0.050711
0.050157
0.048197
-0.05966
-0.22328
0.20076
0.20569
0.099212
-0.043695
-0.10602
-0.50979
-0.13256
-0.080213
-0.26248
-0.017477
0.1009
-0.034784
0.13624
0.040324
-0.035169
0.034017
-0.14397
0.029138
-0.020837
0.18978
-0.074535
-0.0087844
-0.059132
-0.038716
0.12019
-0.0027372
-0.12413
0.067823
0.037401
0.048923
-0.042105
0.024372
0.17979
-0.063896
-0.0015844
-0.028271
0.094812
0.20677
0.19873
0.012301
0.067081
0.059408
-0.046496
0.085861
0.10492
-0.022948
0.61614
0.037347
0.12503
0.21173
0.017435
0.057089
-0.10193
-0.15003
1.0618
-0.053469
0.027905
-0.065715
0.17135
0.034984
-0.090599
-0.10742
0.030351
0.069822
-0.0080497
-0.26723
0.09058
-0.013733
0.05718
0.10518
0.073924
0.021585
-0.11465
-0.053423
0.080508
-0.013585
-0.036137
0.020702
-0.043083
-0.01128
-0.03504
0.027638
-0.65489
-0.13576
0.0022187
-0.051705
-0.14016
-0.10474
-0.092807
-0.057951
-0.11114
-0.11325
0.25777
-0.10873
0.027458
-1.1102
-0.021783
0.019273
0.069569
0.065039
0.11061
0.011953
0.084029
0.018632
0.13236
-0.0077714
-0.010632
-0.021288
0.056726
-0.16819
0.00013206
-0.099471
0.039227
-0.17428
-0.77971
0.19701
0.048181
0.1723
-0.09392
-0.027864
-0.015547
0.0099948
0.042365
0.048408
-0.11535
0.015296
-0.05613
-0.25958
0.054337
0.017396
-0.11988
-0.14141
0.099643
0.036784
0.16392
0.34955
-0.11939
-0.042593
-0.093729
0.046672
0.089898
-0.011779
-0.031475
0.063787
0.013268
0.059785
0.059423
-0.1336
0.14078
-0.076119
-0.044781
-0.55289
-0.38567
-0.033229
-0.018001
0.01098
0.099562
0.09384
0.047205
-0.036566
-0.11528
-0.028119
0.12151
0.080952
0.18905
0.054032
-0.08405
0.14651
0.021925
-0.06105
0.087635
0.0087815
-0.066167
-2.8609e-05
0.020778
-0.00191
0.10066
-0.03046
0.0076206
0.020475
-0.049576
0.14711
0.042315
0.06514
0.14846
0.6292
0.19284
-0.12332
0.023658
-0.10424
0.028391
0.0078815
0.061525
-0.16609
0.33068
0.12392
-0.00077009
-0.12705
0.060544
-0.041763
-0.9439
-0.35388
0.11783
-0.10171
-0.039512
-0.13221
0.11268
-0.32158
0.0864
-0.16743
0.067906
-0.044265
0.84852
-0.10185
-1.0224
-0.24427
1.9785
-0.86557
-0.008673
0.14198
0.23757
-0.15471
-0.083758
0.10131
-0.15129
0.21549
-0.07168
0.13737
-0.045803
0.11391
0.017657
-0.068302
-0.028836
-0.047595
0.11404
-0.025512
0.012662
-0.21846
0.51522
0.023609
0.9532
-0.089331
0.026806
-0.074617
0.041118
-0.029573
-0.075517
-0.10201
0.21422
0.021793
0.15597
0.080486
-0.082139
-0.071945
0.01972
-0.019299
-0.13737
0.0013695
1.271
-0.11475
0.040469
-0.022602
0.034281
-0.072033
-0.09833
0.15864
-0.15664
-0.067072
-0.091322
-0.072991
-0.13383
0.050672
0.11157
0.98265
0.091122
0.010531
-0.082486
0.056691
-0.12328
-0.031481
0.036963
0.038079
-0.12447
-0.090444
0.084298
-0.023843
0.18302
-0.045335
-1.2495
-0.060014
-0.83804
0.05696
0.0056006
-0.082546
-0.15712
0.030148
-0.092252
-0.0032547
-0.081973
-0.0078607
-0.084471
0.16823
-0.060634
-0.039854
-0.035273
-0.16648
-0.054877
-0.53284
-0.12651
0.11077
0.059653
-0.017441
0.18793
-0.032764
-0.17838
0.056863
-0.019752
0.08699
-0.087945
0.16516
-0.032886
0.11081
0.019207
-0.11171
0.010225
0.83356
-0.045986
0.054995
-0.004054
1.0749
0.088512
-0.0050511
-0.03273
0.062146
0.090961
-0.053956
0.039668
0.17026
0.063619
0.037589
-0.4832
-0.093727
0.54116
-0.057165
0.025926
0.026024
-0.010175
0.15064
-0.066484
-0.23367
0.040864
0.80487
0.014804
0.087126
-0.16441
-0.040222
0.043208
-0.035092
-0.0039244
-0.015508
-0.13914
0.20316
0.026924
-0.077651
0.013756
0.080556
0.024834
-0.017634
0.022382
0.032626
0.049975
-0.019421
-0.07451
-0.060299
0.10558
0.12242
-0.012094
0.22801
-0.0070116
-0.12706
0.034523
-0.052084
0.010606
-0.20059
0.00058298
0.73879
0.034094
0.01851
-0.074244
0.13042
-0.022134
-0.15076
0.13771
0.18769
0.087479
