-2.6809
-2.5262
-1.4217
-2.437
-2.0856
-2.8034
-2.8533
-1.4613
-1.214
1.2366
-1.9472
-2.8667
-1.8211
1.0556
-0.11322
-2.3325
-1.8313
-2.9485
-1.9532
-2.3198
-2.884
-2.1651
-2.7354
-2.61
1.2274
-0.6962
-1.6633
-2.8054
-1.4058
-1.7783
0.48014
0.66816
-2.6153
-2.4878
0.53952
-2.7937
-0.011787
-2.6565
-2.3964
-2.7507
-1.4509
-2.1126
-2.193
-2.1553
1.8634
-1.3484
-2.387
-2.8075
-2.273
-2.9628
-2.7665
-2.7174
-1.5504
1.2134
-2.4617
-1.7258
-2.6584
-2.1091
-2.7984
0.28088
-2.7841
-2.7805
1.0727
-2.5481
-2.4096
-2.1114
-2.7585
-2.7018
-1.176
-2.8827
-2.8846
-2.8102
-2.8469
-0.34718
-1.6276
-2.8397
-2.7394
-1.8452
0.17367
-2.6202
1.0641
-1.1636
-2.7072
-2.1082
-2.7304
-1.526
-0.66678
1.2781
-1.3652
-1.5508
-2.7378
-2.6814
-1.9854
-1.7812
-2.7906
-1.5866
-2.8054
-2.6285
-0.58643
-1.1023
-0.89604
-0.90988
-2.7488
-2.6372
-1.7604
-2.1157
0.53622
-1.4776
-2.8628
-0.79042
-2.3863
-2.3616
-2.4617
-2.6949
-1.6641
-2.8611
-1.6805
-2.6805
-1.7493
-1.6627
-1.2947
-2.7001
-2.6999
-2.6314
-2.7384
-2.8081
1.0583
-2.5231
-2.7532
-1.3567
-2.4981
-2.2817
1.3101
-2.0142
-1.9658
-1.0996
-2.8912
0.47329
-0.92204
-2.5242
-2.8627
-2.7472
-1.0318
-2.555
-1.2202
-0.4999
-0.035979
-2.752
-2.3947
-1.7281
-0.70606
1.2809
-1.3318
-2.6284
-2.2479
-2.3993
-2.5568
-2.1375
-2.3392
-2.4622
-2.8818
-0.68849
1.3395
-1.6062
-1.2752
-2.5074
-2.7296
-2.5943
-1.7207
-2.4443
-1.5968
-2.0247
-2.5931
-1.2559
-1.1424
-2.8361
-2.8064
-1.921
-2.6005
-2.8506
-1.1857
-2.2925
-1.5648
-2.76
-1.9032
-2.6691
-0.8389
-0.2621
-2.8444
-2.3096
-1.0707
-2.7026
-2.5532
-2.8298
-2.0436
-2.6764
-0.63679
-2.6055
-2.6294
-2.7437
-2.4215
-0.81387
-1.0563
-2.8139
-1.9076
-1.6269
-2.7761
-0.84616
-1.9121
-1.8925
0.85635
-0.821
-2.5226
-2.8286
0.02378
-1.4736
-1.9171
-2.3146
-2.7498
-1.9219
-1.053
-2.6208
-2.8776
-2.5371
1.7887
0.3908
-2.7348
-2.4876
-2.8071
-2.7172
-2.7859
-2.5732
-0.20864
-1.3307
-1.4997
-2.7821
-2.6065
0.032736
-1.5569
-1.209
-0.78263
-2.3385
-2.4286
-2.8224
-0.96399
-2.7241
-2.8735
-1.5523
-2.4437
-2.4405
-2.1458
0.16849
-2.6709
-2.6978
-2.692
-2.8491
-2.7165
-2.8806
-2.4363
-1.3358
-2.7222
-0.90729
-2.1811
-1.0503
-2.6522
-2.3851
-2.6238
-2.7429
-0.56546
-2.6546
-0.66144
-1.556
-0.38352
-1.3523
0.055388
-1.7396
-2.7867
-2.7902
-2.8251
-2.6537
-2.744
-1.1492
0.05807
-2.4913
-2.7544
-2.3391
-2.8355
-2.5684
-0.75559
-2.7881
-0.98337
-2.8162
-2.2418
-2.2457
-1.9565
-2.8184
-2.756
-1.7907
-2.3285
-2.6134
-2.8634
-1.9297
-1.3235
-2.8631
-1.0974
-2.5723
-2.1338
0.15878
-0.94579
-0.58238
-2.819
-0.80761
-2.4985
-2.7901
-1.8331
-1.876
-2.5829
-1.3319
-2.5964
-2.7623
-2.594
-2.504
2.2368
-1.5214
-1.283
-1.9098
-2.6879
-1.8143
-0.16042
-2.098
-2.4695
-2.3626
0.99669
-1.7508
-2.5146
0.91223
-1.1148
-2.6492
-1.9507
-2.4822
-1.9201
-1.4986
-2.4174
0.55302
-2.5939
-2.5981
-2.7657
0.79515
-2.0155
-2.8983
-2.5171
-2.5237
-1.3006
-2.2904
-2.5522
-2.7917
-1.7899
-1.2937
-1.5923
-2.8822
-2.8286
-2.9486
-2.5446
-1.3914
-1.5202
0.59854
-2.7237
-1.7118
-2.7567
-1.6542
-1.5842
-2.1898
-2.4721
-2.8383
-2.7905
-2.5734
-2.845
0.8921
-1.6435
-2.4395
-2.8259
-2.8341
-1.333
0.50017
-2.6731
-2.7857
-2.5562
-2.6553
-2.4565
-0.14983
-2.484
-2.7092
-2.5004
-0.80687
-1.4228
-2.5724
-2.8627
-1.6006
-2.6128
0.71919
1.1418
-1.6513
-2.1341
-2.3357
-2.7985
-2.7711
-2.6196
0.20176
-2.6697
-2.7746
-2.0902
-0.48122
-2.6058
-1.9557
-2.7446
-1.4524
-2.8705
-1.8883
-2.6269
-2.353
-1.4906
-2.3916
-2.8189
-2.2818
0.12135
-2.5268
-2.5009
-2.0799
-2.1581
-2.2354
-2.1688
-2.73
-2.5114
-0.68548
-2.7602
-1.1883
-0.83428
-1.6211
-2.6103
-2.8514
-2.7815
-2.3582
0.3692
-2.8139
-1.0249
-2.3792
-1.5158
-2.6222
-1.451
-2.2891
-2.8295
-2.5621
-2.6491
-1.215
-2.4829
-2.8802
-2.0419
-2.6282
-2.7874
-1.3344
-1.8969
0.039498
-2.7342
-2.6151
-2.1261
-2.8691
-2.697
-2.5481
-2.6634
-2.4015
-2.4698
0.97785
0.018295
-2.6648
-2.5124
-0.23127
-2.4299
-2.3821
-2.022
-0.23861
-1.7064
-2.8265
-0.37497
-2.836
-1.4738
-2.8393
-2.6431
-2.5418
-2.6225
0.8132
-2.61
-2.7851
-2.38
-0.85953
-2.334
-0.18026
-2.7571
-2.79
-2.4988
-2.3645
-2.6541
-1.5547
-2.3507
-2.2126
-2.9165
-2.0093
-1.048
-1.8881
-2.8387
-2.7214
-2.7704
-2.164
-0.5217
-1.6868
-0.87012
-2.4986
-2.5083
-2.507
-2.7748
-0.8299
-2.3021
-1.2076
-2.886
-2.7048
-1.0245
-2.6499
-2.1926
-2.6261
-2.8318
-2.3028
-2.0709
-0.0055787
-2.8319
1.2631
-2.684
-2.584
-2.0782
-2.409
-2.3969
-2.8149
-1.6786
0.17358
-2.7728
-0.87847
-2.6703
-2.538
-2.3814
-2.5681
-1.6552
-1.6294
-2.7378
-2.8037
-2.3762
-2.6653
-2.818
-0.4526
-2.7005
-2.2475
-2.3316
-2.7952
-0.51079
-2.0415
-2.6837
-0.98615
-1.9868
-2.4481
-2.7793
-2.7628
-2.7116
-2.2442
-2.409
0.85844
-1.3223
-1.7242
-2.6285
0.95856
-2.103
-2.603
-0.54318
-2.6
-2.5273
0.68679
0.020049
-1.7959
-1.894
-2.6945
-2.7302
-1.4427
-2.5663
-1.7291
-2.8359
-1.7967
-2.6817
-1.5976
-2.5722
-2.8674
-2.0182
-2.3501
-2.7935
-2.8043
-1.3297
-1.9742
-2.7846
-1.715
-2.6576
-2.1231
0.28471
-2.5523
-2.0104
0.15184
-1.8164
-1.2352
-2.6191
-2.2072
-2.8522
-1.636
-2.7016
1.1163
-2.7881
-0.28767
-1.9145
-1.4572
-2.5613
-0.99772
-2.5666
-2.1887
-2.0385
-2.7221
0.40623
-0.18935
-2.1213
-1.6834
-0.86305
-0.60741
-2.7598
-2.2763
-1.8575
-1.5673
-2.498
-0.53317
-1.3289
-2.428
0.024681
-2.7254
1.1095
-2.4399
-2.5542
-1.2377
-0.45447
-1.6502
-2.5903
-2.6197
-2.566
-2.7363
-2.0673
-2.5275
-2.688
-2.6596
-1.6392
-1.9756
0.19901
-2.8093
2.0807
-2.7858
-2.5603
-0.80674
0.66226
-1.3872
-2.232
-2.8144
-2.2397
-1.8255
-2.1463
-0.064345
-2.7473
-0.84799
-1.4296
-1.7332
-1.8911
-2.6234
-2.7733
-1.94
-0.51948
-1.5158
-2.6591
-2.5675
-1.7314
-0.089646
-2.0254
-1.766
0.80573
-2.8556
-1.6129
-2.1769
-2.791
-2.4667
-2.637
-2.4428
-1.4671
-2.4212
-0.70611
-2.5305
-2.7975
-2.7756
-2.2374
-2.7602
-1.6674
-2.0764
-2.7667
-2.7184
-2.3638
-2.6061
-2.6646
-1.0447
-2.7772
-2.8225
-2.4997
-2.6579
-2.3802
-2.7272
-2.3985
-2.5485
-2.8676
-2.2958
-2.6808
-1.4621
-1.3869
-1.4978
-1.0133
-0.34724
-2.6978
-2.8762
-2.3189
-2.4304
-2.7658
-0.89801
0.70903
-2.8682
-1.565
-2.6344
-2.7173
-2.0087
0.10976
-2.8361
-1.9703
-2.8407
-0.56347
-1.2484
-1.9322
-2.6684
-2.4754
-2.5819
-1.0323
0.91176
-2.8053
-2.8203
-2.3332
-0.41822
-2.6077
-2.3623
-1.0082
-2.8633
-0.62788
-2.6422
-2.8698
-2.3539
1.535
-2.6153
0.62556
-2.8711
-2.6462
-1.9343
-1.1071
-2.4919
-2.4035
-1.8271
-1.4206
-1.5564
-1.1378
-1.8558
0.49378
-1.5806
-2.8197
-0.52162
-2.295
-1.2562
-2.2468
-2.1975
-2.2004
-2.8761
-1.1803
-2.6204
-2.1486
-0.73716
0.21372
-0.40053
-1.6378
-2.632
1.6867
0.3274
-2.5107
-2.5963
-2.8768
-2.3314
-2.0589
-2.5354
-2.5167
0.29828
-1.8177
-2.6299
-2.467
-2.4789
-2.6752
-2.3781
-2.3756
-2.7122
-2.3321
-2.5959
0.57427
-2.8056
-0.15138
-2.8059
-2.142
-2.7742
1.2929
-1.2523
-1.6655
-0.41024
-2.7903
-2.8783
-2.803
-1.9412
-1.607
-2.9199
-2.7682
-1.8434
-2.4552
-2.44
-2.5667
-2.8565
-1.0823
-1.371
-2.8405
-0.023022
-2.8163
-2.8855
0.37352
-0.39898
-2.7496
-2.1492
0.61282
-2.3473
2.2663
-2.6542
-2.3102
-1.7376
-2.6976
-0.62435
-2.4173
-2.1776
0.65881
-2.7136
-3.0038
-0.63961
-2.6067
-1.2631
-2.0949
-0.97909
-1.8125
-2.0642
-2.5233
-0.96707
-0.51665
-2.7526
-2.0945
-2.3926
-1.2372
-1.7093
-1.2
-2.804
-2.6389
-2.9047
-1.8451
-2.7228
-2.7899
1.8426
-2.7455
-1.3275
-2.9278
-2.0409
-0.73541
-2.1863
-0.70131
-2.2926
0.85661
-1.1775
-2.6599
-2.1721
-2.1628
0.21758
-2.0747
-2.3838
-2.5193
-2.331
-2.6496
-1.8948
0.29397
-2.8741
-2.9727
-2.724
-2.4758
-1.4073
-2.488
-2.8609
-2.575
-0.86135
-1.9865
-1.8866
-2.8809
-2.4242
-1.1678
-1.8656
-1.1186
-2.7369
-2.3608
-2.7899
-1.9159
-2.8686
-2.8557
-2.4555
0.4392
-2.8917
-2.2322
-1.1889
-2.4686
-2.8458
-0.10534
1.0089
-1.5716
-1.7997
-2.7142
-0.19083
-2.423
0.69985
-2.3471
-2.3485
-1.67
-2.8004
-2.9117
-2.4903
-2.4599
-2.8113
-0.39464
-2.8328
-2.7041
-2.5133
-2.844
-1.7827
-2.6237
-2.7593
-2.2969
-2.7964
-2.7963
-2.8077
-2.8536
-1.9884
-1.4424
-2.0523
-2.7619
-2.6815
-2.3683
-1.0136
-2.0025
-2.8503
-1.6883
-2.5947
-1.531
-2.743
-1.2494
-2.1347
-1.534
0.30942
-1.7995
-2.7361
-1.7272
-2.7535
-2.5439
-2.8178
-2.3036
-2.2844
-2.6711
-1.201
-2.6608
-2.6895
-2.518
1.2941
-2.709
-1.8564
-0.91422
-2.1062
-2.4218
-1.6629
-1.4982
-1.0205
-0.3411
-1.9329
-1.0104
-2.8081
-2.68
-2.9011
-2.3681
-0.47423
-2.8114
-2.3585
-2.0785
-2.8485
-2.3064
-2.8946
-0.096361
0.44582
-2.4658
-0.168
-2.0579
-1.4795
-2.384
-0.77913
-0.53536
-1.3664
-1.5053
-2.2791
-2.6137
-2.7836
-1.9677
-2.8358
-2.8465
-2.7217
-2.8982
-2.729
-1.1738
-1.2769
-2.3728
-2.811
-1.2409
-1.9037
-2.5487
-2.4134
-2.2623
-2.7372
-2.8552
-1.3477
-2.1924
-2.6927
-1.2898
-2.8338
-2.6989
-1.9668
-1.9093
-2.9349
-2.7461
-2.5011
-2.5403
-2.5857
-2.8335
0.94724
-2.1012
-2.3227
-2.8572
-1.587
-2.0096
-2.7292
-2.5282
-2.904
-2.1305
-1.3679
-0.86257
-2.1135
-0.98664
-0.55845
1.8861
-2.4509
-2.6868
-2.4672
-1.9198
-1.7207
-2.6563
-2.8107
-2.9261
-2.2443
-2.5698
-0.095776
0.90771
-1.409
-2.794
-2.8004
-2.4663
0.42878
1.2951
-2.1662
-2.5877
-0.65763
-2.5574
-2.6833
-2.2469
-0.95364
-2.9317
-2.0464
0.65408
-2.8722
-1.8334
-0.86154
-2.7058
-2.1426
-0.77415
-0.31103
-1.9365
-2.8847
-2.8621
-2.8144
-2.4278
-2.35
-2.5073
-0.45868
-2.1534
-2.1407
-2.8069
-0.67117
-0.17495
1.296
-2.761
0.21713
-2.2828
-2.5158
-2.811
0.35531
-2.6909
-2.7907
-2.4277
-2.2148
-2.9636
-2.8325
-2.6478
-2.8699
-2.3985
-1.563
0.64642
-2.1686
-0.86864
-0.9125
-1.896
-0.47165
-1.9323
-0.058405
-2.1594
-2.5484
-2.7831
-1.4635
0.39117
-2.3319
-1.2155
-2.4116
-2.26
-2.049
-2.2583
-2.3921
-2.6828
-2.7214
-2.3899
-2.5088
-1.4503
-1.2854
-2.4107
-2.5692
-2.8169
-1.9514
-0.31742
-2.5275
-2.2437
-2.411
-2.7871
-2.2405
-2.7327
-2.5245
-2.7638
-2.7202
-0.3682
-2.8552
-2.1625
-2.8146
-1.763
-2.5411
-1.6236
-2.6648
-2.2081
-2.5567
-2.7892
-2.1058
-2.878
-2.4418
-2.5149
-2.8701
