-0.375830,0.220783,0.218428,0.219916,0.229230
1.150700,0.315490,0.316652,0.317681,0.291760
-0.865050,0.263245,0.263721,0.263827,0.297710
0.603500,0.263933,0.259516,0.263135,0.266850
1.272000,0.296450,0.293405,0.298213,0.274920
-0.399890,0.223199,0.220828,0.222443,0.233050
-0.468850,0.230595,0.228381,0.230179,0.244450
1.433900,0.253836,0.242709,0.254450,0.241700
1.003200,0.320035,0.321780,0.321951,0.300870
-0.950010,0.264391,0.265063,0.265063,0.300950
0.567850,0.257949,0.253632,0.257021,0.261070
0.249800,0.219627,0.217957,0.218763,0.211590
0.038021,0.207883,0.206852,0.207047,0.196210
1.171400,0.313193,0.313855,0.315349,0.289460
-1.631600,0.183424,0.177028,0.183532,0.191060
-1.114700,0.258605,0.258786,0.259360,0.295180
-0.387870,0.221978,0.219610,0.221166,0.231130
0.320430,0.225674,0.223477,0.224671,0.220910
1.363100,0.274352,0.266791,0.275514,0.257500
0.987390,0.319344,0.320876,0.321178,0.301070
-0.974680,0.264215,0.264900,0.264914,0.301120
-0.682340,0.252586,0.252018,0.252948,0.278700
0.064443,0.208855,0.207812,0.208067,0.196920
0.803870,0.298685,0.296254,0.299163,0.292990
-0.768810,0.258910,0.258939,0.259396,0.289480
0.728150,0.285900,0.282177,0.285803,0.284750
-0.428900,0.226244,0.223901,0.225629,0.237780
0.114170,0.211081,0.209969,0.210343,0.199250
-1.871200,0.133695,0.123097,0.133430,0.128000
0.534390,0.252579,0.248445,0.251559,0.255500
-1.973600,0.112293,0.100479,0.111794,0.103770
1.428200,0.255568,0.244715,0.256227,0.243040
0.764530,0.292196,0.289019,0.292366,0.289010
2.106600,0.067166,0.051851,0.066085,0.076289
1.178400,0.311102,0.311191,0.312868,0.288630
1.474800,0.241097,0.228113,0.241391,0.231870
-0.945160,0.264397,0.265065,0.265065,0.300880
-1.382400,0.227601,0.224546,0.227864,0.253360
1.608100,0.197803,0.180732,0.197233,0.197360
1.860800,0.122376,0.104770,0.121391,0.130600
1.172200,0.313096,0.313737,0.315250,0.289360
-1.187400,0.252586,0.252065,0.253257,0.287500
1.251500,0.300575,0.298433,0.302445,0.278310
-1.198200,0.251520,0.250873,0.252172,0.286110
-1.689600,0.171810,0.164418,0.171871,0.175440
0.600700,0.263455,0.259041,0.262646,0.266400
-0.373540,0.220559,0.218208,0.219682,0.228870
-1.641100,0.181550,0.174998,0.181653,0.188520
-1.102100,0.259436,0.259709,0.260196,0.296200
-1.354800,0.231778,0.229079,0.232091,0.259240
-0.329350,0.216485,0.214254,0.215427,0.222190
-0.179060,0.207262,0.205791,0.205960,0.204130
-1.380400,0.227909,0.224880,0.228176,0.253800
0.782120,0.295149,0.292287,0.295454,0.290870
-1.927900,0.121745,0.110383,0.121350,0.114290
0.009046,0.207000,0.205968,0.206099,0.195850
0.138380,0.212341,0.211172,0.211606,0.200840
0.848400,0.305407,0.303966,0.306247,0.296610
-1.126600,0.257762,0.257848,0.258509,0.294130
1.709500,0.165650,0.147624,0.164742,0.170090
-1.664700,0.176845,0.169892,0.176930,0.182170
-3.123300,0.002772,0.000415,0.002486,0.001986
1.135600,0.316908,0.318368,0.319112,0.293280
-0.796710,0.260478,0.260660,0.260993,0.292320
1.266100,0.297672,0.294894,0.299467,0.275910
0.257550,0.220231,0.218511,0.219352,0.212530
-1.001600,0.263751,0.264420,0.264476,0.300900
-1.191100,0.252226,0.251662,0.252891,0.287030
-1.271600,0.243197,0.241609,0.243692,0.274980
0.890800,0.310960,0.310524,0.312139,0.299110
0.606770,0.264493,0.260073,0.263709,0.267370
-1.060800,0.261707,0.262213,0.262468,0.298860
0.720220,0.284503,0.280682,0.284352,0.283760
-2.009400,0.105062,0.093017,0.104486,0.095886
-0.921780,0.264306,0.264937,0.264947,0.300330
1.148600,0.315701,0.316907,0.317893,0.291980
0.586700,0.261083,0.256700,0.260220,0.264150
1.621500,0.193458,0.176165,0.192826,0.193780
-1.878200,0.132212,0.121509,0.131930,0.126290
-0.552360,0.239810,0.238138,0.239779,0.258500
0.730380,0.286291,0.282597,0.286210,0.285030
1.649900,0.184328,0.166668,0.183582,0.186140
0.099431,0.210370,0.209285,0.209622,0.198430
0.730120,0.286246,0.282548,0.286163,0.285000
-0.744050,0.257317,0.257194,0.257775,0.286680
0.532510,0.252286,0.248164,0.251261,0.255190
1.042800,0.320810,0.322886,0.322889,0.299710
-0.943150,0.264398,0.265063,0.265063,0.300840
1.239200,0.302882,0.301251,0.304811,0.280240
0.488990,0.245750,0.241965,0.244649,0.247850
0.644950,0.271143,0.266761,0.270538,0.273270
-1.205000,0.250827,0.250099,0.251467,0.285200
0.707380,0.282231,0.278266,0.281993,0.282100
-2.098400,0.088018,0.075935,0.087274,0.077841
1.194000,0.310223,0.310227,0.312321,0.286660
0.909740,0.313113,0.313119,0.314436,0.299920
-1.645800,0.180618,0.173988,0.180718,0.187250
0.228540,0.218038,0.216495,0.217213,0.209130
-0.752610,0.257889,0.257820,0.258357,0.287670
0.269480,0.221189,0.219387,0.220286,0.214010
1.020300,0.320541,0.322467,0.322534,0.300480
1.671000,0.177632,0.159785,0.176817,0.180470
0.353140,0.228917,0.226430,0.227858,0.225730
-1.509900,0.206292,0.201653,0.206441,0.223090
-1.223800,0.248825,0.247864,0.249427,0.282550
-0.449370,0.228456,0.226167,0.227944,0.241180
1.018200,0.320492,0.322400,0.322477,0.300540
-1.938100,0.119618,0.108141,0.119200,0.111900
-1.982000,0.110581,0.098703,0.110064,0.101890
-1.449200,0.216816,0.212933,0.216998,0.238080
-1.151200,0.254562,0.254102,0.254968,0.291710
0.958580,0.317559,0.318602,0.319223,0.301050
1.619300,0.194170,0.176911,0.193548,0.194380
0.439040,0.238917,0.235597,0.237786,0.239460
1.345800,0.278972,0.272303,0.280261,0.261080
-0.146610,0.206356,0.205022,0.205086,0.201440
-1.301700,0.239286,0.237293,0.239712,0.269640
-1.196600,0.251680,0.251053,0.252336,0.286320
2.167600,0.056685,0.042724,0.055550,0.065405
-2.082800,0.090893,0.078759,0.090174,0.080846
1.014900,0.320409,0.322284,0.322379,0.300630
-1.255000,0.245235,0.243869,0.245769,0.277750
0.075633,0.209313,0.208259,0.208540,0.197340
1.269300,0.297013,0.294091,0.298790,0.275380
1.436100,0.251883,0.240265,0.252165,0.241190
0.490540,0.245974,0.242176,0.244875,0.248110
1.616400,0.195110,0.177897,0.194501,0.195160
0.182140,0.214904,0.213587,0.214144,0.204410
1.891100,0.114526,0.097085,0.113547,0.123120
-1.951900,0.116755,0.105135,0.116305,0.108710
-0.932930,0.264375,0.265026,0.265029,0.300630
1.523100,0.225556,0.210706,0.225496,0.219700
0.520210,0.250387,0.246351,0.249335,0.253120
-0.486040,0.232498,0.230368,0.232167,0.247350
0.621520,0.267041,0.262617,0.266321,0.269680
-1.934300,0.120410,0.108974,0.120000,0.112780
0.997260,0.319800,0.321470,0.321686,0.300960
-1.793600,0.150162,0.140867,0.150062,0.147790
-2.411600,0.043462,0.036027,0.042776,0.032501
0.633200,0.269078,0.264668,0.268414,0.271490
-1.650000,0.179784,0.173082,0.179880,0.186130
0.140850,0.212476,0.211300,0.211741,0.201010
1.665400,0.179401,0.161597,0.178603,0.181970
0.876070,0.309139,0.308353,0.310202,0.298350
-0.960650,0.264344,0.265025,0.265028,0.301070
1.053700,0.320775,0.322884,0.322887,0.299220
-1.470200,0.213248,0.209107,0.213415,0.232990
-0.579550,0.242716,0.241270,0.242791,0.262980
-1.375900,0.228600,0.225628,0.228875,0.254780
-1.383800,0.227384,0.224312,0.227645,0.253070
1.494600,0.234775,0.220978,0.234920,0.226930
1.110500,0.318777,0.320611,0.320984,0.295530
-0.590220,0.243830,0.242477,0.243943,0.264720
1.449600,0.249005,0.237141,0.249496,0.237980
0.390060,0.232945,0.230106,0.231838,0.231480
1.012000,0.320327,0.322173,0.322284,0.300690
0.989170,0.319432,0.320990,0.321276,0.301060
-2.103400,0.087108,0.075047,0.086356,0.076892
-1.568200,0.195613,0.190187,0.195746,0.207960
0.791210,0.296644,0.293957,0.297021,0.291780
-1.685900,0.172562,0.165237,0.172627,0.176450
1.274100,0.296008,0.292868,0.297759,0.274560
-0.576020,0.242344,0.240868,0.242405,0.262410
0.383190,0.232165,0.229393,0.231065,0.230390
-0.643050,0.249067,0.248174,0.249340,0.272980
-0.821210,0.261650,0.261950,0.262189,0.294510
-0.232570,0.209620,0.207875,0.208330,0.209580
1.326100,0.284009,0.278346,0.285435,0.265010
-0.354700,0.218762,0.216450,0.217804,0.225970
-0.603890,0.245233,0.243999,0.245392,0.266910
1.560200,0.213442,0.197449,0.213137,0.210060
-0.705470,0.254481,0.254090,0.254883,0.281840
-0.182670,0.207387,0.205899,0.206084,0.204460
1.652400,0.183531,0.165845,0.182776,0.185480
1.921500,0.106936,0.089671,0.105961,0.115810
1.451700,0.248353,0.236392,0.248827,0.237470
-1.247200,0.246163,0.244900,0.246714,0.278990
2.694700,0.016994,0.015561,0.016920,0.012232
-1.178200,0.253460,0.253043,0.254147,0.288650
-0.366490,0.219877,0.217538,0.218969,0.227780
0.448870,0.240203,0.236787,0.239073,0.241100
1.042400,0.320809,0.322884,0.322887,0.299720
-0.514440,0.235649,0.233693,0.235453,0.252140
1.254000,0.300090,0.297842,0.301948,0.277900
-0.668040,0.251347,0.250664,0.251679,0.276670
-2.398000,0.044872,0.037210,0.044161,0.033904
-1.112700,0.258741,0.258937,0.259497,0.295350
0.504010,0.247947,0.244037,0.246867,0.250380
-1.132800,0.257300,0.257333,0.258042,0.293560
1.436800,0.252950,0.241684,0.253541,0.241010
1.382700,0.268913,0.260341,0.269927,0.253290
1.348600,0.278237,0.271424,0.279505,0.260510
-1.208400,0.250474,0.249705,0.251107,0.284730
0.283770,0.222381,0.220476,0.221450,0.215860
0.764250,0.292149,0.288967,0.292316,0.288980
1.902900,0.111546,0.094172,0.110569,0.120250
1.107800,0.318942,0.320806,0.321147,0.295750
-0.972480,0.264240,0.264925,0.264937,0.301120
-0.899400,0.264027,0.264607,0.264644,0.299500
-0.613560,0.246207,0.245057,0.246396,0.268440
0.765120,0.292297,0.289129,0.292471,0.289080
1.822200,0.132783,0.114982,0.131791,0.140370
0.893600,0.311292,0.310922,0.312493,0.299250
0.511250,0.249028,0.245061,0.247960,0.251610
-1.063000,0.261603,0.262100,0.262365,0.298750
0.233440,0.218395,0.216825,0.217562,0.209680
-2.377900,0.047034,0.039019,0.046287,0.036081
-0.994400,0.263903,0.264580,0.264622,0.301000
0.183800,0.215009,0.213685,0.214247,0.204560
-0.487840,0.232698,0.230578,0.232375,0.247650
0.761300,0.291647,0.288415,0.291792,0.288660
-1.746000,0.160172,0.151748,0.160156,0.160330
1.531800,0.222723,0.207581,0.222602,0.217470
1.044400,0.320812,0.322895,0.322896,0.299640
0.424160,0.237026,0.233852,0.235897,0.237000
1.927100,0.105569,0.088339,0.104594,0.114480
2.315700,0.037221,0.028226,0.036116,0.043461
0.980780,0.318993,0.320424,0.320791,0.301110
0.921800,0.314365,0.314645,0.315777,0.300330
0.922630,0.314447,0.314746,0.315866,0.300350
-0.641560,0.248927,0.248021,0.249196,0.272760
0.368090,0.230500,0.227873,0.229419,0.228020
-1.606000,0.188413,0.182426,0.188535,0.197940
-1.264000,0.242851,0.241046,0.243058,0.276270
-0.519130,0.236168,0.234245,0.235993,0.252940
-0.062404,0.205762,0.204658,0.204672,0.196860
0.808240,0.299378,0.297038,0.299891,0.293380
-0.038751,0.206011,0.204942,0.204985,0.196220
1.398000,0.264530,0.255177,0.265426,0.249920
-0.791430,0.260200,0.260355,0.260710,0.291800
1.939400,0.102601,0.085448,0.101627,0.111600
-0.325200,0.216129,0.213914,0.215056,0.221590
1.015300,0.320419,0.322299,0.322391,0.300620
-1.253300,0.245439,0.244096,0.245977,0.278020
0.695280,0.280081,0.275998,0.279764,0.280480
-1.507600,0.206703,0.202093,0.206852,0.223660
-0.592650,0.244082,0.242749,0.244203,0.265110
0.800280,0.298111,0.295606,0.298561,0.292650
-1.133700,0.257232,0.257257,0.257973,0.293470
-2.580600,0.028763,0.023043,0.028399,0.018530
0.114750,0.211110,0.209997,0.210372,0.199290
-1.064600,0.261527,0.262016,0.262289,0.298660
-1.623500,0.185012,0.178748,0.185125,0.193250
-2.116500,0.084751,0.072759,0.083978,0.074455
2.167900,0.056637,0.042684,0.055502,0.065349
-2.700800,0.020489,0.014830,0.020198,0.011955
-1.576000,0.194144,0.188606,0.194275,0.205910
-1.665800,0.176624,0.169652,0.176708,0.181860
2.521000,0.022897,0.020201,0.022353,0.022756
1.365100,0.273807,0.266142,0.274954,0.257080
-0.191120,0.207699,0.206171,0.206393,0.205250
-1.594700,0.190587,0.184772,0.190712,0.200940
2.132500,0.062546,0.047749,0.061440,0.071542
0.107750,0.210766,0.209667,0.210024,0.198880
1.130800,0.317312,0.318856,0.319519,0.293740
-0.438230,0.227247,0.224925,0.226679,0.239330
0.925590,0.314738,0.315102,0.316178,0.300440
-0.657340,0.250388,0.249616,0.250696,0.275110
-1.103700,0.259334,0.259596,0.260094,0.296080
-1.546100,0.199723,0.194606,0.199862,0.213760
0.977630,0.318814,0.320193,0.320593,0.301120
1.280500,0.294640,0.291205,0.296355,0.273460
1.765900,0.148758,0.130748,0.147780,0.155050
0.419030,0.236389,0.233266,0.235262,0.236160
-0.718590,0.255492,0.255197,0.255915,0.283550
-2.670200,0.022470,0.016840,0.022177,0.013406
-0.901260,0.264057,0.264642,0.264676,0.299580
0.631980,0.268865,0.264452,0.268194,0.271300
-0.111660,0.205813,0.204596,0.204604,0.199110
-1.195300,0.251810,0.251198,0.252468,0.286500
-0.652240,0.249922,0.249107,0.250218,0.274360
0.620860,0.266926,0.262502,0.266203,0.269580
-0.191180,0.207702,0.206173,0.206395,0.205260
0.158880,0.213496,0.212265,0.212754,0.202400
1.280400,0.294662,0.291231,0.296377,0.273460
-0.547810,0.239317,0.237607,0.239267,0.257750
1.279600,0.294835,0.291441,0.296555,0.273600
-0.915350,0.264244,0.264863,0.264879,0.300120
-1.715500,0.166502,0.158641,0.166531,0.168490
1.092300,0.319752,0.321759,0.321944,0.296920
-2.247300,0.062111,0.051352,0.061115,0.052802
-1.524000,0.203759,0.198937,0.203903,0.219470
-0.088940,0.205689,0.204532,0.204532,0.197910
1.129300,0.317434,0.319003,0.319642,0.293890
0.438060,0.238790,0.235480,0.237659,0.239300
-0.636060,0.248405,0.247451,0.248659,0.271920
-1.992100,0.108534,0.096587,0.107995,0.099650
2.266200,0.042775,0.031931,0.041624,0.050096
-1.077600,0.260867,0.261291,0.261631,0.297900
-0.211800,0.208577,0.206944,0.205677,0.207320
-0.599160,0.244751,0.243475,0.244895,0.266150
0.111510,0.210950,0.209843,0.210210,0.199100
0.440560,0.239114,0.235779,0.237982,0.239720
-1.219500,0.249294,0.248387,0.249905,0.283180
-1.912600,0.124952,0.113775,0.124592,0.117910
-1.015200,0.263407,0.264055,0.264143,0.300620
0.403570,0.234520,0.231549,0.233401,0.233650
1.021600,0.320569,0.322507,0.322568,0.300450
1.019700,0.320527,0.322448,0.322518,0.300500
1.816300,0.134413,0.116586,0.133421,0.141910
-0.621870,0.247030,0.245953,0.247245,0.269740
0.873640,0.308827,0.307983,0.309871,0.298220
-1.066700,0.261425,0.261904,0.262188,0.298550
-0.425300,0.225859,0.223510,0.225227,0.237190
1.762900,0.149635,0.131618,0.148659,0.155850
1.525000,0.224938,0.210023,0.224864,0.219220
-1.215200,0.249756,0.248903,0.250376,0.283780
-0.469170,0.230630,0.228417,0.230216,0.244500
-1.560200,0.197109,0.191797,0.197244,0.210070
1.807900,0.136752,0.118888,0.135760,0.144060
0.893220,0.311247,0.310868,0.312445,0.299230
0.375810,0.231343,0.228642,0.230252,0.229230
1.093800,0.319684,0.321680,0.321878,0.296820
-0.360570,0.219313,0.216987,0.218379,0.226860
0.250570,0.219686,0.218011,0.218821,0.211680
-1.174400,0.253812,0.253436,0.254504,0.289100
0.841590,0.304432,0.302832,0.305216,0.296120
0.169220,0.214109,0.212842,0.213360,0.203260
0.690000,0.279141,0.275013,0.278792,0.279760
-1.164600,0.254694,0.254422,0.255400,0.290250
-0.527780,0.237123,0.235261,0.236987,0.254390
0.738880,0.287778,0.284200,0.287758,0.286060
1.105400,0.319083,0.320973,0.321287,0.295940
-1.878000,0.132254,0.121554,0.131973,0.126330
1.043700,0.320811,0.322891,0.322893,0.299670
0.133450,0.212076,0.210920,0.211341,0.200490
2.088500,0.070540,0.054910,0.069477,0.079746
0.050539,0.208324,0.207289,0.207512,0.196500
-0.507790,0.234912,0.232912,0.234685,0.251020
0.771830,0.293430,0.290380,0.293656,0.289800
1.415700,0.259324,0.249083,0.260081,0.245930
-0.415480,0.224820,0.222457,0.224139,0.235580
-1.440900,0.218204,0.214422,0.218393,0.240050
-0.142630,0.206272,0.204953,0.205008,0.201140
1.709600,0.165620,0.147593,0.164711,0.170060
-1.122100,0.258088,0.258210,0.258837,0.294540
1.324100,0.284506,0.278944,0.285946,0.265410
1.069500,0.320527,0.322637,0.322679,0.298390
-0.278790,0.212505,0.210509,0.211294,0.215210
0.768280,0.292832,0.289719,0.293030,0.289420
1.955800,0.098719,0.081674,0.097742,0.107800
-1.757200,0.157829,0.149199,0.157795,0.157350
0.719030,0.284293,0.280457,0.284133,0.283610
0.947620,0.316710,0.317540,0.318303,0.300920
-0.037560,0.206028,0.204961,0.205005,0.196200
-0.585300,0.243318,0.241922,0.243414,0.263920
-1.590800,0.191333,0.185577,0.191460,0.201980
1.302800,0.289630,0.285128,0.291210,0.269440
-1.445300,0.217470,0.213634,0.217655,0.239000
1.399700,0.264036,0.254597,0.264918,0.249560
-1.001500,0.263753,0.264423,0.264478,0.300900
-1.296900,0.239928,0.237999,0.240364,0.270530
-1.734900,0.162485,0.154266,0.162486,0.163300
2.037900,0.080586,0.064261,0.079569,0.089865
-0.706710,0.254579,0.254197,0.254983,0.282010
1.946800,0.100839,0.083733,0.099864,0.109860
-1.892800,0.129123,0.118211,0.128809,0.122710
1.252600,0.300362,0.298174,0.302227,0.278140
1.206400,0.308392,0.307988,0.310451,0.285010
0.530160,0.251920,0.247814,0.250889,0.254790
-2.361700,0.048847,0.040536,0.048073,0.037905
-1.788400,0.151262,0.142060,0.151171,0.149130
-0.291370,0.213420,0.211359,0.212240,0.216870
-2.014400,0.104067,0.091999,0.103480,0.094816
1.455500,0.247170,0.235035,0.247614,0.236560
-0.412490,0.224506,0.222140,0.223811,0.235090
-1.675700,0.174629,0.167484,0.174704,0.179180
-0.741390,0.257135,0.256995,0.257590,0.286360
1.259200,0.299066,0.296592,0.300897,0.277060
2.844700,0.012490,0.010163,0.012479,0.006783
1.304900,0.289139,0.284534,0.290705,0.269060
1.845900,0.126340,0.108655,0.125351,0.134330
1.185800,0.311356,0.311612,0.313477,0.287710
0.470260,0.243101,0.239484,0.241982,0.244690
-1.582500,0.192913,0.187281,0.193043,0.204180
-1.194700,0.251870,0.251265,0.252529,0.286570
-1.475100,0.212404,0.208202,0.212568,0.231780
0.287350,0.222687,0.220756,0.221749,0.216340
-1.274500,0.242832,0.241205,0.243320,0.274490
1.197300,0.309749,0.309648,0.311838,0.286230
-1.135300,0.257110,0.257120,0.257849,0.293320
0.431180,0.237909,0.234666,0.236779,0.238160
-0.829550,0.262004,0.262341,0.262550,0.295200
0.700830,0.281068,0.277037,0.280787,0.281230
-0.231970,0.209587,0.207846,0.208297,0.209510
1.391300,0.266463,0.257451,0.267411,0.251430
0.551120,0.255231,0.250997,0.254254,0.258300
1.378300,0.270152,0.261806,0.271199,0.254260
1.743800,0.155276,0.137229,0.154317,0.160910
1.436100,0.251883,0.240265,0.252165,0.241170
-1.103000,0.259379,0.259645,0.260139,0.296130
1.565600,0.211675,0.195538,0.211337,0.208670
0.917540,0.313933,0.314118,0.315315,0.300190
-0.661300,0.250746,0.250007,0.251063,0.275690
-1.812700,0.146116,0.136481,0.145977,0.142830
1.267200,0.297446,0.294619,0.299235,0.275720
-1.312900,0.237765,0.235621,0.238165,0.267560
1.589300,0.203927,0.187226,0.203454,0.202390
2.015500,0.085314,0.068752,0.084313,0.094574
-2.222200,0.067291,0.056458,0.066423,0.056567
-0.785710,0.259889,0.260013,0.260393,0.291240
-1.146100,0.256258,0.256170,0.256987,0.292240
-1.077100,0.260894,0.261320,0.261658,0.297930
0.984960,0.319219,0.320714,0.321040,0.301090
-1.175800,0.253683,0.253292,0.254373,0.288930
1.192300,0.310463,0.310520,0.312566,0.286880
-0.479620,0.231786,0.229623,0.231423,0.246270
1.175100,0.312739,0.313302,0.314887,0.289020
-1.411500,0.223014,0.219594,0.223235,0.246870
-0.189810,0.207649,0.206127,0.206343,0.205120
1.103800,0.319173,0.321080,0.321376,0.296070
-1.463800,0.214344,0.210281,0.214515,0.234540
-1.065200,0.261498,0.261984,0.262260,0.298630
-0.076218,0.205696,0.204566,0.204570,0.197360
-1.337500,0.234305,0.231832,0.234652,0.262760
0.301300,0.223913,0.221873,0.222946,0.218220
0.638170,0.269950,0.265550,0.269310,0.272240
2.392800,0.030360,0.024224,0.029410,0.034454
0.732680,0.286694,0.283031,0.286630,0.285310
1.453400,0.247824,0.235785,0.248285,0.237060
-0.908270,0.264159,0.264762,0.264786,0.299860
-0.410290,0.224276,0.221909,0.223570,0.234730
1.563700,0.212297,0.196210,0.211970,0.209150
-0.806860,0.260987,0.261220,0.261512,0.293260
-1.274300,0.242857,0.241233,0.243346,0.274530
0.739350,0.287860,0.284289,0.287843,0.286120
1.378800,0.270012,0.261640,0.271055,0.254160
0.378430,0.231633,0.228907,0.230539,0.229640
-0.316070,0.215363,0.213186,0.214259,0.220280
0.817110,0.300764,0.298614,0.301349,0.294160
-1.276900,0.242528,0.240869,0.243011,0.274080
0.388840,0.232806,0.229979,0.231700,0.231280
-0.817370,0.261479,0.261762,0.262014,0.294190
0.086437,0.209778,0.208712,0.209019,0.197800
-1.147800,0.256120,0.256016,0.256847,0.292070
1.415200,0.259472,0.249257,0.260234,0.246030
-1.942200,0.118765,0.107244,0.118338,0.110940
1.129000,0.317458,0.319032,0.319666,0.293920
0.836300,0.303660,0.301939,0.304401,0.295720
-2.770900,0.016257,0.010571,0.015941,0.009122
1.713300,0.164486,0.146452,0.163571,0.169080
-1.403200,0.224340,0.221024,0.224573,0.248760
-0.208630,0.208432,0.206815,0.207126,0.206990
-0.817490,0.261485,0.261768,0.262020,0.294200
-0.970530,0.264261,0.264946,0.264956,0.301120
1.535500,0.221516,0.206255,0.221370,0.216500
-1.296500,0.239981,0.238057,0.240418,0.270590
1.240500,0.302645,0.300960,0.304567,0.280050
1.298000,0.290740,0.286472,0.292350,0.270330
1.110000,0.318808,0.320648,0.321015,0.295570
-0.589550,0.243761,0.242401,0.243872,0.264610
-0.609860,0.245836,0.244654,0.246014,0.267850
-0.631160,0.247935,0.246939,0.248176,0.271170
-1.094300,0.259918,0.260243,0.260680,0.296780
0.258770,0.220328,0.218599,0.219446,0.212680
-0.287700,0.213147,0.211105,0.211958,0.216380
0.852600,0.305998,0.304655,0.306872,0.296900
1.093100,0.318502,0.320121,0.320313,0.296870
-0.840850,0.262446,0.262830,0.263003,0.296060
1.070300,0.320508,0.322617,0.322662,0.298340
-0.614610,0.246311,0.245171,0.246504,0.268600
0.427880,0.237492,0.234281,0.236362,0.237610
0.970540,0.318380,0.319640,0.320118,0.301120
1.487700,0.236987,0.223466,0.237183,0.228660
-1.701200,0.169441,0.161840,0.169488,0.172330
0.515050,0.249602,0.245605,0.248541,0.252250
-1.474000,0.212594,0.208406,0.212759,0.232050
-0.850210,0.262779,0.263201,0.263346,0.296740
0.470130,0.243083,0.239467,0.241964,0.244670
-0.317510,0.215482,0.213299,0.214383,0.220490
1.904500,0.111145,0.093781,0.110168,0.119860
-0.843620,0.262547,0.262943,0.263108,0.296270
-2.315100,0.054428,0.045238,0.053594,0.043533
1.343100,0.279677,0.273147,0.280985,0.261630
1.278200,0.295136,0.291807,0.296864,0.273860
-0.854610,0.262925,0.263363,0.263496,0.297040
-0.781020,0.259626,0.259724,0.260126,0.290760
-0.813580,0.261306,0.261571,0.261838,0.293860
-1.430500,0.219925,0.216271,0.220124,0.242490
0.299550,0.223756,0.221730,0.222793,0.217980
-0.181630,0.207350,0.205868,0.206048,0.204360
-1.629800,0.183777,0.177411,0.183887,0.191560
0.990830,0.319512,0.321094,0.321365,0.301040
-1.264000,0.242851,0.241046,0.243058,0.276260
1.224500,0.305469,0.304413,0.307461,0.282450
0.907990,0.312923,0.312889,0.314234,0.299850
-0.207610,0.208386,0.206775,0.207080,0.206890
0.719120,0.284309,0.280474,0.284150,0.283620
-0.996250,0.263866,0.264541,0.264586,0.300980
1.829700,0.130726,0.112961,0.129734,0.138460
1.248600,0.301131,0.299111,0.303015,0.278780
0.440080,0.239051,0.235721,0.237920,0.239640
-2.258700,0.061955,0.051725,0.061086,0.051150
-2.112600,0.085448,0.073434,0.084682,0.075168
-0.731020,0.256407,0.256197,0.256847,0.285110
1.205100,0.308590,0.308231,0.310654,0.285190
-1.571700,0.194955,0.189479,0.195087,0.207060
1.770200,0.147505,0.129506,0.146525,0.153920
-1.109800,0.258936,0.259154,0.259693,0.295590
0.094331,0.210134,0.209057,0.209382,0.198170
-1.132100,0.257353,0.257392,0.258095,0.293630
-1.539000,0.201028,0.196007,0.201168,0.215600
-0.649380,0.249658,0.248819,0.249947,0.273930
1.362100,0.274624,0.267114,0.275793,0.257720
1.400300,0.263861,0.254392,0.264739,0.249400
1.048300,0.320806,0.322902,0.322902,0.299470
-1.229700,0.248171,0.247135,0.248761,0.281680
1.897500,0.112904,0.095500,0.111927,0.121550
0.918410,0.314022,0.314226,0.315410,0.300220
-1.250900,0.245725,0.244414,0.246268,0.278410
2.789900,0.014182,0.012311,0.014185,0.008460
-0.063392,0.205755,0.204649,0.204663,0.196890
1.012100,0.320330,0.322177,0.322288,0.300690
-0.611770,0.246028,0.244862,0.246212,0.268160
-0.866130,0.263276,0.263756,0.263859,0.297770
-1.865800,0.134841,0.124325,0.134587,0.129350
1.212000,0.307519,0.306920,0.309558,0.284230
-0.891330,0.263881,0.264440,0.264490,0.299140
-0.770800,0.259030,0.259070,0.259518,0.289690
-0.922090,0.264308,0.264940,0.264950,0.300340
0.384760,0.232342,0.229555,0.231241,0.230640
0.825350,0.302025,0.300057,0.302677,0.294860
-0.351490,0.218465,0.216161,0.217493,0.225480
0.003709,0.206859,0.205825,0.205945,0.195830
1.087300,0.319965,0.322005,0.322150,0.297270
1.878100,0.117860,0.100346,0.116878,0.126310
0.227630,0.217972,0.216435,0.217149,0.209030
-0.894760,0.263946,0.264514,0.264558,0.299300
1.210900,0.307693,0.307133,0.309736,0.284380
1.079000,0.320264,0.322347,0.322436,0.297810
1.311700,0.287527,0.282587,0.289050,0.267770
0.672540,0.276033,0.271778,0.275579,0.277310
-1.036800,0.262707,0.263302,0.263458,0.299940
-1.367900,0.229817,0.226948,0.230106,0.256490
1.238000,0.303101,0.301517,0.305034,0.280430
1.739900,0.156440,0.138390,0.155486,0.161950
-1.680800,0.173597,0.166362,0.173667,0.177820
0.799040,0.297912,0.295382,0.298352,0.292540
1.650700,0.184073,0.166405,0.183324,0.185930
-1.230700,0.248059,0.247011,0.248647,0.281530
0.014913,0.207162,0.206132,0.206275,0.195880
-2.184400,0.073201,0.061840,0.072352,0.062588
-0.729330,0.256285,0.256064,0.256723,0.284900
1.778500,0.145103,0.127128,0.144118,0.151750
1.054200,0.320770,0.322881,0.322884,0.299200
-0.634810,0.248285,0.247321,0.248537,0.271730
0.079594,0.209481,0.208422,0.208713,0.197500
0.603130,0.263870,0.259453,0.263071,0.266790
0.071380,0.209136,0.208086,0.208357,0.197170
0.301320,0.223914,0.221874,0.222948,0.218220
0.821290,0.301407,0.299349,0.302026,0.294520
0.962890,0.317867,0.318991,0.319559,0.301090
-0.705030,0.254446,0.254052,0.254848,0.281790
-0.829280,0.261993,0.262329,0.262539,0.295170
-2.101400,0.087471,0.075401,0.086722,0.077268
-0.530450,0.237417,0.235575,0.237293,0.254840
-2.154100,0.078211,0.066514,0.077391,0.067713
1.748000,0.154027,0.135984,0.153064,0.159800
0.734540,0.287020,0.283382,0.286968,0.285540
0.446330,0.239867,0.236477,0.238737,0.240680
-0.714700,0.255197,0.254874,0.255614,0.283050
0.475620,0.243849,0.240183,0.242734,0.245590
-1.473800,0.212629,0.208443,0.212793,0.232110
-2.140400,0.080554,0.068733,0.079749,0.070119
-1.432800,0.219546,0.215864,0.219743,0.241950
-0.823690,0.261758,0.262069,0.262299,0.294720
-0.021050,0.206305,0.205255,0.205327,0.195940
2.494900,0.024100,0.020893,0.023467,0.024837
-1.718500,0.165883,0.157967,0.165908,0.167690
-0.413420,0.224604,0.222239,0.223913,0.235240
1.531300,0.222886,0.207761,0.222769,0.217610
1.521700,0.226012,0.211210,0.225961,0.220070
-1.915700,0.124301,0.113085,0.123933,0.117190
-0.655920,0.250259,0.249475,0.250564,0.274900
-1.039300,0.262614,0.263201,0.263366,0.299850
-0.959890,0.264348,0.265029,0.265032,0.301070
0.580130,0.259983,0.255619,0.259096,0.263080
0.534110,0.252536,0.248403,0.251514,0.255450
-0.381820,0.221374,0.219011,0.220534,0.230170
-0.212340,0.208602,0.206966,0.207298,0.207380
1.090400,0.319836,0.321856,0.322025,0.297060
-1.217700,0.249488,0.248604,0.250103,0.283420
0.104930,0.210630,0.209536,0.209887,0.198730
-0.500900,0.234148,0.232104,0.233888,0.249860
1.319600,0.285615,0.280280,0.287085,0.266270
1.247000,0.301434,0.299482,0.303326,0.279020
0.165460,0.213884,0.212630,0.213138,0.202940
-2.560500,0.030290,0.024484,0.029896,0.019873
-1.718400,0.165904,0.157989,0.165929,0.167700
0.128800,0.211829,0.210685,0.211095,0.200180
1.651400,0.183850,0.166174,0.183098,0.185740
-1.529700,0.202725,0.197828,0.202868,0.218010
-1.362800,0.230586,0.227782,0.230883,0.257570
1.181900,0.311872,0.312243,0.314004,0.288200
0.282110,0.222240,0.220348,0.221312,0.215640
-1.759400,0.157368,0.148697,0.157330,0.156770
0.537180,0.253017,0.248865,0.252003,0.255970
-0.821010,0.261641,0.261940,0.262180,0.294500
-0.427990,0.226146,0.223802,0.225527,0.237630
1.459400,0.245951,0.233640,0.246364,0.235610
0.473170,0.243506,0.239862,0.242389,0.245180
-1.442100,0.218004,0.214208,0.218193,0.239750
0.247090,0.219419,0.217766,0.218560,0.211260
0.113590,0.211053,0.209942,0.210314,0.199220
0.675540,0.276567,0.272331,0.276130,0.277740
1.491700,0.235705,0.222024,0.235872,0.227660
-0.926210,0.264339,0.264978,0.264986,0.300450
1.075600,0.320368,0.322463,0.322533,0.298030
1.033300,0.320752,0.322778,0.322797,0.300070
0.822370,0.301572,0.299538,0.302200,0.294610
1.049000,0.319590,0.321306,0.321306,0.299440
0.656320,0.273153,0.268813,0.272607,0.274960
0.415270,0.235928,0.232841,0.234802,0.235550
0.640470,0.270354,0.265960,0.269726,0.272590
-0.194180,0.207819,0.206276,0.206512,0.205550
0.331420,0.226731,0.224439,0.225707,0.222500
0.555820,0.255989,0.251729,0.255024,0.259080
0.593410,0.262215,0.257815,0.261378,0.265230
0.183340,0.214980,0.213658,0.214218,0.204520
-0.554330,0.240024,0.238367,0.240001,0.258830
-1.612800,0.187097,0.181003,0.187215,0.196120
1.049000,0.319590,0.321306,0.321306,0.299440
-0.191500,0.207714,0.206184,0.206408,0.205290
0.087701,0.209835,0.208767,0.209076,0.197860
0.826530,0.302204,0.300262,0.302865,0.294950
-0.453710,0.228930,0.226656,0.228439,0.241910
2.125400,0.063787,0.048840,0.062689,0.072817
-2.170100,0.075536,0.064006,0.074699,0.064979
-0.688890,0.253137,0.252620,0.253510,0.279600
-1.496700,0.208635,0.204163,0.208788,0.226410
-0.992840,0.263933,0.264612,0.264651,0.301020
0.635390,0.269462,0.265056,0.268808,0.271820
1.029300,0.320703,0.322702,0.322733,0.300210
-1.499100,0.208211,0.203709,0.208364,0.225800
0.534530,0.252601,0.248466,0.251581,0.255530
-1.842700,0.139746,0.129600,0.139543,0.135160
-1.535000,0.201760,0.196793,0.201901,0.216650
1.577600,0.207750,0.191313,0.207341,0.205490
-1.210200,0.250285,0.249494,0.250915,0.284480
-2.382800,0.046499,0.038571,0.045760,0.035538
0.948860,0.316810,0.317665,0.318411,0.300940
1.589500,0.203862,0.187156,0.203387,0.202330
1.216000,0.306878,0.306136,0.308903,0.283680
-1.046700,0.262323,0.262886,0.263079,0.299540
-1.276300,0.242604,0.240953,0.243088,0.274190
0.486230,0.245353,0.241593,0.244249,0.247380
2.630600,0.018915,0.017385,0.018710,0.015499
1.434200,0.253744,0.242603,0.254356,0.241630
-0.958670,0.264356,0.265036,0.265038,0.301050
0.641980,0.270620,0.266229,0.269999,0.272820
-1.158100,0.255259,0.255053,0.255974,0.290960
1.364800,0.273889,0.266239,0.275038,0.257150
-1.550800,0.198855,0.193674,0.198993,0.212530
-0.375630,0.220763,0.218409,0.219895,0.229200
1.645100,0.185863,0.168255,0.185134,0.187440
2.085300,0.071148,0.055467,0.070089,0.080362
-1.084400,0.260494,0.260880,0.261258,0.297470
1.042500,0.320810,0.322884,0.322887,0.299720
-1.648100,0.180162,0.173492,0.180260,0.186620
1.194700,0.310123,0.310105,0.312219,0.286580
-0.763390,0.258577,0.258574,0.259057,0.288890
0.139440,0.212399,0.211227,0.211664,0.200910
-1.559500,0.197240,0.191937,0.197375,0.210260
-0.948870,0.264393,0.265065,0.265065,0.300940
1.520900,0.226272,0.211498,0.226226,0.220280
0.762180,0.291797,0.288580,0.291948,0.288750
-1.465400,0.214071,0.209988,0.214241,0.234150
0.678200,0.277040,0.272823,0.276619,0.278110
1.680400,0.174677,0.156768,0.173835,0.177930
0.887120,0.310517,0.309994,0.311667,0.298940
-1.302300,0.239206,0.237204,0.239630,0.269530
0.331180,0.226708,0.224418,0.225684,0.222460
-1.760700,0.157095,0.148400,0.157055,0.156440
-1.124400,0.257922,0.258026,0.258670,0.294340
0.884830,0.310237,0.309659,0.311369,0.298820
1.566600,0.211348,0.195185,0.211004,0.208380
-1.232600,0.247845,0.246772,0.248429,0.281240
-1.369400,0.229590,0.226702,0.229876,0.256170
-0.580490,0.242815,0.241377,0.242893,0.263140
-0.455810,0.229160,0.226893,0.228680,0.242260
0.237390,0.218687,0.217093,0.217846,0.210130
-1.939900,0.119244,0.107747,0.118821,0.111480
-0.086130,0.205686,0.204535,0.204536,0.197780
0.993190,0.319622,0.321237,0.321487,0.301010
-0.552040,0.239776,0.238100,0.239744,0.258450
-0.671540,0.251655,0.251000,0.251995,0.277170
2.548200,0.021771,0.019505,0.021319,0.020741
2.825100,0.013103,0.010948,0.013100,0.007345
1.212700,0.307408,0.306784,0.309445,0.284140
-0.211790,0.208576,0.206943,0.205676,0.207320
-0.528070,0.237155,0.235295,0.237020,0.254440
1.606700,0.198258,0.181213,0.197695,0.197760
1.281900,0.294337,0.290836,0.296044,0.273200
-1.073900,0.261062,0.261505,0.261826,0.298130
2.108300,0.066855,0.051571,0.065773,0.075974
-0.370760,0.220289,0.217942,0.219399,0.228440
1.401900,0.263395,0.253845,0.264260,0.249050
1.017200,0.320468,0.322366,0.322448,0.300570
-1.139900,0.256753,0.256722,0.257488,0.292870
-0.404910,0.223717,0.221346,0.222985,0.233860
-0.180200,0.207301,0.205825,0.205999,0.204230
-2.578600,0.028913,0.023186,0.028546,0.018659
-0.349370,0.218270,0.215972,0.217289,0.225160
1.470100,0.242584,0.229803,0.242915,0.233000
1.265300,0.297836,0.295093,0.299635,0.276050
1.268900,0.297096,0.294192,0.298875,0.275440
-0.576260,0.242369,0.240895,0.242432,0.262450
1.379200,0.269899,0.261508,0.270940,0.254070
0.530530,0.251977,0.247869,0.250948,0.254850
0.152070,0.213103,0.211895,0.212365,0.201860
-1.813000,0.146053,0.136412,0.145913,0.142740
0.620540,0.266870,0.262446,0.266146,0.269530
0.590090,0.261654,0.257262,0.260804,0.264690
-0.370940,0.220306,0.217959,0.219417,0.228470
-0.809410,0.261110,0.261355,0.261638,0.293490
-0.027937,0.206180,0.205123,0.205183,0.196030
0.704770,0.281767,0.277776,0.281512,0.281750
0.260250,0.220445,0.218707,0.219561,0.212860
-0.203880,0.208222,0.206629,0.206915,0.206510
0.609900,0.265031,0.260608,0.264260,0.267860
0.151980,0.213098,0.211890,0.212360,0.201850
0.984390,0.319189,0.320676,0.321007,0.301090
-1.863000,0.135435,0.124963,0.135187,0.130040
1.102600,0.319240,0.321159,0.321442,0.296160
0.354310,0.229039,0.226541,0.227977,0.225910
-1.354300,0.231852,0.229159,0.232166,0.259330
-1.739300,0.161569,0.153269,0.161564,0.162110
-0.050778,0.205863,0.204778,0.204805,0.196510
0.951010,0.316982,0.317879,0.318597,0.300970
1.287700,0.293064,0.289290,0.294736,0.272180
1.429300,0.255235,0.244329,0.255885,0.242780
0.174570,0.214434,0.213147,0.213681,0.203730
0.970580,0.318383,0.319644,0.320121,0.301120
0.936420,0.315750,0.316349,0.317267,0.300710
1.192100,0.310491,0.310555,0.312595,0.286900
-1.074700,0.261020,0.261459,0.261784,0.298080
-0.263240,0.211450,0.209537,0.210205,0.213230
2.090500,0.070161,0.054564,0.069096,0.079349
-0.673190,0.251799,0.251158,0.252142,0.277400
-0.954120,0.264378,0.265054,0.265055,0.301010
-0.975260,0.264208,0.264893,0.264908,0.301120
-1.401200,0.224658,0.221366,0.224893,0.249220
0.776860,0.294274,0.291314,0.294538,0.290330
-0.916610,0.264258,0.264879,0.264894,0.300160
-0.574560,0.242189,0.240701,0.242246,0.262170
-2.658000,0.023283,0.017661,0.022986,0.014023
-0.071996,0.205709,0.204588,0.204595,0.197200
1.158100,0.314716,0.315710,0.316896,0.290970
-0.731120,0.256414,0.256205,0.256854,0.285120
1.262300,0.298445,0.295835,0.300260,0.276550
-0.073120,0.205705,0.204582,0.204587,0.197240
0.923710,0.314554,0.314877,0.315981,0.300380
0.208250,0.216613,0.215178,0.215820,0.206950
0.744510,0.288757,0.285261,0.288778,0.286730
1.223100,0.305706,0.304702,0.307703,0.282660
-0.860590,0.263113,0.263573,0.263690,0.297430
0.296010,0.223442,0.221444,0.222486,0.217500
1.053500,0.320776,0.322886,0.322888,0.299230
-1.654500,0.178887,0.172109,0.178980,0.184900
0.905480,0.312648,0.312556,0.313939,0.299760
1.011200,0.320303,0.322140,0.322257,0.300710
0.435280,0.238432,0.235149,0.237301,0.238840
-0.675310,0.251984,0.251359,0.252331,0.277710
-1.700400,0.169605,0.162019,0.169653,0.172530
-1.126800,0.257747,0.257831,0.258494,0.294120
0.992680,0.319599,0.321207,0.321461,0.301020
-0.924900,0.264330,0.264967,0.264975,0.300420
-0.010384,0.206524,0.205482,0.205574,0.195850
0.884780,0.310231,0.309652,0.311363,0.298820
1.377400,0.270404,0.262105,0.271458,0.254450
-1.435900,0.219034,0.215313,0.219228,0.241220
1.307700,0.288479,0.283737,0.290028,0.268530
1.371300,0.272102,0.264117,0.273202,0.255750
-0.405770,0.223806,0.221436,0.223078,0.234000
0.877070,0.309267,0.308504,0.310338,0.298410
1.269700,0.296930,0.293990,0.298705,0.275310
1.055500,0.320758,0.322871,0.322876,0.299130
0.569520,0.258224,0.253900,0.257301,0.261340
1.033700,0.320756,0.322785,0.322803,0.300060
1.011100,0.320300,0.322136,0.322253,0.300710
1.935700,0.103489,0.086312,0.102515,0.112450
-0.390270,0.222220,0.219850,0.221419,0.231510
1.542800,0.219133,0.203642,0.218938,0.214630
0.938860,0.315967,0.316617,0.317501,0.300760
-1.088600,0.260255,0.260615,0.261018,0.297180
1.178400,0.311102,0.311191,0.312868,0.288620
-1.088000,0.260289,0.260653,0.261053,0.297220
-0.963680,0.264322,0.265005,0.265010,0.301090
1.866500,0.120878,0.103302,0.119894,0.129170
1.957600,0.098298,0.081265,0.097321,0.107400
-0.181860,0.207359,0.205874,0.206056,0.204380
1.751600,0.152960,0.134922,0.151994,0.158850
1.443300,0.250953,0.239381,0.251493,0.239490
1.504100,0.231715,0.217551,0.231790,0.224540
-1.151200,0.254562,0.254102,0.254968,0.291710
-2.598300,0.027457,0.021789,0.027114,0.017404
-0.342440,0.217640,0.215363,0.216631,0.224120
0.745020,0.288846,0.285357,0.288870,0.286790
1.381400,0.269280,0.260775,0.270304,0.253590
0.140620,0.212463,0.211288,0.211728,0.201000
1.032600,0.320745,0.322766,0.322787,0.300100
1.422700,0.257228,0.246643,0.257930,0.244310
-0.140060,0.206221,0.204911,0.204960,0.200960
-0.265570,0.211603,0.209677,0.210363,0.213520
-1.088300,0.260272,0.260634,0.261035,0.297210
0.112590,0.211003,0.209894,0.210264,0.199160
-0.453350,0.228891,0.226615,0.228398,0.241850
0.805040,0.298871,0.296465,0.299359,0.293090
-0.179200,0.207267,0.205795,0.205965,0.204140
0.516240,0.249782,0.245776,0.248723,0.252450
1.432900,0.254140,0.243061,0.254762,0.241940
-0.789380,0.260090,0.260233,0.260598,0.291600
-0.326540,0.216243,0.214023,0.215175,0.221790
-1.434700,0.219232,0.215527,0.219428,0.241500
1.138800,0.316626,0.318027,0.318828,0.292980
-1.378500,0.228202,0.225197,0.228472,0.254210
-1.522300,0.204066,0.199266,0.204211,0.219910
-2.077100,0.091956,0.079809,0.091247,0.081959
2.309800,0.037834,0.028615,0.036721,0.044219
0.053516,0.208435,0.207398,0.207628,0.196580
1.868300,0.120407,0.102840,0.119423,0.128730
0.320970,0.225726,0.223524,0.224721,0.220980
-0.404760,0.223701,0.221331,0.222969,0.233840
-1.298300,0.239741,0.237794,0.240175,0.270270
-0.885970,0.263771,0.264315,0.264375,0.298880
1.684900,0.173268,0.155335,0.172415,0.176710
-0.065229,0.205743,0.204635,0.204646,0.196950
-0.426160,0.225951,0.223603,0.225323,0.237330
1.456700,0.246795,0.234606,0.247230,0.236260
-0.897670,0.263997,0.264574,0.264613,0.299430
0.406470,0.234865,0.231865,0.233745,0.234110
-0.028917,0.206164,0.205106,0.205164,0.196050
0.390520,0.232998,0.230154,0.231890,0.231550
-0.593880,0.244209,0.242887,0.244334,0.265310
0.892430,0.311154,0.310756,0.312345,0.299190
0.651010,0.272213,0.267852,0.271639,0.274170
2.081300,0.071914,0.056170,0.070859,0.081147
0.126720,0.211720,0.210581,0.210985,0.200040
-0.802690,0.260782,0.260994,0.261303,0.292880
-1.568700,0.195519,0.190086,0.195652,0.207830
-1.553800,0.198300,0.193077,0.198436,0.211740
-1.472200,0.212904,0.208738,0.213070,0.232480
-0.691390,0.253344,0.252847,0.253722,0.279950
-0.211070,0.208543,0.206914,0.207238,0.207240
0.607270,0.264579,0.260158,0.263797,0.267440
0.930970,0.315251,0.315733,0.316730,0.300580
-1.159300,0.255156,0.254938,0.255869,0.290830
-1.640400,0.181688,0.175148,0.181791,0.188700
0.824350,0.301873,0.299883,0.302517,0.294770
0.158100,0.213450,0.212222,0.212709,0.202340
1.336500,0.281381,0.275189,0.282736,0.262960
0.235810,0.218570,0.216986,0.217732,0.209950
0.562720,0.257109,0.252815,0.256165,0.260220
-1.861600,0.135732,0.125282,0.135488,0.130400
0.832950,0.303165,0.301368,0.303879,0.295460
-1.741900,0.161027,0.152680,0.161018,0.161430
1.588000,0.204351,0.187678,0.203885,0.202730
0.080886,0.209536,0.208477,0.208770,0.197550
-1.641900,0.181391,0.174826,0.181494,0.188290
-1.354100,0.231882,0.229192,0.232196,0.259370
0.409530,0.235232,0.232202,0.234110,0.234610
1.759600,0.150602,0.132578,0.149629,0.156720
1.998300,0.089057,0.072337,0.088066,0.098299
-0.217740,0.208859,0.207194,0.207557,0.207950
-0.940290,0.264395,0.265057,0.265058,0.300790
0.038336,0.207893,0.206863,0.207058,0.196210
-1.095300,0.259858,0.260176,0.260620,0.296710
-0.893400,0.263921,0.264485,0.264532,0.299240
-0.003763,0.206675,0.205637,0.205742,0.195830
-1.334300,0.234764,0.232334,0.235117,0.263400
0.734750,0.287057,0.283421,0.287007,0.285560
-0.629410,0.247766,0.246754,0.248002,0.270900
3.035700,0.006460,0.002992,0.006274,0.002976
2.717900,0.016316,0.014833,0.016274,0.011200
1.443000,0.251046,0.239488,0.251588,0.239560
-0.803080,0.260802,0.261016,0.261323,0.292910
0.791590,0.296705,0.294026,0.297086,0.291820
-0.669660,0.251490,0.250820,0.251826,0.276900
0.048567,0.208253,0.207218,0.207437,0.196450
0.718020,0.284115,0.280267,0.283948,0.283480
-0.734510,0.256655,0.256469,0.257101,0.285540
-0.078214,0.205691,0.204557,0.204560,0.197440
0.908680,0.312998,0.312980,0.314314,0.299880
0.793980,0.297094,0.294462,0.297494,0.292050
-2.584600,0.028465,0.022759,0.028106,0.018268
-0.840590,0.262436,0.262820,0.262993,0.296050
0.203840,0.216315,0.214901,0.215528,0.206500
0.786740,0.295911,0.293138,0.296253,0.291340
-1.649800,0.179823,0.173126,0.179920,0.186180
-0.560740,0.240715,0.239110,0.240718,0.259890
-0.180640,0.207316,0.205838,0.206014,0.204270
-1.020700,0.263246,0.263884,0.263987,0.300470
-1.973900,0.112232,0.100416,0.111732,0.103700
-0.034418,0.206075,0.205011,0.205061,0.196140
1.685400,0.173112,0.155176,0.172257,0.176570
0.958510,0.317554,0.318596,0.319217,0.301050
0.825520,0.302051,0.300087,0.302704,0.294870
-1.164900,0.254667,0.254393,0.255373,0.290210
-2.406500,0.043986,0.036467,0.043291,0.033024
0.812320,0.300019,0.297766,0.300565,0.293750
-1.936900,0.119868,0.108404,0.119452,0.112170
-1.171200,0.254104,0.253762,0.254801,0.289470
1.514300,0.228414,0.213874,0.228416,0.221960
-0.003988,0.206670,0.205632,0.205736,0.195830
1.750300,0.153345,0.135305,0.152380,0.159180
1.039700,0.320800,0.322862,0.322868,0.299830
-1.368300,0.229757,0.226882,0.230044,0.256410
-1.410400,0.223190,0.219784,0.223413,0.247120
0.177360,0.214606,0.213308,0.213851,0.203980
-1.467800,0.213660,0.209548,0.213828,0.233570
-2.014500,0.104047,0.091979,0.103460,0.094792
0.567390,0.257874,0.253559,0.256944,0.260990
-0.053551,0.205835,0.204746,0.204769,0.196580
1.236300,0.303408,0.301893,0.305349,0.280690
0.726470,0.285604,0.281860,0.285496,0.284540
-0.971760,0.264248,0.264933,0.264944,0.301120
1.093100,0.318502,0.320121,0.320313,0.296870
0.600920,0.263492,0.259078,0.262684,0.266430
-1.443700,0.217737,0.213921,0.217924,0.239370
-0.809190,0.261100,0.261343,0.261627,0.293470
-0.451870,0.228729,0.226448,0.228229,0.241600
1.657000,0.182066,0.164336,0.181295,0.184230
0.049295,0.208279,0.207245,0.207465,0.196470
0.989390,0.319443,0.321004,0.321288,0.301050
1.057000,0.320742,0.322857,0.322864,0.299060
1.358700,0.275544,0.268210,0.276738,0.258430
1.032100,0.320739,0.322757,0.322780,0.300110
0.948150,0.316753,0.317593,0.318349,0.300930
-0.706730,0.254580,0.254198,0.254985,0.282010
1.323900,0.284556,0.279004,0.285997,0.265450
-0.664620,0.251044,0.250332,0.251368,0.276170
-0.550550,0.239614,0.237927,0.239576,0.258200
0.423440,0.236936,0.233769,0.235807,0.236880
-2.247300,0.062111,0.051352,0.061115,0.052801
-1.327900,0.235674,0.233329,0.236041,0.264660
-0.303650,0.214362,0.212241,0.213218,0.218550
0.752620,0.290159,0.286787,0.290239,0.287680
-1.573500,0.194616,0.189114,0.194748,0.206560
1.391900,0.266291,0.257249,0.267234,0.251280
-1.204900,0.250837,0.250110,0.251477,0.285220
-1.388800,0.226607,0.223472,0.226861,0.251970
1.128900,0.317466,0.319041,0.319674,0.293920
1.195200,0.310052,0.310018,0.312147,0.286500
0.888340,0.310665,0.310170,0.311824,0.299000
-0.129980,0.206043,0.204769,0.204799,0.200250
-0.553990,0.239987,0.238327,0.239963,0.258770
-1.032000,0.262879,0.263488,0.263627,0.300120
1.495900,0.234357,0.220509,0.234492,0.226600
1.327500,0.283659,0.277925,0.285076,0.264740
-0.580160,0.242780,0.241339,0.242857,0.263080
1.186800,0.311221,0.311447,0.313340,0.287580
1.070700,0.320498,0.322606,0.322653,0.298320
1.906500,0.110645,0.093292,0.109669,0.119370
1.086000,0.320016,0.322064,0.322199,0.297360
-1.250100,0.245820,0.244519,0.246365,0.278530
0.611890,0.265374,0.260950,0.264612,0.268180
-1.762900,0.155256,0.146218,0.154994,0.155850
-1.497400,0.208511,0.204031,0.208664,0.226240
1.260300,0.298846,0.296325,0.300672,0.276880
-1.009600,0.263557,0.264216,0.264289,0.300750
2.648600,0.018362,0.016896,0.018200,0.014518
1.500700,0.232812,0.218777,0.232911,0.225400
0.942810,0.316309,0.317041,0.317869,0.300840
1.774000,0.146403,0.128414,0.145420,0.152920
-0.078096,0.205691,0.204558,0.204561,0.197440
-1.624800,0.184758,0.178473,0.184870,0.192900
1.013200,0.320362,0.322220,0.322324,0.300670
-0.784130,0.259801,0.259917,0.260304,0.291080
-0.900880,0.264051,0.264635,0.264670,0.299570
-0.321060,0.215779,0.213581,0.214691,0.221000
-0.131630,0.206069,0.204790,0.204823,0.200370
-1.189800,0.252353,0.251804,0.253020,0.287210
-0.736880,0.256822,0.256652,0.257271,0.285820
0.125990,0.211682,0.210545,0.210947,0.199990
1.124200,0.317832,0.319481,0.320041,0.294350
-0.836170,0.262268,0.262633,0.262821,0.295710
-1.894900,0.128680,0.117738,0.128360,0.122190
0.415380,0.235941,0.232854,0.234816,0.235560
-2.021900,0.102581,0.090484,0.101979,0.093215
0.502900,0.247782,0.243881,0.246700,0.250200
0.658530,0.273544,0.269214,0.273011,0.275280
0.198520,0.215960,0.214572,0.215181,0.205970
-0.647250,0.249460,0.248603,0.249744,0.273610
1.077200,0.320321,0.322410,0.322489,0.297930
-0.385400,0.221731,0.219365,0.220907,0.230740
0.109510,0.210852,0.209749,0.210111,0.198980
1.296200,0.291151,0.286971,0.292773,0.270660
-0.902560,0.264077,0.264666,0.264698,0.299640
-1.762900,0.155256,0.146218,0.154994,0.155850
0.361230,0.229766,0.227203,0.228694,0.226970
-0.876860,0.263561,0.264077,0.264155,0.298400
-0.144910,0.206319,0.204992,0.205052,0.201310
-1.827200,0.143039,0.133152,0.142869,0.139090
1.562300,0.212755,0.196705,0.212437,0.209530
-0.747920,0.257578,0.257480,0.258041,0.287130
0.303970,0.224153,0.222092,0.223181,0.218590
-1.849800,0.138238,0.127975,0.138020,0.133350
1.771800,0.147041,0.129046,0.146059,0.153500
0.802480,0.298463,0.296004,0.298930,0.292860
-2.180200,0.073881,0.062468,0.073035,0.063278
