1.145400,0.273507,0.273722,0.274285,0.289360
1.887400,0.142956,0.119966,0.142372,0.120500
-0.546790,0.240805,0.238452,0.240313,0.252850
-2.000100,0.095011,0.077268,0.093633,0.094598
-1.349600,0.241725,0.236691,0.243505,0.257110
-0.135030,0.213330,0.211637,0.211831,0.194150
0.898090,0.279424,0.280275,0.280287,0.296230
1.421400,0.245163,0.241891,0.246299,0.241280
-2.388100,0.043261,0.033649,0.042468,0.033005
0.490870,0.253326,0.250952,0.253497,0.318130
0.206850,0.223594,0.220376,0.222167,0.200540
0.522750,0.256698,0.254706,0.257028,0.257250
0.305960,0.233029,0.229471,0.232117,0.212960
1.525100,0.228646,0.222205,0.230080,0.220680
1.145200,0.273519,0.273734,0.274296,0.289380
1.066100,0.277147,0.277640,0.277872,0.295620
-1.350300,0.241601,0.236534,0.243377,0.256960
-0.500440,0.236625,0.234249,0.236026,0.358430
1.687200,0.193550,0.179055,0.194325,0.172430
0.586740,0.263006,0.261817,0.263606,0.259640
0.910980,0.279518,0.280362,0.280366,0.296780
0.952030,0.279512,0.280304,0.280312,0.297890
-0.163430,0.214167,0.212436,0.212753,0.196390
-0.857810,0.266754,0.266877,0.267657,0.293920
1.525600,0.228552,0.222089,0.229985,0.219870
1.233200,0.267471,0.267242,0.268424,0.278130
-0.311570,0.221702,0.219639,0.220717,0.213760
1.571700,0.219448,0.210926,0.220774,0.203480
-1.874200,0.120182,0.100047,0.118862,0.123710
-0.535810,0.239805,0.237440,0.239285,0.251150
1.217000,0.268754,0.268625,0.269666,0.280520
0.264070,0.228801,0.225312,0.227654,0.207260
0.665020,0.269584,0.269303,0.270410,0.272110
-1.626800,0.179509,0.161407,0.179375,0.188740
-0.598450,0.245559,0.243323,0.245215,0.261590
-1.629800,0.178756,0.160556,0.178600,0.187930
0.265090,0.228900,0.225408,0.227758,0.207390
0.677670,0.270508,0.270354,0.271358,0.273980
-1.528900,0.203645,0.189584,0.204266,0.216470
0.995990,0.279003,0.279699,0.279760,0.402910
0.394440,0.242658,0.239386,0.242280,0.226670
1.871200,0.147095,0.124539,0.146613,0.124440
-0.340410,0.223675,0.221543,0.222757,0.218060
-1.278200,0.253132,0.251057,0.255157,0.270770
1.100000,0.275793,0.276175,0.276528,0.293410
-1.498600,0.210798,0.198232,0.211652,0.335090
0.909000,0.279506,0.280352,0.280357,0.296700
-0.968960,0.271187,0.272584,0.272690,0.298970
0.989270,0.279114,0.279827,0.279876,0.361980
1.502400,0.232831,0.227294,0.234292,0.333840
0.631580,0.266949,0.266300,0.267693,0.266950
1.862800,0.149247,0.126938,0.148819,0.126540
0.365830,0.239480,0.236051,0.238927,0.222030
-0.964610,0.271101,0.272460,0.272582,0.298240
-1.568700,0.193973,0.178095,0.194284,0.204270
0.212790,0.224099,0.220845,0.222697,0.201180
0.886840,0.279305,0.280157,0.280180,0.295670
-1.255400,0.256220,0.254928,0.258292,0.274630
1.283500,0.262030,0.261075,0.262810,0.269840
-0.323680,0.222514,0.220421,0.221558,0.215540
0.341220,0.236785,0.233270,0.236082,0.218180
-0.820610,0.264395,0.264041,0.265086,0.291010
1.485000,0.235903,0.231006,0.237374,0.263600
0.447600,0.248590,0.245753,0.248525,0.235650
-0.954020,0.270859,0.272118,0.272287,0.297920
-0.921290,0.269829,0.270739,0.271086,0.297150
1.553100,0.223215,0.215557,0.224593,0.208390
1.649300,0.202476,0.190003,0.203470,0.182680
-1.149400,0.266844,0.268017,0.268936,0.288940
-0.787380,0.262006,0.261243,0.262511,0.287830
1.551800,0.223474,0.215874,0.224854,0.208740
1.508000,0.231817,0.226064,0.233273,0.303790
-0.617450,0.247315,0.245150,0.247034,0.264690
1.343700,0.256467,0.255087,0.257730,0.258330
-1.004500,0.271585,0.273241,0.273252,0.400420
2.603900,0.021738,0.010586,0.020823,0.015846
0.006587,0.212855,0.210968,0.211058,0.280800
-0.381610,0.226716,0.224492,0.225885,0.224570
1.064300,0.277210,0.277710,0.277935,0.295720
1.452900,0.241258,0.237420,0.242722,0.233810
2.226400,0.068015,0.046981,0.066577,0.053362
2.354800,0.048024,0.030429,0.046732,0.036617
-0.016351,0.212484,0.210682,0.210711,0.219180
-1.900300,0.114609,0.094862,0.113252,0.117370
0.502000,0.254517,0.252274,0.254746,0.356560
0.045800,0.213910,0.211826,0.212102,0.189810
0.323850,0.234916,0.231368,0.234109,0.215570
0.891460,0.279358,0.280211,0.280228,0.295910
-1.027300,0.271539,0.273298,0.273300,0.300040
-1.914800,0.111591,0.092090,0.110219,0.113900
0.504530,0.254786,0.252573,0.255027,0.348150
2.111600,0.090071,0.066558,0.088654,0.072401
0.129760,0.217936,0.215269,0.216241,0.193780
-1.024400,0.271558,0.273308,0.273308,0.303160
1.047200,0.277772,0.278325,0.278500,0.296550
0.772860,0.276060,0.276629,0.277001,0.286280
2.046300,0.104319,0.080018,0.103024,0.084962
1.013900,0.278650,0.279299,0.279393,0.340840
0.358470,0.238669,0.235210,0.238071,0.220860
-0.743720,0.258544,0.257296,0.258815,0.282880
-0.410420,0.228980,0.226700,0.228205,0.229320
-0.135190,0.213335,0.211640,0.211835,0.194160
-1.404000,0.231417,0.223732,0.232914,0.245280
-1.299600,0.249983,0.247098,0.251951,0.266920
0.338500,0.236490,0.232968,0.235771,0.217770
-0.874710,0.267699,0.268039,0.268698,0.295000
-0.818330,0.264239,0.263856,0.264917,0.290810
0.138160,0.218467,0.215736,0.216794,0.194380
1.080600,0.276604,0.277051,0.277331,0.294760
1.791400,0.167575,0.147923,0.167639,0.144730
-0.522290,0.238581,0.236208,0.238030,0.258110
1.535600,0.226644,0.219759,0.228060,0.213170
-0.493620,0.236021,0.233646,0.235408,0.336420
0.742020,0.274539,0.274923,0.275469,0.282680
1.495900,0.233993,0.228700,0.235458,0.329470
-1.213800,0.261129,0.261037,0.263246,0.280970
1.011200,0.278709,0.279365,0.279454,0.358710
-0.524540,0.238784,0.236412,0.238238,0.254600
-1.394900,0.233230,0.226005,0.234779,0.247330
-1.746700,0.149670,0.129088,0.148777,0.156490
1.519700,0.229660,0.223440,0.231102,0.233730
0.376590,0.240671,0.237294,0.240184,0.223750
0.668840,0.269868,0.269625,0.270701,0.272680
-2.178600,0.066795,0.053219,0.065651,0.060816
2.149900,0.082274,0.059469,0.080826,0.065608
-0.394580,0.227722,0.225472,0.226917,0.226690
0.486530,0.252858,0.250435,0.253007,0.288330
1.430100,0.244815,0.241631,0.246257,0.239260
-1.208300,0.261706,0.261751,0.263826,0.281750
0.411780,0.244596,0.241447,0.244321,0.229550
-0.317190,0.222076,0.219999,0.221104,0.214580
-0.466500,0.233655,0.231297,0.232987,0.239330
-1.793800,0.138389,0.117646,0.137289,0.144100
2.230200,0.067352,0.046415,0.065917,0.052798
-0.673640,0.252454,0.250599,0.252391,0.273390
2.148600,0.082532,0.059700,0.081084,0.065829
0.288240,0.231205,0.227661,0.230190,0.210470
0.834730,0.278284,0.279080,0.279207,0.292200
-0.999300,0.271562,0.273187,0.273206,0.411360
-2.285600,0.053661,0.042294,0.052700,0.045071
1.645800,0.203281,0.190994,0.204293,0.183620
0.357680,0.238582,0.235120,0.237980,0.220740
-0.286370,0.220096,0.218094,0.219047,0.210220
1.157300,0.272817,0.272983,0.273611,0.288090
-1.286900,0.251881,0.249485,0.253884,0.269230
1.465400,0.239221,0.234990,0.240691,0.231050
1.588900,0.215855,0.206499,0.217123,0.198920
1.820000,0.160243,0.139414,0.160105,0.137320
-0.419540,0.229717,0.227422,0.228960,0.230860
-0.043204,0.212277,0.210546,0.210547,0.189760
0.859420,0.278864,0.279701,0.279767,0.294030
1.166200,0.272275,0.272403,0.273084,0.287090
0.673550,0.270212,0.270017,0.271054,0.273380
-1.712300,0.158119,0.137939,0.157413,0.165680
-1.296000,0.250530,0.247785,0.252508,0.267580
-1.375000,0.237073,0.230834,0.238731,0.251730
-0.767180,0.260445,0.259449,0.260839,0.285640
0.634300,0.267174,0.266556,0.267925,0.267380
-1.431300,0.225782,0.216694,0.227110,0.238970
0.806510,0.277407,0.278123,0.278344,0.289720
0.572800,0.261694,0.260330,0.262241,0.257290
-0.786410,0.261933,0.261159,0.262432,0.287730
-0.171870,0.214458,0.212713,0.213071,0.197130
-1.298700,0.250121,0.247270,0.252091,0.267080
1.060700,0.277335,0.277846,0.278060,0.295910
-1.019400,0.271582,0.273312,0.273312,0.314810
0.710340,0.272697,0.272841,0.273597,0.278580
-2.678800,0.022212,0.015639,0.021756,0.011984
0.896700,0.279411,0.280263,0.280276,0.296170
-0.888570,0.268409,0.268923,0.269486,0.295760
1.018300,0.278551,0.279187,0.279291,0.318670
-1.501200,0.210193,0.197496,0.211027,0.334780
-1.401000,0.232018,0.224486,0.233533,0.245970
-0.211800,0.216082,0.214258,0.214819,0.201070
-1.588700,0.189027,0.172319,0.189182,0.198950
0.101080,0.216296,0.213844,0.214541,0.192010
1.482600,0.236318,0.231505,0.237789,0.252110
-0.697780,0.254607,0.252935,0.254652,0.276860
1.221900,0.268374,0.268216,0.269299,0.279820
1.547700,0.224285,0.216870,0.225676,0.209800
-0.963670,0.271082,0.272431,0.272558,0.298170
1.660100,0.199970,0.186921,0.200904,0.179760
-1.535000,0.202181,0.187828,0.202755,0.213360
-0.301260,0.221031,0.218993,0.220020,0.212290
1.281300,0.263182,0.262568,0.264268,0.270230
1.639400,0.204744,0.192796,0.205790,0.185340
0.604620,0.264631,0.263663,0.265293,0.262600
-1.737500,0.151915,0.131416,0.151069,0.158930
1.205600,0.269609,0.269545,0.270495,0.282120
-1.243100,0.257770,0.256864,0.259860,0.276600
-1.358600,0.240111,0.234657,0.241849,0.255220
-1.338600,0.243647,0.239113,0.245474,0.259350
-0.518910,0.238276,0.235902,0.237718,0.267060
1.175000,0.271718,0.271807,0.272542,0.286060
1.712700,0.187357,0.171517,0.187968,0.165570
-0.852560,0.266444,0.266499,0.267317,0.293550
-0.977120,0.271327,0.272793,0.272869,0.306380
-1.055400,0.271139,0.272946,0.273005,0.296170
0.680690,0.270722,0.270598,0.271578,0.274420
2.504300,0.030481,0.016858,0.029419,0.022528
0.039708,0.213711,0.211662,0.211902,0.189710
1.165300,0.272331,0.272463,0.273138,0.287190
-1.271400,0.254082,0.252249,0.256123,0.271950
-0.223640,0.216639,0.214788,0.215411,0.202370
1.713800,0.187087,0.171190,0.187691,0.165280
-0.978700,0.271351,0.272830,0.272900,0.309850
-0.897990,0.268855,0.269487,0.269985,0.296230
-2.044300,0.087222,0.070510,0.085881,0.085373
-1.559100,0.196329,0.180871,0.196715,0.206820
1.797500,0.166015,0.146100,0.166036,0.143120
-0.741140,0.258330,0.257055,0.258587,0.282570
-1.367800,0.238422,0.232530,0.240115,0.253270
-1.645000,0.174940,0.156269,0.174674,0.183840
2.844400,0.008183,0.002254,0.007593,0.006174
-1.416500,0.228872,0.220549,0.230294,0.242420
1.956000,0.125734,0.101536,0.124773,0.104360
1.305900,0.260696,0.259823,0.261853,0.265750
-1.370500,0.237919,0.231897,0.239599,0.252690
-0.832290,0.265175,0.264969,0.265932,0.292000
0.753090,0.275116,0.275572,0.276052,0.284010
0.764910,0.275694,0.276220,0.276634,0.285390
-2.264100,0.056100,0.044318,0.055102,0.047959
0.710380,0.272699,0.272843,0.273600,0.278590
-1.717500,0.156833,0.136576,0.156097,0.164290
2.136700,0.084913,0.061847,0.083472,0.067902
0.281580,0.230532,0.226999,0.229480,0.209570
-0.817520,0.264183,0.263790,0.264857,0.290730
-1.177100,0.264667,0.265385,0.266784,0.285800
-0.833720,0.265268,0.265080,0.266033,0.292110
1.856600,0.150838,0.128721,0.150451,0.128070
1.567100,0.220391,0.212086,0.221731,0.204700
1.510000,0.231452,0.225620,0.232906,0.289510
-0.498150,0.236422,0.234046,0.235818,0.356220
0.721180,0.273359,0.273590,0.274271,0.280020
1.646500,0.203120,0.190796,0.204129,0.183430
1.254900,0.265628,0.265242,0.266638,0.274710
-1.008900,0.271595,0.273275,0.273281,0.374490
-0.180840,0.214788,0.213027,0.213428,0.197950
0.178740,0.221333,0.218301,0.219791,0.197750
-2.715000,0.020243,0.013901,0.019808,0.010424
-1.082800,0.270368,0.272125,0.272320,0.294620
0.692610,0.271544,0.271533,0.272420,0.276130
1.181300,0.271305,0.271365,0.272141,0.285290
1.381100,0.251772,0.249733,0.253128,0.250390
-0.593600,0.245111,0.242859,0.244752,0.260780
0.725700,0.273625,0.273892,0.274542,0.280610
-0.130360,0.213215,0.211525,0.211701,0.193820
1.529700,0.227774,0.221140,0.229201,0.215920
1.283500,0.262030,0.261075,0.262810,0.269830
1.224500,0.268170,0.267996,0.269101,0.279440
-1.498400,0.210845,0.198289,0.211700,0.334810
-1.079200,0.270491,0.272260,0.272433,0.294850
0.960230,0.279456,0.280233,0.280247,0.298030
-2.111600,0.076395,0.061282,0.075143,0.072386
0.216430,0.224413,0.221137,0.223028,0.201570
1.005900,0.278818,0.279489,0.279567,0.393450
-0.705700,0.255302,0.253696,0.255385,0.277950
-0.724070,0.256891,0.255449,0.257062,0.280400
-0.546940,0.240818,0.238466,0.240327,0.252880
1.014300,0.278641,0.279289,0.279384,0.338650
0.391500,0.242330,0.239040,0.241934,0.226190
0.589810,0.263290,0.262139,0.263901,0.260150
1.801800,0.164913,0.144817,0.164904,0.142010
-0.194880,0.215345,0.213557,0.214030,0.199310
-0.393810,0.227662,0.225414,0.226855,0.226570
-0.408780,0.228848,0.226571,0.228070,0.229050
0.806150,0.277394,0.278109,0.278332,0.289690
-1.232500,0.259039,0.258445,0.261143,0.278230
0.522900,0.256714,0.254724,0.257045,0.256980
1.200300,0.269993,0.269958,0.270868,0.282840
-1.087800,0.270185,0.271922,0.272152,0.294290
-0.776240,0.261154,0.260261,0.261598,0.286640
-0.742740,0.258463,0.257205,0.258728,0.282760
1.002600,0.278883,0.279562,0.279634,0.407950
1.399400,0.249283,0.246856,0.250676,0.246340
-0.370720,0.225889,0.223688,0.225036,0.222810
0.293130,0.231703,0.228153,0.230717,0.211150
0.779820,0.276365,0.276969,0.277307,0.287030
-2.483400,0.035169,0.026850,0.034514,0.024183
0.749680,0.274942,0.275377,0.275876,0.283610
-0.733110,0.257658,0.256303,0.257874,0.281560
0.458360,0.249780,0.247051,0.249776,0.237520
-0.370040,0.225838,0.223638,0.224983,0.222700
-2.004700,0.094175,0.076537,0.092799,0.093622
-0.431090,0.230665,0.228351,0.229929,0.232820
-0.117810,0.212935,0.211255,0.211385,0.192990
0.035251,0.213574,0.211549,0.211765,0.189800
-0.063626,0.212280,0.210583,0.210591,0.190340
0.382980,0.241381,0.238039,0.240933,0.224790
-0.639810,0.249374,0.247314,0.249175,0.268250
1.622600,0.208529,0.197462,0.209657,0.189870
-1.108000,0.269314,0.270931,0.271332,0.292780
-1.291500,0.251203,0.248633,0.253194,0.268390
0.068264,0.214754,0.212531,0.212957,0.190510
-2.039000,0.088127,0.071289,0.086781,0.086460
0.560140,0.260470,0.258947,0.260967,0.255140
0.227570,0.225393,0.222056,0.224060,0.202820
-1.076200,0.270589,0.272367,0.272521,0.295040
1.120400,0.274834,0.275143,0.275583,0.291740
-0.906220,0.269221,0.269953,0.270396,0.296590
-1.081300,0.270420,0.272182,0.272368,0.294720
0.544020,0.258871,0.257145,0.259299,0.252380
0.621290,0.266084,0.265315,0.266798,0.265310
0.703190,0.272242,0.272325,0.273133,0.277610
-0.317070,0.222068,0.219991,0.221096,0.214570
1.504000,0.232543,0.226944,0.234002,0.327800
-1.089300,0.270128,0.271858,0.272098,0.294180
-1.097400,0.269798,0.271486,0.271790,0.293600
-0.701180,0.254906,0.253262,0.254967,0.277330
1.471300,0.238239,0.233813,0.239710,0.231180
-0.240930,0.217508,0.215617,0.216332,0.204380
-1.498200,0.210891,0.198346,0.211748,0.334480
0.738880,0.274369,0.274732,0.275297,0.282290
1.204500,0.269689,0.269632,0.270573,0.282270
-0.998000,0.271554,0.273171,0.273192,0.409410
1.336500,0.257312,0.256040,0.258555,0.259780
-1.240500,0.258087,0.257259,0.260181,0.277000
1.553400,0.223155,0.215483,0.224532,0.208330
1.045800,0.277815,0.278372,0.278543,0.296610
0.757320,0.275327,0.275810,0.276265,0.284510
-0.147560,0.213672,0.211963,0.212210,0.195090
1.483000,0.236249,0.231422,0.237720,0.253870
2.442200,0.037076,0.021836,0.035918,0.027735
-0.267880,0.218993,0.217036,0.217893,0.207750
-0.099299,0.212609,0.210934,0.211008,0.191910
-1.619800,0.181264,0.163398,0.181182,0.190630
0.792690,0.276893,0.277556,0.277834,0.288370
-0.156440,0.213940,0.212220,0.212505,0.195800
-1.491200,0.212512,0.200321,0.213420,0.301500
-1.083700,0.270336,0.272089,0.272291,0.294560
-1.640700,0.176020,0.157478,0.175785,0.185000
0.779420,0.276348,0.276950,0.277290,0.286990
0.757000,0.275312,0.275792,0.276249,0.284470
0.309680,0.233418,0.229860,0.232527,0.213490
0.613580,0.265420,0.264559,0.266110,0.264060
0.345660,0.237267,0.233764,0.236592,0.218870
-2.125800,0.074265,0.059485,0.073035,0.069819
0.726640,0.273680,0.273953,0.274597,0.280730
1.596400,0.214257,0.204528,0.215497,0.196910
-1.467400,0.217919,0.206954,0.219001,0.230820
-0.966300,0.271136,0.272509,0.272625,0.298430
-1.169400,0.265315,0.266172,0.267426,0.286720
-1.419100,0.228335,0.219878,0.229741,0.241830
-0.522530,0.238602,0.236229,0.238052,0.257650
-0.513610,0.237800,0.235424,0.237230,0.292140
0.907960,0.279500,0.280347,0.280351,0.296660
1.659200,0.200180,0.187179,0.201119,0.180010
-0.103960,0.212681,0.211006,0.211093,0.192170
-1.098500,0.269751,0.271432,0.271745,0.293520
-0.476260,0.234500,0.232134,0.233851,0.247390
-0.799690,0.262919,0.262305,0.263492,0.289070
1.273700,0.263910,0.263366,0.264973,0.271550
-1.152500,0.266621,0.267750,0.268717,0.288610
-1.327100,0.245594,0.241567,0.247467,0.261650
0.339310,0.236578,0.233058,0.235864,0.217890
-0.252960,0.218152,0.216232,0.217011,0.205850
-2.680200,0.022134,0.015570,0.021678,0.011920
0.332880,0.235883,0.232350,0.235131,0.216920
2.338000,0.050367,0.032313,0.049051,0.038543
2.012700,0.112079,0.087635,0.110886,0.091928
1.016600,0.278590,0.279231,0.279331,0.326170
1.620400,0.209019,0.198066,0.210157,0.190470
1.428100,0.245117,0.241987,0.246557,0.239730
1.104600,0.275586,0.275952,0.276324,0.293050
-0.445180,0.231840,0.229506,0.231131,0.235230
2.564700,0.024926,0.012820,0.023953,0.018246
0.875920,0.279155,0.280004,0.280041,0.295070
2.256700,0.062857,0.042607,0.061443,0.048993
1.179800,0.271405,0.271471,0.272238,0.285470
-2.213500,0.062229,0.049412,0.061144,0.055309
-1.432400,0.225549,0.216404,0.226870,0.238720
-1.431700,0.225697,0.216589,0.227023,0.238880
-0.480900,0.234904,0.232535,0.234264,0.259770
0.860950,0.278894,0.279733,0.279796,0.294130
1.505400,0.231320,0.225350,0.232498,0.320740
-1.571700,0.193234,0.177227,0.193522,0.203480
1.731100,0.182810,0.166023,0.183298,0.160640
-0.964960,0.271109,0.272470,0.272591,0.298270
-1.256700,0.256051,0.254717,0.258121,0.274410
0.197640,0.222830,0.219670,0.221363,0.199590
0.868100,0.279027,0.279871,0.279921,0.294590
1.342800,0.255629,0.253945,0.256584,0.258510
-0.454680,0.232643,0.230298,0.231952,0.236870
0.621370,0.266091,0.265323,0.266805,0.265320
1.522200,0.229192,0.222870,0.230630,0.226260
-1.288800,0.251602,0.249134,0.253600,0.268890
0.078551,0.215198,0.212906,0.213411,0.190920
0.933350,0.279571,0.280393,0.280393,0.297510
0.108790,0.216711,0.214202,0.214969,0.192440
-1.164100,0.265742,0.266689,0.267849,0.287330
1.891700,0.141861,0.118765,0.141251,0.119450
0.455940,0.249513,0.246759,0.249495,0.237090
0.798120,0.277101,0.277786,0.278042,0.288910
-1.911200,0.112335,0.092771,0.110966,0.114750
0.992320,0.279065,0.279771,0.279825,0.382660
-0.329050,0.222882,0.220776,0.221938,0.216340
-0.249360,0.217956,0.216045,0.216805,0.205410
-1.372400,0.237563,0.231449,0.239234,0.252300
1.035600,0.278111,0.278698,0.278842,0.297210
-0.223780,0.216645,0.214794,0.215418,0.202390
-1.571900,0.193185,0.177170,0.193471,0.203440
1.501200,0.233047,0.227555,0.234509,0.336730
-0.736050,0.257905,0.256579,0.258136,0.281930
1.623900,0.208239,0.197105,0.209361,0.189510
1.201900,0.269878,0.269835,0.270756,0.282630
1.423600,0.245792,0.242779,0.247225,0.240770
1.951000,0.126967,0.102823,0.126030,0.105490
-1.069500,0.270790,0.272584,0.272702,0.295430
0.546230,0.259093,0.257395,0.259531,0.252760
0.971010,0.279355,0.280110,0.280135,0.299760
1.062300,0.277280,0.277786,0.278005,0.295820
2.041700,0.105365,0.081033,0.104082,0.085898
0.128360,0.217850,0.215193,0.216152,0.193690
-1.435100,0.224975,0.215690,0.226279,0.238060
0.708110,0.272556,0.272682,0.273454,0.278280
1.792900,0.167192,0.147474,0.167245,0.144340
-1.923200,0.109869,0.090518,0.108491,0.111930
0.284340,0.230810,0.227272,0.229774,0.209940
-1.575600,0.192272,0.176100,0.192529,0.202460
0.828820,0.278119,0.278902,0.279046,0.291710
0.306240,0.233058,0.229500,0.232148,0.213000
-1.341400,0.243163,0.238503,0.244978,0.258790
0.576580,0.262053,0.260738,0.262615,0.257930
-2.018500,0.091702,0.074383,0.090337,0.090703
0.443490,0.248133,0.245257,0.248045,0.234940
-0.372880,0.226052,0.223846,0.225203,0.223160
-1.158700,0.266160,0.267195,0.268263,0.287940
1.029200,0.278283,0.278888,0.279017,0.298820
-0.239230,0.217420,0.215533,0.216239,0.204180
-1.270900,0.254151,0.252335,0.256193,0.272020
1.009600,0.278743,0.279403,0.279489,0.369430
0.731440,0.273955,0.274265,0.274877,0.281350
-1.084100,0.270321,0.272073,0.272277,0.294530
-1.900900,0.114483,0.094746,0.113125,0.117230
1.030300,0.278254,0.278856,0.278987,0.298340
1.294700,0.261854,0.261104,0.262978,0.267810
1.194400,0.270412,0.270407,0.271274,0.283630
-1.065500,0.270899,0.272699,0.272799,0.295660
-0.135500,0.213342,0.211648,0.211844,0.194190
1.947800,0.127759,0.103651,0.126837,0.106220
-0.332310,0.223108,0.220994,0.222171,0.216830
1.974400,0.121234,0.096885,0.120189,0.100230
-1.073600,0.270669,0.272455,0.272594,0.295190
-0.007846,0.212600,0.210770,0.210818,0.272850
-0.144220,0.213576,0.211872,0.212104,0.194830
0.018627,0.213122,0.211182,0.211318,0.209390
0.808650,0.277481,0.278205,0.278418,0.289920
-0.018542,0.212458,0.210663,0.210688,0.209710
-0.815530,0.264046,0.263628,0.264708,0.290560
-0.049697,0.212263,0.210545,0.210545,0.189910
0.278300,0.230203,0.226677,0.229134,0.209130
-0.938260,0.270415,0.271512,0.271762,0.297630
-0.675650,0.252635,0.250794,0.252581,0.273690
-0.303730,0.221190,0.219146,0.220186,0.212640
-0.617040,0.247277,0.245110,0.246995,0.264630
-0.017852,0.212466,0.210669,0.210695,0.212430
0.522150,0.256636,0.254637,0.256963,0.258370
-1.616800,0.182015,0.164253,0.181956,0.191440
-0.486800,0.235421,0.233049,0.234793,0.290050
0.938050,0.279565,0.280380,0.280382,0.297620
-1.283600,0.252360,0.250087,0.254372,0.269820
-0.415890,0.229421,0.227132,0.228656,0.230240
-0.718200,0.256387,0.254891,0.256530,0.279630
-0.089007,0.212473,0.210796,0.210845,0.191390
0.927780,0.279571,0.280399,0.280399,0.297350
0.723080,0.273471,0.273718,0.274386,0.280270
0.659190,0.269145,0.268802,0.269958,0.271230
0.753940,0.275159,0.275621,0.276095,0.284110
0.206110,0.223532,0.220318,0.222101,0.200470
-0.834990,0.265350,0.265179,0.266123,0.292220
0.534960,0.257954,0.256114,0.258341,0.251060
-0.901540,0.269016,0.269691,0.270165,0.296390
-1.153700,0.266534,0.267645,0.268631,0.288480
-1.764500,0.145362,0.124669,0.144384,0.151770
0.696300,0.271791,0.271813,0.272673,0.276650
0.376940,0.240710,0.237335,0.240225,0.223810
0.315910,0.234073,0.230518,0.233220,0.214400
1.918100,0.135176,0.111519,0.134411,0.113130
1.426300,0.245388,0.242305,0.246826,0.240140
0.514170,0.255803,0.253706,0.256092,0.288890
-0.626890,0.248186,0.246062,0.247938,0.266210
-0.353240,0.224596,0.222434,0.223706,0.220040
0.199140,0.222953,0.219783,0.221492,0.199740
0.049326,0.214031,0.211926,0.212224,0.189900
1.751100,0.177806,0.160021,0.178155,0.155330
-1.372500,0.237544,0.231426,0.239214,0.252270
-0.512500,0.237701,0.235325,0.237128,0.299010
1.213700,0.269005,0.268896,0.269910,0.281000
0.928650,0.279572,0.280399,0.280399,0.297380
-0.367150,0.225621,0.223428,0.224761,0.222240
0.331180,0.235700,0.232164,0.234938,0.216660
-1.430600,0.225930,0.216878,0.227263,0.239140
-2.518200,0.032536,0.024609,0.031926,0.021479
0.867340,0.279013,0.279857,0.279908,0.294540
2.214200,0.070170,0.048830,0.068725,0.055198
0.311840,0.233644,0.230087,0.232767,0.213800
1.337200,0.257231,0.255948,0.258476,0.259640
1.243900,0.266581,0.266277,0.267562,0.276470
0.571240,0.261545,0.260162,0.262086,0.257030
0.864020,0.278953,0.279794,0.279851,0.294330
0.129260,0.217905,0.215242,0.216209,0.193750
0.501060,0.254417,0.252163,0.254641,0.358010
0.650270,0.268456,0.268017,0.269248,0.269870
-1.528400,0.203764,0.189727,0.204390,0.216900
-0.719920,0.256535,0.255055,0.256686,0.279860
2.007800,0.113233,0.088785,0.112056,0.092969
0.515220,0.255913,0.253829,0.256207,0.283080
1.675700,0.196296,0.182415,0.197141,0.175550
-1.231300,0.259179,0.258619,0.261284,0.278410
-1.303700,0.249353,0.246304,0.251308,0.266150
0.829240,0.278132,0.278915,0.279058,0.291750
0.283040,0.230679,0.227143,0.229635,0.209770
-1.519400,0.205910,0.192309,0.206605,0.234380
1.555500,0.222736,0.214969,0.224108,0.207770
-1.558600,0.196452,0.181015,0.196841,0.206950
-1.348100,0.241990,0.237025,0.243777,0.257410
0.503670,0.254694,0.252471,0.254932,0.351700
-1.300700,0.249815,0.246886,0.251779,0.266710
1.920000,0.134698,0.111006,0.133923,0.112680
1.148800,0.273314,0.273515,0.274096,0.289000
1.082600,0.276525,0.276965,0.277252,0.294630
1.324600,0.258667,0.257561,0.259878,0.262140
1.777900,0.171020,0.151968,0.171180,0.148240
0.919930,0.279556,0.280393,0.280393,0.297100
-1.904600,0.113708,0.094032,0.112346,0.116330
0.869380,0.279049,0.279895,0.279942,0.294670
-0.850110,0.266296,0.266320,0.267156,0.293370
-1.068200,0.270826,0.272622,0.272734,0.295510
1.545700,0.224679,0.217352,0.226074,0.210340
-2.868700,0.013114,0.007683,0.012732,0.005573
1.698200,0.190896,0.175817,0.191601,0.169470
-0.819210,0.264299,0.263928,0.264983,0.290880
-2.017700,0.091844,0.074506,0.090478,0.090868
0.762240,0.275567,0.276078,0.276506,0.285080
-0.351610,0.224477,0.222319,0.223584,0.219790
-1.404900,0.231236,0.223506,0.232727,0.245090
1.210800,0.269223,0.269131,0.270122,0.281400
-0.517380,0.238139,0.235764,0.237576,0.272860
1.691600,0.192492,0.177763,0.193239,0.171250
1.469900,0.238473,0.234094,0.239944,0.230900
-1.319300,0.246877,0.243185,0.248779,0.263190
-0.653720,0.250647,0.248665,0.250502,0.270400
-1.260700,0.255527,0.254060,0.257589,0.273760
-0.801390,0.263042,0.262449,0.263625,0.289230
0.852500,0.278719,0.279547,0.279628,0.293540
-1.657600,0.171777,0.152751,0.171422,0.180420
0.641850,0.267788,0.267256,0.268559,0.268570
1.098100,0.275877,0.276265,0.276610,0.293550
0.115060,0.217062,0.214506,0.215333,0.192820
-1.025700,0.271550,0.273304,0.273305,0.301520
-1.001800,0.271575,0.273215,0.273229,0.409800
1.393600,0.250085,0.247786,0.251468,0.247640
-0.619150,0.247472,0.245314,0.247197,0.264970
0.735400,0.274177,0.274515,0.275102,0.281850
1.502500,0.232813,0.227272,0.234274,0.333530
-1.597900,0.186738,0.169669,0.186822,0.196500
0.649240,0.268375,0.267925,0.269165,0.269710
1.579000,0.217936,0.209063,0.219238,0.201550
0.162230,0.220108,0.217195,0.218507,0.196290
-1.147200,0.266999,0.268203,0.269087,0.289160
-1.130300,0.268099,0.269512,0.270162,0.290840
-1.382600,0.235626,0.229013,0.237243,0.250070
-1.127100,0.268290,0.269737,0.270347,0.291140
1.421400,0.245163,0.241891,0.246299,0.241290
2.343400,0.049605,0.031699,0.048297,0.037916
-0.160660,0.214075,0.212349,0.212654,0.196150
-1.992100,0.096479,0.078555,0.095097,0.096335
-0.832890,0.265214,0.265016,0.265975,0.292050
-0.846610,0.266083,0.266061,0.266922,0.293120
-1.160000,0.266061,0.267076,0.268165,0.287800
1.285800,0.262743,0.262085,0.263841,0.269420
-0.635800,0.249006,0.246925,0.248791,0.267620
-0.523220,0.238665,0.236292,0.238116,0.256440
0.941900,0.279556,0.280365,0.280368,0.297710
1.518000,0.229977,0.223826,0.231421,0.240580
1.056500,0.277476,0.278000,0.278202,0.296120
-0.536870,0.239901,0.237538,0.239384,0.251270
0.895820,0.279403,0.280255,0.280268,0.296120
-0.619540,0.247508,0.245351,0.247234,0.265030
-1.631200,0.178405,0.160159,0.178239,0.187560
-0.237870,0.217350,0.215466,0.216165,0.204020
-2.535700,0.031270,0.023526,0.030681,0.020209
-1.389100,0.234367,0.227433,0.235950,0.248640
0.516950,0.256094,0.254031,0.256397,0.274730
1.699400,0.190604,0.175462,0.191302,0.169140
1.636400,0.205426,0.193637,0.206487,0.186140
-0.842570,0.265832,0.265758,0.266648,0.292810
0.840400,0.278433,0.279241,0.279351,0.292640
0.283690,0.230744,0.227207,0.229704,0.209850
-1.468000,0.217785,0.206788,0.218863,0.230800
1.245600,0.266436,0.266120,0.267421,0.276200
-0.473530,0.234263,0.231899,0.233608,0.243560
1.251100,0.265961,0.265604,0.266962,0.275320
-1.072200,0.270712,0.272500,0.272632,0.295270
2.010500,0.112596,0.088150,0.111410,0.092390
0.604190,0.264593,0.263619,0.265253,0.262530
-0.792000,0.262352,0.261645,0.262883,0.288300
0.950680,0.279519,0.280314,0.280321,0.297870
1.489000,0.235207,0.230167,0.236676,0.287820
1.441600,0.243047,0.239542,0.244502,0.236530
0.390220,0.242187,0.238889,0.241783,0.225970
0.662490,0.269395,0.269087,0.270215,0.271730
-0.832750,0.265205,0.265005,0.265965,0.292040
-0.861220,0.266952,0.267118,0.267874,0.294150
0.156100,0.219673,0.216806,0.218053,0.195770
-2.317900,0.050172,0.039399,0.049266,0.040963
0.763340,0.275619,0.276137,0.276559,0.285210
-0.947820,0.270696,0.271893,0.272092,0.297820
0.333740,0.235976,0.232444,0.235229,0.217050
0.843490,0.278510,0.279323,0.279426,0.292880
1.457800,0.240467,0.236477,0.241934,0.232620
0.786170,0.276632,0.277266,0.277574,0.287700
-0.279550,0.219681,0.217696,0.218614,0.209290
1.346000,0.256193,0.254777,0.257462,0.257840
-2.656200,0.023503,0.016776,0.023031,0.013055
-1.037100,0.271443,0.273230,0.273243,0.297070
1.271200,0.264145,0.263623,0.265201,0.271980
-0.395620,0.227804,0.225552,0.227001,0.226860
-0.301430,0.221042,0.219003,0.220032,0.212310
0.837350,0.278354,0.279156,0.279275,0.292400
-1.288600,0.251632,0.249171,0.253630,0.268930
0.644420,0.267993,0.267490,0.268771,0.268970
-1.016000,0.271592,0.273307,0.273308,0.329000
-0.141600,0.213504,0.211803,0.212024,0.194630
0.741990,0.274537,0.274921,0.275467,0.282670
-0.195070,0.215353,0.213565,0.214038,0.199330
1.811000,0.162554,0.142080,0.162479,0.139650
-1.360700,0.239728,0.234175,0.241457,0.254780
0.963200,0.279431,0.280202,0.280219,0.298140
1.114600,0.275117,0.275448,0.275862,0.292240
-1.864400,0.122320,0.102060,0.121018,0.126140
-1.178900,0.264511,0.265194,0.266628,0.285580
-0.856520,0.266679,0.266785,0.267575,0.293830
1.238600,0.267026,0.266760,0.267993,0.277310
0.159240,0.219894,0.217004,0.218284,0.196030
1.587600,0.216130,0.206839,0.217403,0.199250
-0.842920,0.265854,0.265785,0.266672,0.292840
-0.987370,0.271463,0.273007,0.273052,0.349240
0.379160,0.240956,0.237593,0.240485,0.224170
1.278900,0.263414,0.262823,0.264493,0.270650
-1.600700,0.186040,0.168864,0.186103,0.195760
-1.025500,0.271551,0.273305,0.273306,0.301770
-2.209800,0.062700,0.049804,0.061609,0.055878
1.419000,0.246473,0.243578,0.247900,0.241850
0.147560,0.219087,0.216284,0.217440,0.195090
2.180300,0.076396,0.054248,0.074942,0.060539
-0.767010,0.260431,0.259433,0.260825,0.285620
-1.946100,0.105272,0.086363,0.103883,0.106620
-1.277900,0.253174,0.251110,0.255200,0.270820
-1.569400,0.193801,0.177892,0.194106,0.204090
0.892530,0.279370,0.280222,0.280238,0.295960
-1.381600,0.235817,0.229255,0.237440,0.250290
-1.863300,0.122561,0.102289,0.121261,0.126410
-0.462080,0.233275,0.230922,0.232599,0.238230
-0.204870,0.215772,0.213963,0.214487,0.200340
0.462180,0.250201,0.247511,0.250218,0.238250
-0.117200,0.212923,0.211243,0.211371,0.192950
-0.947310,0.270682,0.271874,0.272076,0.297810
1.094000,0.276054,0.276456,0.276786,0.293850
1.873900,0.146404,0.123772,0.145904,0.123800
1.600800,0.213311,0.203361,0.214533,0.195730
1.156800,0.272847,0.273015,0.273640,0.288150
0.481040,0.252263,0.249778,0.252383,0.260280
-0.562720,0.242264,0.239936,0.241814,0.255580
0.946680,0.279539,0.280340,0.280345,0.297800
0.208030,0.223694,0.220468,0.222271,0.200670
-1.942300,0.106025,0.087039,0.104637,0.107480
-1.401500,0.231918,0.224361,0.233430,0.245860
1.755600,0.176672,0.158668,0.176990,0.154120
-1.399400,0.232337,0.224886,0.233861,0.246330
-1.425000,0.227107,0.218346,0.228476,0.240440
0.435570,0.247252,0.244303,0.247118,0.233580
-0.442750,0.231636,0.229305,0.230922,0.234810
1.505600,0.232253,0.226593,0.233711,0.319730
1.525500,0.228571,0.222112,0.230004,0.220020
2.084600,0.095821,0.071910,0.094443,0.077446
-1.147100,0.267006,0.268211,0.269094,0.289180
0.613930,0.265450,0.264594,0.266142,0.264120
-0.344930,0.223997,0.221854,0.223089,0.218750
-1.678100,0.166638,0.147105,0.166145,0.174880
-1.052100,0.271206,0.273012,0.273060,0.296330
0.714610,0.272961,0.273140,0.273867,0.279150
0.808200,0.277466,0.278187,0.278403,0.289880
1.409400,0.247868,0.245209,0.249279,0.244060
-0.050725,0.212262,0.210546,0.210546,0.189940
0.203440,0.223309,0.220111,0.221866,0.200190
-0.235390,0.217222,0.215345,0.216030,0.203730
0.108990,0.216722,0.214211,0.214981,0.192460
0.631680,0.266957,0.266310,0.267701,0.266970
0.428530,0.246467,0.243455,0.246292,0.232380
0.978770,0.279263,0.280001,0.280036,0.310000
1.837000,0.155873,0.134414,0.155618,0.132990
1.155700,0.272912,0.273085,0.273704,0.288260
-0.882920,0.268127,0.268571,0.269172,0.295460
-0.568400,0.242786,0.240470,0.242352,0.256550
-1.023400,0.271564,0.273310,0.273310,0.304800
-1.920400,0.110441,0.091039,0.109064,0.112600
-1.114200,0.269003,0.270571,0.271034,0.292270
0.001304,0.212753,0.210888,0.210961,0.302000
-0.992130,0.271510,0.273088,0.273121,0.381410
-0.937230,0.270382,0.271469,0.271724,0.297600
-0.488220,0.235546,0.233173,0.234921,0.299480
-0.717290,0.256309,0.254805,0.256447,0.279510
0.072429,0.214929,0.212679,0.213136,0.190670
1.373800,0.252730,0.250833,0.254068,0.251980
-0.659170,0.251143,0.249194,0.251020,0.271230
-0.308820,0.221522,0.219465,0.220529,0.213370
1.385500,0.251185,0.249057,0.252550,0.249420
1.136800,0.273983,0.274231,0.274749,0.290210
1.565500,0.220718,0.212488,0.222062,0.205130
1.460200,0.240076,0.236011,0.241544,0.232070
1.351100,0.255579,0.254082,0.256862,0.256790
-2.041000,0.087785,0.070994,0.086440,0.086049
-1.904100,0.113813,0.094128,0.112451,0.116450
-0.256610,0.218354,0.216425,0.217223,0.206310
0.372870,0.240258,0.236863,0.239749,0.223160
-1.244700,0.257573,0.256618,0.259661,0.276350
-0.874370,0.267681,0.268016,0.268678,0.294980
0.332540,0.235847,0.232312,0.235092,0.216860
1.070400,0.276992,0.277471,0.277717,0.295380
-0.952050,0.270809,0.272048,0.272227,0.297890
1.083200,0.276501,0.276939,0.277229,0.294590
1.302100,0.261094,0.260264,0.262239,0.266440
1.331000,0.257945,0.256751,0.259173,0.260870
-0.317510,0.222097,0.220019,0.221126,0.214630
1.556900,0.222456,0.214624,0.223823,0.207400
-1.705800,0.159731,0.139654,0.159063,0.167440
-0.467490,0.233740,0.231382,0.233074,0.239660
0.068890,0.214780,0.212553,0.212984,0.190530
-0.147930,0.213682,0.211974,0.212222,0.195120
1.635400,0.205653,0.193916,0.206719,0.186430
1.471900,0.238138,0.233692,0.239609,0.231380
0.949800,0.279524,0.280320,0.280327,0.297850
0.658760,0.269112,0.268765,0.269924,0.271170
-0.930050,0.270145,0.271153,0.271449,0.297420
0.709190,0.272625,0.272759,0.273523,0.278420
0.052460,0.214142,0.212019,0.212336,0.189990
1.221200,0.268429,0.268275,0.269352,0.279920
0.032319,0.213487,0.211478,0.211679,0.190130
1.045400,0.277827,0.278385,0.278555,0.296630
-0.734490,0.257774,0.256433,0.257997,0.281740
-0.022631,0.212413,0.210631,0.210650,0.198160
-1.253100,0.256516,0.255298,0.258592,0.275010
0.236550,0.226204,0.222823,0.224915,0.203860
1.278100,0.263491,0.262907,0.264567,0.270780
-0.977740,0.271337,0.272808,0.272881,0.307610
-0.736330,0.257928,0.256605,0.258161,0.281970
1.342800,0.255629,0.253945,0.256584,0.258500
0.942640,0.279554,0.280361,0.280365,0.297720
0.689840,0.271357,0.271319,0.272228,0.275740
-1.445900,0.222655,0.212808,0.223887,0.235480
1.573600,0.219056,0.210443,0.220376,0.202980
1.887000,0.143058,0.120078,0.142477,0.120580
0.493500,0.253608,0.251266,0.253794,0.335650
-0.706630,0.255384,0.253785,0.255470,0.278080
0.599120,0.264138,0.263103,0.264782,0.261700
1.081900,0.276553,0.276995,0.277280,0.294680
1.208500,0.269395,0.269315,0.270288,0.281710
0.316600,0.234146,0.230591,0.233297,0.214500
0.696880,0.271830,0.271857,0.272712,0.276730
-1.397000,0.232814,0.225484,0.234352,0.246860
1.558100,0.222215,0.214328,0.223579,0.207080
-1.406000,0.231014,0.223228,0.232499,0.244820
1.809700,0.162888,0.142466,0.162822,0.139990
-0.882850,0.268123,0.268566,0.269168,0.295460
-1.118900,0.268754,0.270281,0.270795,0.291870
-0.652930,0.250575,0.248588,0.250427,0.270280
-1.263800,0.255114,0.253544,0.257171,0.273240
-1.518600,0.206100,0.192538,0.206801,0.237480
-0.064740,0.212284,0.210589,0.210598,0.190380
-0.626710,0.248169,0.246044,0.247921,0.266180
-0.401670,0.228281,0.226018,0.227490,0.227860
2.282000,0.058762,0.039185,0.057374,0.045534
0.531280,0.257578,0.255692,0.257948,0.251030
0.417530,0.245239,0.242135,0.244998,0.230520
0.547850,0.259255,0.257577,0.259700,0.253040
-2.744200,0.018740,0.012573,0.018319,0.009290
1.509900,0.231470,0.225643,0.232924,0.290630
-1.632300,0.178129,0.159848,0.177955,0.187260
1.947500,0.127833,0.103729,0.126913,0.106290
-0.414380,0.229299,0.227012,0.228531,0.229990
-0.088560,0.212468,0.210791,0.210838,0.191370
-1.210400,0.261488,0.261481,0.263607,0.281460
-0.783330,0.261699,0.260889,0.262182,0.287400
-2.210900,0.062559,0.049687,0.061470,0.055707
1.007500,0.278786,0.279452,0.279533,0.383580
0.411310,0.244543,0.241391,0.244266,0.229480
-0.117560,0.212930,0.211250,0.211380,0.192980
-1.103300,0.269536,0.271187,0.271542,0.293160
1.565000,0.220819,0.212613,0.222165,0.205250
0.508120,0.255166,0.252996,0.255425,0.327920
1.872700,0.146711,0.124113,0.146219,0.124070
-1.072500,0.270703,0.272490,0.272624,0.295250
-1.864300,0.122341,0.102081,0.121040,0.126150
1.805300,0.164016,0.143775,0.163982,0.141100
1.455300,0.240872,0.236960,0.242338,0.233220
0.912700,0.279527,0.280370,0.280373,0.296850
-1.636900,0.176974,0.158548,0.176767,0.186010
1.353600,0.255275,0.253737,0.256564,0.256280
-0.853940,0.266526,0.266599,0.267407,0.293650
2.014100,0.111750,0.087308,0.110552,0.091627
1.421600,0.246089,0.243128,0.247520,0.241230
1.862400,0.149350,0.127053,0.148924,0.126630
-1.316600,0.247315,0.243736,0.249226,0.263700
-0.829620,0.264999,0.264760,0.265742,0.291780
-0.078624,0.212369,0.210687,0.210715,0.190920
-0.683070,0.253300,0.251514,0.253279,0.274770
-0.780200,0.261460,0.260613,0.261925,0.287070
2.083700,0.096016,0.072093,0.094640,0.077615
-3.149600,0.004586,0.001288,0.004280,0.001545
-0.403640,0.228438,0.226170,0.227650,0.228190
-1.211600,0.261362,0.261326,0.263480,0.281280
-0.451180,0.232346,0.230005,0.231649,0.236260
-0.897520,0.268834,0.269460,0.269961,0.296200
-1.071400,0.270735,0.272525,0.272653,0.295320
0.405310,0.243873,0.240675,0.243559,0.228470
1.586900,0.216278,0.207021,0.217553,0.199440
1.303300,0.260969,0.260125,0.262118,0.266230
1.790400,0.167831,0.148222,0.167902,0.144970
0.820340,0.277865,0.278625,0.278797,0.290980
1.505400,0.231320,0.225350,0.232498,0.320610
-0.736120,0.257911,0.256586,0.258142,0.281940
-0.588030,0.244597,0.242328,0.244220,0.259860
-1.066600,0.270870,0.272669,0.272773,0.295590
1.491500,0.234769,0.229639,0.236237,0.305210
0.635470,0.267270,0.266666,0.268024,0.267570
-0.864750,0.267153,0.267365,0.268095,0.294380
-0.735690,0.257874,0.256545,0.258104,0.281890
0.569880,0.261414,0.260014,0.261950,0.256800
0.782110,0.276463,0.277078,0.277405,0.287280
-0.829090,0.264964,0.264718,0.265704,0.291730
1.689100,0.192085,0.177156,0.192606,0.171940
-1.783500,0.140822,0.120078,0.139763,0.146780
-1.271200,0.254109,0.252284,0.256151,0.271980
1.085200,0.276421,0.276852,0.277149,0.294460
-1.618600,0.181564,0.163740,0.181492,0.190930
2.202100,0.072352,0.050717,0.070902,0.057064
-0.351250,0.224451,0.222294,0.223557,0.219730
-1.852400,0.124970,0.104575,0.123693,0.129130
-1.332500,0.244687,0.240425,0.246539,0.260580
-0.316590,0.222036,0.219960,0.221063,0.214500
1.226500,0.268011,0.267825,0.268947,0.279140
-1.853400,0.124747,0.104363,0.123469,0.128880
-1.718400,0.156610,0.136341,0.155870,0.164040
-1.432000,0.225634,0.216510,0.226957,0.238790
2.406300,0.041328,0.025130,0.040114,0.031153
0.649010,0.268357,0.267905,0.269146,0.269680
0.336990,0.236327,0.232802,0.235599,0.217540
-0.699840,0.254788,0.253133,0.254843,0.277140
0.409220,0.244310,0.241141,0.244020,0.229120
1.088400,0.276290,0.276711,0.277019,0.294240
1.261300,0.265055,0.264619,0.266084,0.273650
1.982400,0.119297,0.094904,0.118218,0.098447
0.226190,0.225270,0.221940,0.223930,0.202660
-1.052700,0.271194,0.273001,0.273051,0.296300
-0.476240,0.234498,0.232132,0.233849,0.247360
1.155600,0.272918,0.273091,0.273710,0.288270
-1.552100,0.198039,0.182894,0.198479,0.208650
0.951750,0.279513,0.280306,0.280314,0.297880
0.815530,0.277712,0.278458,0.278646,0.290560
0.900090,0.279442,0.280292,0.280302,0.296320
-0.986090,0.271448,0.272983,0.273032,0.341250
-1.711400,0.158342,0.138175,0.157642,0.165920
0.988300,0.279129,0.279844,0.279892,0.355410
-0.903180,0.269089,0.269784,0.270247,0.296460
1.189200,0.270772,0.270794,0.271624,0.284300
0.513860,0.255770,0.253670,0.256058,0.290650
0.370120,0.239954,0.236545,0.239427,0.222710
0.828130,0.278100,0.278880,0.279026,0.291650
0.499190,0.254217,0.251941,0.254432,0.357950
1.594100,0.214749,0.205135,0.215998,0.197510
-2.052900,0.085770,0.069262,0.084438,0.083637
-2.376400,0.044353,0.034560,0.043541,0.034237
-1.418400,0.228480,0.220059,0.229890,0.241980
1.076900,0.276748,0.277207,0.277474,0.294990
0.827180,0.278072,0.278850,0.278999,0.291570
-0.122990,0.213045,0.211361,0.211510,0.193330
1.359900,0.254497,0.252853,0.255802,0.254960
-1.478600,0.215395,0.203850,0.216396,0.239080
-0.866060,0.267226,0.267455,0.268176,0.294460
-1.486300,0.213638,0.201698,0.214583,0.270180
0.182590,0.221630,0.218571,0.220103,0.198120
-1.250700,0.256822,0.255680,0.258901,0.275390
-1.268500,0.254479,0.252748,0.256526,0.272440
-1.602200,0.185666,0.168434,0.185717,0.195340
1.664200,0.199010,0.185743,0.199922,0.178640
0.411730,0.244590,0.241441,0.244315,0.229540
0.198750,0.222921,0.219753,0.221459,0.199700
-0.700850,0.254877,0.253230,0.254937,0.277280
-2.346200,0.047280,0.036996,0.046420,0.037590
-0.595290,0.245267,0.243021,0.244913,0.261060
1.278800,0.263424,0.262833,0.264502,0.270660
-0.596270,0.245358,0.243115,0.245007,0.261220
0.866350,0.278996,0.279839,0.279892,0.294480
-0.160620,0.214074,0.212347,0.212652,0.196150
-0.797420,0.262753,0.262111,0.263314,0.288840
0.438740,0.247605,0.244685,0.247489,0.234130
-0.925120,0.269971,0.270924,0.271248,0.297270
1.540000,0.225793,0.218717,0.227200,0.211860
0.791610,0.276851,0.277509,0.277792,0.288260
0.590500,0.263353,0.262211,0.263967,0.260270
0.032926,0.213505,0.211493,0.211696,0.190040
1.457300,0.240548,0.236574,0.242015,0.232760
-1.338400,0.243681,0.239156,0.245509,0.259400
1.624900,0.208016,0.196829,0.209133,0.189240
-1.478400,0.215440,0.203906,0.216443,0.238560
-1.994200,0.096092,0.078215,0.094711,0.095873
-1.466000,0.218232,0.207339,0.219324,0.230960
-1.236400,0.258579,0.257873,0.260678,0.277640
-0.101680,0.212645,0.210970,0.211050,0.192040
0.369240,0.239856,0.236443,0.239325,0.222570
-1.172100,0.265091,0.265901,0.267205,0.286400
0.686970,0.271160,0.271096,0.272027,0.275330
-0.452500,0.232458,0.230115,0.231763,0.236490
1.209500,0.269320,0.269235,0.270216,0.281580
0.480660,0.252222,0.249732,0.252340,0.258890
0.662840,0.269421,0.269117,0.270242,0.271780
1.512300,0.231031,0.225108,0.232482,0.272960
0.000182,0.212733,0.210872,0.210942,0.302940
-0.282520,0.219861,0.217868,0.218801,0.209690
0.073605,0.214980,0.212722,0.213188,0.190710
-1.008300,0.271594,0.273271,0.273277,0.378420
-1.301700,0.249662,0.246693,0.251623,0.266520
-1.868000,0.121531,0.101317,0.120223,0.125240
-1.044900,0.271334,0.273134,0.273162,0.296650
-1.323900,0.246124,0.242235,0.248009,0.262290
-0.213750,0.216172,0.214343,0.214914,0.201280
-1.491100,0.212535,0.200349,0.213444,0.300900
-0.932760,0.270237,0.271275,0.271555,0.297490
-1.918100,0.110912,0.091469,0.109538,0.113120
-1.324400,0.246041,0.242131,0.247925,0.262180
-0.808070,0.263522,0.263011,0.264142,0.289870
-1.357500,0.240310,0.234908,0.242053,0.255460
1.037300,0.278063,0.278645,0.278794,0.297050
-1.065300,0.270904,0.272705,0.272803,0.295670
-0.272310,0.219251,0.217284,0.218164,0.208330
-1.653100,0.172906,0.154003,0.172583,0.181650
-0.480040,0.234829,0.232461,0.234188,0.256780
1.468300,0.238740,0.234414,0.240211,0.230800
1.753600,0.177176,0.159269,0.177508,0.154660
0.762420,0.275575,0.276087,0.276515,0.285100
1.279900,0.263318,0.262717,0.264399,0.270460
-0.580690,0.243919,0.241631,0.243520,0.258620
1.906800,0.138028,0.114593,0.137328,0.115800
-0.180090,0.214759,0.213000,0.213398,0.197880
-2.425600,0.039912,0.030848,0.039176,0.029273
-2.217900,0.061673,0.048950,0.060596,0.054630
-0.485010,0.235264,0.232892,0.234632,0.279080
0.176540,0.221165,0.218149,0.219615,0.197550
0.341490,0.236814,0.233300,0.236113,0.218230
-0.538320,0.240033,0.237671,0.239520,0.251470
1.300600,0.261249,0.260436,0.262391,0.266740
1.766400,0.173941,0.155422,0.174183,0.151270
0.845800,0.278566,0.279383,0.279480,0.293060
-1.322700,0.246321,0.242484,0.248211,0.262530
-1.259900,0.255632,0.254192,0.257696,0.273890
1.243700,0.266598,0.266295,0.267578,0.276510
0.435120,0.247202,0.244249,0.247065,0.233510
-1.315000,0.247572,0.244060,0.249489,0.264010
1.352600,0.255397,0.253875,0.256683,0.256470
0.209990,0.223860,0.220622,0.222446,0.200880
1.065300,0.277175,0.277671,0.277900,0.295660
0.226780,0.225322,0.221990,0.223985,0.202730
-0.187360,0.215040,0.213267,0.213701,0.198570
-1.540900,0.200757,0.186128,0.201285,0.211610
-1.535400,0.202084,0.187713,0.202655,0.213250
1.493700,0.234382,0.229171,0.235849,0.318640
-0.972910,0.271259,0.272690,0.272780,0.300960
-0.721260,0.256650,0.255182,0.256807,0.280030
-2.212800,0.062318,0.049486,0.061232,0.055412
-0.649240,0.250238,0.248229,0.250075,0.269710
-0.895580,0.268744,0.269346,0.269860,0.296110
-0.930660,0.270166,0.271181,0.271473,0.297430
1.583500,0.216994,0.207903,0.218281,0.200340
-1.583800,0.190243,0.173732,0.190436,0.200270
0.978610,0.279266,0.280003,0.280038,0.309610
-1.186900,0.263795,0.264320,0.265916,0.284590
0.997650,0.278974,0.279666,0.279729,0.408570
-0.161120,0.214090,0.212363,0.212670,0.196190
0.686840,0.271151,0.271086,0.272018,0.275310
0.578420,0.262227,0.260935,0.262796,0.258240
1.689100,0.192085,0.177156,0.192606,0.171920
-0.178190,0.214688,0.212932,0.213320,0.197700
-1.827400,0.130601,0.109991,0.129389,0.135440
-1.034700,0.271471,0.273252,0.273261,0.297320
0.925640,0.279568,0.280399,0.280399,0.297290
1.158600,0.272739,0.272900,0.273536,0.287950
1.228300,0.267868,0.267670,0.268808,0.278870
1.840200,0.155051,0.133479,0.154774,0.132190
0.413020,0.244735,0.241595,0.244467,0.229760
-1.167300,0.265486,0.266380,0.267596,0.286970
-2.440600,0.038634,0.029775,0.037920,0.027882
1.041600,0.277940,0.278509,0.278669,0.296800
-0.301390,0.221040,0.219001,0.220029,0.212310
2.264500,0.061574,0.041530,0.060167,0.047900
-0.933370,0.270257,0.271302,0.271579,0.297510
-1.484100,0.214142,0.202314,0.215103,0.258270
-0.981700,0.271394,0.272895,0.272957,0.319360
-1.137700,0.267637,0.268964,0.269711,0.290130
1.808800,0.163118,0.142734,0.163059,0.140220
