0.38598
0.38611
0.044097
0.022396
0.39068
0.18773
0.35812
0.11481
0.31108
0.34624
0.18747
0.36565
0.39614
0.073169
0.3812
0.37321
0.36528
0.25677
0.26539
0.24923
0.38999
0.3597
0.39495
0.38656
0.39013
0.39416
0.20967
0.19786
0.17308
0.35743
0.39156
0.35564
0.05946
0.030708
0.20022
0.3928
0.13503
0.29272
0.13946
0.03876
0.24339
0.2451
0.34917
0.34687
0.29067
0.39611
0.37547
0.23584
0.29685
0.082143
0.35856
0.30985
0.30074
0.38254
0.39814
0.24772
0.39899
0.39494
0.37382
0.25202
0.39877
0.38138
0.14207
0.25153
0.33443
0.01658
0.19183
0.39697
0.38828
0.31125
0.30275
0.12361
0.39864
0.3892
0.28082
0.0421
0.31709
0.13036
0.39061
0.37377
0.39803
0.22362
0.0095877
0.089235
0.34435
0.28032
0.29719
0.36773
0.17902
0.39533
0.3514
0.39358
0.36468
0.26723
0.3764
0.19069
0.15241
0.18526
0.20852
0.26907
0.38306
0.3677
0.052474
0.075074
0.21835
0.29396
0.08809
0.1843
0.34369
0.32935
0.39895
0.37888
0.29972
0.27621
0.25668
0.21747
0.29328
0.38138
0.34176
0.39754
0.37941
0.39692
0.26906
0.34206
0.27259
0.34417
0.1964
0.39747
0.3038
0.37463
0.23015
0.31455
0.30877
0.077921
0.37818
0.1312
0.36309
0.27875
0.36147
0.12798
0.16198
0.27885
0.39006
0.08742
0.088131
0.24648
0.39477
0.30465
0.28621
0.30102
0.11914
0.22964
0.12596
0.3546
0.12011
0.36909
0.09667
0.24386
0.39807
0.01618
0.21234
0.35549
0.3486
0.021322
0.25514
0.39903
0.36383
0.27168
0.20474
0.28341
0.16151
0.39406
0.38814
0.27722
0.39899
0.050923
0.1781
0.38334
0.25568
0.10572
0.39141
0.31531
0.3967
0.069492
0.069991
0.38774
0.32149
0.37189
0.20539
0.23158
0.14173
0.38069
0.39649
0.3569
0.39893
0.24478
0.32315
0.33155
0.39715
0.22011
0.24901
0.22509
0.3961
0.17953
0.32204
0.3534
0.39519
0.37099
0.31995
0.25162
0.2764
0.043188
0.17269
0.39662
0.27062
0.3703
0.38713
0.088621
0.23178
0.34526
0.36032
0.39123
0.35966
0.027982
0.22611
0.36902
0.20702
0.3468
0.35838
0.21027
0.37388
0.039674
0.37244
0.25414
0.14068
0.39806
0.34352
0.39619
0.19469
0.03712
0.39364
0.38221
0.28074
0.38487
0.077049
0.29625
0.058108
0.031871
0.1302
0.064394
0.3779
0.22462
0.18414
0.044274
0.37535
0.18204
0.29192
0.38436
0.34026
0.38622
0.38364
0.36923
0.30084
0.20982
0.3053
0.22085
0.3726
0.36032
0.24934
0.27406
0.35646
0.14024
0.14936
0.27713
0.14556
0.33586
0.20455
0.16663
0.34451
0.39902
0.39864
0.27866
0.39741
0.34329
0.071373
0.37865
0.22896
0.39904
0.39877
0.39844
0.36179
0.10518
0.25561
0.23062
0.035772
0.36972
0.34807
0.36912
0.018286
0.28597
0.22161
0.39902
0.33302
0.26137
0.37275
0.17876
0.39385
0.067446
0.39904
0.35649
0.15237
0.39758
0.2668
0.28834
0.37563
0.21794
0.1741
0.35296
0.32156
0.27764
0.36247
0.39666
0.20633
0.33547
0.31221
0.32094
0.39143
0.39898
0.18226
0.010399
0.39873
0.21262
0.26302
0.37582
0.37071
0.38968
0.34427
0.065477
0.2975
0.28627
0.3983
0.35446
0.39104
0.39883
0.37675
0.25683
0.35997
0.16144
0.34372
0.17537
0.26609
0.36471
0.27772
0.091764
0.24163
0.3986
0.34363
0.23038
0.37937
0.34586
0.039834
0.080449
0.022198
0.17424
0.25181
0.15113
0.39792
0.39894
0.37431
0.37845
0.20278
0.38094
0.1947
0.39853
0.12409
0.39887
0.32732
0.18893
0.30337
0.042215
0.35675
0.16043
0.39211
0.047916
0.11721
0.39836
0.098231
0.38396
0.18787
0.38529
0.34365
0.33759
0.040819
0.35047
0.36849
0.37479
0.38999
0.24295
0.29723
0.17921
0.31587
0.18409
0.39823
0.34006
0.18828
0.35299
0.36082
0.37782
0.364
0.12669
0.34966
0.20141
0.35005
0.36838
0.029644
0.20758
0.31809
0.36662
0.17618
0.38956
0.28928
0.1964
0.3778
0.39877
0.38651
0.13667
0.15265
0.11128
0.33255
0.30277
0.26649
0.041828
0.10114
0.32689
0.32588
0.16097
0.27437
0.39627
0.30022
0.058135
0.2945
0.3939
0.37807
0.3941
0.01476
0.14609
0.3987
0.25729
0.38576
0.39095
0.18878
0.37848
0.37629
0.38981
0.32811
0.39865
0.39349
0.39867
0.39211
0.18999
0.065868
0.39487
0.18269
0.13198
0.37073
0.39796
0.14761
0.29109
0.37948
0.29399
0.058126
0.39796
0.39765
0.14288
0.27317
0.034169
0.14487
0.30325
0.10401
0.39902
0.36498
0.35243
0.38885
0.15625
0.31804
0.39485
0.34568
0.37342
0.31858
0.1379
0.059057
0.35692
0.16615
0.33227
0.021935
0.3981
0.21724
0.37376
0.36695
0.37748
0.29809
0.3608
0.32097
0.25858
0.39855
0.39834
0.29967
0.075097
0.3793
0.38653
0.039627
0.0076802
0.12546
0.3007
0.3334
0.091059
0.3063
0.39904
0.11945
0.13419
0.3847
0.39584
0.39446
0.27634
0.32856
0.26739
0.24729
0.32986
0.38554
0.13689
0.38887
0.23402
0.33236
0.36922
0.39827
0.20937
0.31656
0.025066
0.39675
0.10095
0.35818
0.29587
0.39892
0.37252
0.17763
0.027567
0.09179
0.38224
0.30725
0.34883
0.38711
0.38126
0.35008
0.36932
0.27973
0.32101
0.24226
0.39902
0.28564
0.18078
0.35833
0.25422
0.39454
0.085865
0.28118
0.36673
0.23944
0.24344
0.31981
0.076235
0.34347
0.33556
0.38915
0.30225
0.39898
0.26393
0.38957
0.17565
0.39176
0.04858
0.33904
0.3766
0.37022
0.26365
0.35058
0.06853
0.39801
0.39246
0.37731
0.32822
0.39884
0.39624
0.39677
0.35801
0.29886
0.011995
0.33671
0.34531
0.24617
0.2918
0.36945
0.29597
0.28687
0.22128
0.35161
0.37225
0.34309
0.34758
0.39864
0.029479
0.34534
0.37905
0.22525
0.0067659
0.38664
0.39349
0.1703
0.082429
0.35365
0.26728
0.18891
0.25175
0.33826
0.39184
0.38042
0.34591
0.36643
0.25218
0.38321
0.34246
0.035213
0.35293
0.24205
0.19025
0.19237
0.26489
0.37801
0.054892
0.399
0.39901
0.25831
0.074315
0.31885
0.28334
0.28272
0.18838
0.093569
0.15676
0.0070816
0.05315
0.093303
0.26822
0.38836
0.34234
0.25726
0.39687
0.25692
0.28067
0.34799
0.1148
0.39729
0.063448
0.38918
0.39076
0.15337
0.12925
0.36146
0.2015
0.25804
0.39617
0.17751
0.35476
0.26482
0.17074
0.39758
0.3958
0.39565
0.19464
0.1699
0.39474
0.17955
0.15188
0.27034
0.39675
0.39617
0.35566
0.26289
0.39645
0.35906
0.34419
0.10271
0.28316
0.32901
0.3531
0.38099
0.17431
0.31892
0.381
0.39036
0.16237
0.33347
0.36705
0.15374
0.39903
0.19574
0.21636
0.37808
0.37713
0.39621
0.34194
0.21588
0.39896
0.3572
0.39414
0.25807
0.27185
0.39883
0.30725
0.22998
0.32278
0.37535
0.35463
0.056331
0.39832
0.053346
0.39253
0.072696
0.21991
0.0067413
0.34749
0.36624
0.21521
0.35545
0.019411
0.12277
0.3935
0.25789
0.3297
0.22088
0.2447
0.38349
0.38017
0.37335
0.2378
0.24103
0.38993
0.3987
0.38156
0.33313
0.39412
0.37211
0.36702
0.12778
0.22905
0.20386
0.37701
0.21075
0.35653
0.34809
0.39018
0.26808
0.27143
0.14547
0.37236
0.18144
0.30352
0.29159
0.36684
0.075152
0.30369
0.37718
0.35752
0.37353
0.023951
0.38696
0.33842
0.36821
0.36397
0.0091824
0.099808
0.1206
0.18692
0.1727
0.39904
0.18121
0.21445
0.12632
0.39717
0.37347
0.39418
0.39333
0.39893
0.34596
0.32598
0.39444
0.035005
0.39389
0.38575
0.384
0.079216
0.046923
0.33775
0.39386
0.18176
0.33448
0.37298
0.39319
0.30397
0.39902
0.27325
0.39343
0.039657
0.21997
0.39857
0.32124
0.39006
0.32782
0.25899
0.24213
0.33112
0.38957
0.25425
0.22808
0.12919
0.39635
0.015721
0.020054
0.3746
0.24111
0.36943
0.35791
0.38455
0.38415
0.18769
0.36212
0.39831
0.39049
0.32653
0.38646
0.30842
0.3733
0.38118
0.39791
0.35032
0.39439
0.24892
0.16104
0.02486
0.1222
0.39894
0.39865
0.057952
0.032902
0.39792
0.31607
0.32276
0.3962
0.38906
0.39268
0.39312
0.39124
0.39389
0.39755
0.062919
0.29298
0.3984
0.29475
0.15487
0.19742
0.39901
0.39134
0.10296
0.39903
0.30808
0.38017
0.35598
0.36546
0.35654
0.27535
0.39707
0.058154
0.20543
0.36456
0.39211
0.34928
0.12301
0.39726
0.066601
0.39234
0.20185
0.30586
0.39601
0.38375
0.33245
0.39337
0.39073
0.31119
0.18873
0.28443
0.39702
0.26718
0.37447
0.36075
0.27786
0.17574
0.39717
0.37769
0.38614
0.32123
0.095731
0.17308
0.29571
0.38338
0.39431
0.060827
0.29851
0.39897
0.39818
0.13859
0.30791
0.34728
0.35355
0.37897
0.30296
0.18621
0.24146
0.20281
0.36658
0.12732
0.30398
0.39232
0.37561
0.38138
0.37926
0.39817
0.23121
0.33864
0.3952
0.19721
0.39772
0.3339
0.39721
0.39896
0.39794
0.177
0.39538
0.31282
0.39169
0.39514
0.39879
0.30512
0.28336
0.39667
0.34533
0.12973
0.34168
0.39903
0.38997
0.31663
0.39508
0.28287
0.33373
0.31843
0.27528
0.17323
0.24193
0.38611
0.3694
0.19006
0.061035
0.39482
0.37583
0.044889
0.39712
0.049756
0.33999
0.39873
0.036012
0.28599
0.39883
0.38479
0.20907
0.36898
0.39575
0.39095
0.10592
0.37371
0.36893
0.38564
0.39138
0.39238
0.057704
0.39835
0.20657
0.31652
0.27864
0.27158
0.36045
0.34632
0.36552
