0.5343
0.022653
0.37826
0.55638
0.34328
0.35587
0.023046
0.24677
0.26548
0.56498
0.40014
0.23331
0.56584
0.55562
0.2695
0.46268
0.5598
0.52674
0.46781
0.38922
0.56159
0.56131
0.43206
0.069552
0.36064
0.47931
0.064012
0.061488
0.53235
0.42203
0.26252
0.18637
0.53247
0.49737
0.5636
0.56942
0.28737
0.53478
0.41415
0.35369
0.54285
0.38253
0.52014
0.27541
0.45191
0.56341
0.29325
0.44618
0.10644
0.12555
0.12934
0.42184
0.56156
0.19744
0.27943
0.39532
0.4638
0.26467
0.56847
0.2409
0.098701
0.4203
0.56638
0.054829
0.50729
0.53838
0.41817
0.3873
0.56441
0.15943
0.38038
0.53212
0.19247
0.51059
0.2562
0.21661
0.063831
0.38014
0.3622
0.037452
0.15272
0.15434
0.28005
0.20874
0.12487
0.55611
0.43612
0.54537
0.45712
0.31535
0.56604
0.48395
0.43472
0.56613
0.31967
0.56911
0.25031
0.54028
0.081554
0.24052
0.56971
0.47429
0.4737
0.56941
0.56215
0.29299
0.54126
0.56838
0.088386
0.53055
0.27104
0.4631
0.56358
0.30899
0.56692
0.1907
0.56888
0.32389
0.42441
0.024073
0.5601
0.10365
0.56222
0.50424
0.53466
0.55723
0.31802
0.53024
0.25799
0.55934
0.12112
0.19929
0.10905
0.41257
0.29231
0.11872
0.17826
0.35227
0.56594
0.31645
0.55173
0.40371
0.56946
0.55811
0.50129
0.03786
0.56843
0.56135
0.49017
0.012103
0.56394
0.46118
0.35186
0.56932
0.40616
0.25337
0.51075
0.56968
0.21332
0.41823
0.34394
0.49134
0.13454
0.56908
0.014096
0.44954
0.56918
0.10511
0.48438
0.4303
0.24871
0.40557
0.5692
0.44612
0.079493
0.11128
0.18496
0.10882
0.12438
0.27081
0.56689
0.39575
0.56485
0.11198
0.1427
0.5474
0.45601
0.24192
0.068953
0.56485
0.31047
0.5543
0.5559
0.56329
0.50188
0.24575
0.39042
0.37035
0.56783
0.41575
0.46564
0.56044
0.15121
0.14234
0.16089
0.25218
0.55059
0.15266
0.48911
0.52965
0.30082
0.53914
0.54991
0.56089
0.56865
0.55322
0.44105
0.3127
0.5545
0.27304
0.5053
0.42305
0.29043
0.37327
0.045079
0.56972
0.54038
0.56363
0.28471
0.5208
0.50413
0.1989
0.2846
0.075778
0.54663
0.42736
0.36483
0.31101
0.20366
0.55598
0.40426
0.56845
0.51792
0.43832
0.43862
0.40807
0.53871
0.45811
0.26885
0.55662
0.53914
0.4062
0.34165
0.45865
0.41117
0.56285
0.27931
0.23389
0.56604
0.51005
0.30181
0.22462
0.35773
0.38339
0.55348
0.33423
0.32184
0.11698
0.19842
0.4204
0.2568
0.044182
0.36205
0.56948
0.39113
0.47864
0.56758
0.34438
0.13854
0.34957
0.48163
0.45939
0.21416
0.32121
0.08448
0.45706
0.094817
0.31711
0.075746
0.1461
0.20708
0.56322
0.08546
0.24031
0.56922
0.52998
0.052978
0.50238
0.48271
0.28464
0.40304
0.44948
0.0076629
0.54088
0.23015
0.16443
0.48378
0.36838
0.48715
0.54392
0.50822
0.55191
0.53068
0.18835
0.5432
0.443
0.53461
0.38833
0.43924
0.35701
0.56894
0.39343
0.41983
0.53409
0.56181
0.55459
0.56942
0.21195
0.32674
0.19777
0.24296
0.56553
0.47114
0.14782
0.17399
0.019626
0.50231
0.27931
0.55087
0.44607
0.059665
0.13531
0.56937
0.2344
0.49473
0.50684
0.46314
0.39908
0.37618
0.32113
0.029085
0.37626
0.11745
0.079735
0.49066
0.20936
0.56356
0.56703
0.56668
0.43149
0.38201
0.042155
0.38903
0.2689
0.43135
0.56215
0.097773
0.56521
0.55182
0.24848
0.53056
0.27084
0.50181
0.083674
0.17429
0.54465
0.52083
0.47464
0.19802
0.49718
0.47416
0.40998
0.48846
0.15966
0.22379
0.5381
0.334
0.48678
0.20508
0.17513
0.56589
0.21335
0.43747
0.52092
0.41923
0.39567
0.43497
0.083251
0.55187
0.17805
0.56871
0.28193
0.29282
0.53222
0.13009
0.50598
0.56479
0.55309
0.56933
0.42723
0.54132
0.56958
0.5447
0.55145
0.34519
0.38717
0.15303
0.06069
0.55528
0.012586
0.31787
0.20521
0.48362
0.12242
0.03744
0.11439
0.3537
0.33339
0.19021
0.56773
0.35956
0.31747
0.44573
0.36592
0.051465
0.43538
0.51803
0.047754
0.38146
0.50734
0.12032
0.56733
0.47985
0.38454
0.54213
0.42524
0.56968
0.56227
0.51306
0.56825
0.24122
0.24975
0.54402
0.46028
0.56915
0.56965
0.2543
0.16201
0.20642
0.55841
0.17473
0.5518
0.18496
0.55519
0.5631
0.42596
0.41275
0.36356
0.055616
0.15367
0.49195
0.35522
0.5371
0.40947
0.44025
0.31089
0.41615
0.35669
0.26163
0.13502
0.52195
0.51148
0.37502
0.51972
0.30369
0.51916
0.13967
0.19848
0.56579
0.46405
0.00040394
0.53115
0.54887
0.28278
0.56943
0.56073
0.43153
0.56699
0.4034
0.24135
0.053652
0.43082
0.53833
0.22508
0.37987
0.21845
0.52141
0.28576
0.47964
0.11737
0.55547
0.3031
0.20849
0.56487
0.54756
0.14543
0.54851
0.21997
0.23976
0.18808
0.41037
0.56857
0.55735
0.18295
0.47938
0.42937
0.35349
0.54862
0.55345
0.49416
0.56634
0.56072
0.53704
0.53169
0.025808
0.48547
0.37252
0.46727
0.56126
0.53351
0.47745
0.11578
0.551
0.30169
0.33777
0.56184
0.39243
0.098099
0.54062
0.42482
0.3705
0.14638
0.37774
0.51075
0.5075
0.31626
0.53683
0.22095
0.16732
0.12442
0.26235
0.5671
0.17439
0.4218
0.13584
0.47637
0.47261
0.030867
0.069334
0.43623
0.13024
0.54706
0.56867
0.56874
0.006146
0.56918
0.22559
0.51997
0.53374
0.45477
0.53761
0.47535
0.47413
0.3413
0.56599
0.56931
0.28024
0.31984
0.16352
0.46664
0.086109
0.38631
0.5011
0.31706
0.10658
0.56973
0.49709
0.13231
0.34396
0.55206
0.078216
0.47163
0.061679
0.43536
0.26641
0.56682
0.52085
0.49936
0.32359
0.56779
0.53454
0.021001
0.42038
0.30107
0.53623
0.5665
0.56762
0.51175
0.5666
0.11675
0.56387
0.45471
0.5685
0.47192
0.56706
0.17384
0.18543
0.041389
0.30004
0.53965
0.20185
0.51308
0.29391
0.54871
0.56251
0.41552
0.47916
0.43592
0.50922
0.38052
0.56949
0.31231
0.35863
0.54743
0.56584
0.11853
0.54707
0.56883
0.37996
0.183
0.29131
0.1752
0.15187
0.54943
0.3716
0.52239
0.55922
0.55837
0.09673
0.2724
0.39213
0.37298
0.3687
0.26363
0.23016
0.50323
0.058443
0.30302
0.50351
0.24895
0.049016
0.28671
0.22223
0.13737
0.1832
0.30592
0.54969
0.17382
0.41946
0.54463
0.52462
0.19961
0.49471
0.025315
0.21782
0.10491
0.56635
0.042663
0.37171
0.29938
0.15218
0.53205
0.50289
0.56849
0.37416
0.53715
0.52926
0.52295
0.41645
0.35744
0.52676
0.56973
0.56557
0.07137
0.41641
0.41606
0.32938
0.062308
0.24845
0.30717
0.49635
0.25495
0.062305
0.42663
0.34939
0.53985
0.42863
0.5688
0.08874
0.50314
8.4429e-05
0.22953
0.39076
0.56256
0.55962
0.029684
0.46217
0.5585
0.56103
0.52431
0.44859
0.46024
0.3908
0.5658
0.50747
0.012212
0.52119
0.19698
0.54474
0.20952
0.42627
0.42286
0.35196
0.31428
0.55369
0.47844
0.093772
0.34204
0.26132
0.47185
0.39809
0.13325
0.1301
0.11108
0.25023
0.46577
0.45136
0.019508
0.53364
0.56024
0.1248
0.17241
0.53078
0.06015
0.37227
0.43714
0.31451
0.28243
0.52163
0.065296
0.52317
0.2435
0.25091
0.19304
0.50321
0.38222
0.12792
0.12125
0.51901
0.39176
0.4169
0.21808
0.069444
0.38259
0.15688
0.051244
0.31903
0.03642
0.14438
0.56184
0.23077
0.55076
0.54826
0.31795
0.48803
0.3274
0.56298
0.5225
0.53781
0.3045
0.52783
0.39201
0.37763
0.23573
0.17323
0.030284
0.56471
0.05712
0.37831
0.56499
0.1366
0.54486
0.40786
0.46118
0.55036
0.37949
0.56956
0.33233
0.56533
0.34461
0.56
0.31442
0.18558
0.042704
0.55842
0.16604
0.54256
0.294
0.23476
0.16028
0.36072
0.33501
0.56795
0.44786
0.56973
0.47434
0.16062
0.15712
0.2318
0.56938
0.41773
0.18482
0.20188
0.31401
0.26402
0.24331
0.52782
0.54948
0.46091
0.39916
0.26433
0.16728
0.36034
0.46804
0.56973
0.4228
0.56463
0.16381
0.56304
0.54085
0.070414
0.096711
0.48324
0.35612
0.34902
0.53139
0.56875
0.54314
0.30225
0.42825
0.55017
0.24724
0.53239
0.35775
0.46709
0.51475
0.02105
0.14536
0.23114
0.47353
0.29417
0.53726
0.43767
0.29704
0.34746
0.095432
0.43036
0.55332
0.1667
0.3252
0.55004
0.43138
0.29584
0.46525
0.2811
0.0099368
0.54358
0.40842
0.40979
0.56655
0.567
0.17386
0.50063
0.3953
0.21852
0.3357
0.22124
0.23351
0.52966
0.32341
0.51652
0.089815
0.51044
0.24754
0.24225
0.56192
0.26173
0.56124
0.0012335
0.37322
0.31882
0.56948
0.54974
0.35718
0.56792
0.27731
0.41721
0.49688
0.55081
0.49963
0.023627
0.26661
0.52246
0.52093
0.56498
0.52575
0.56923
0.38072
0.51029
0.16859
0.54027
0.31241
0.56228
0.53067
0.55902
0.49603
0.53665
0.56476
0.44975
0.082502
0.45779
0.48825
0.034413
0.11993
0.44588
0.56967
0.46368
0.16333
0.40418
0.50833
0.41524
0.19322
0.53862
0.56142
0.49128
0.096241
0.34856
0.19493
0.16577
0.56972
0.40643
0.5672
0.52479
0.5663
0.49085
0.44864
0.56148
0.53946
0.19817
0.4274
0.40423
0.4744
0.47579
0.41695
0.43217
0.031268
0.53842
0.51573
0.18817
0.13108
0.13368
0.49198
0.18269
0.14953
0.38709
0.51891
0.067973
0.54421
0.20079
0.46554
