0.14129
2.7948
2.8777
3.1885
2.8331
4.1555
2.9078
0.17208
0.19
0.19304
2.8077
0.19848
1.4786
0.20151
0.46285
4.1416
0.49821
0.18907
3.103
3.6169
0.19439
3.9765
0.15667
0.041401
0.10171
4.0561
0.23081
4.1591
3.632
0.83221
0.078477
2.6397
0.16827
0.1666
0.19659
2.6577
4.0665
0.060798
0.19215
0.1088
0.011723
4.0288
0.11491
0.17239
4.1412
0.13271
3.9821
0.063975
0.1904
3.6613
0.14963
0.056062
0.10567
0.18346
0.18954
3.6901
0.1609
0.01973
3.8656
2.9834
4.1641
0.1324
0.055807
0.19637
0.19669
0.20555
3.1764
0.11423
4.1321
0.12284
0.088749
3.5138
0.1817
4.0931
0.25447
0.18071
3.8748
0.18276
3.3844
0.15465
0.19076
3.6476
1.1476
3.8917
0.15446
0.07844
0.19651
0.15985
0.16896
1.2969
2.9921
2.2372
1.6808
4.1473
0.1857
0.052287
3.3315
2.1031
2.1028
4.0399
0.16126
3.9968
0.056101
0.19641
0.065205
0.38302
0.044865
0.059178
0.84628
2.5948
1.1527
4.1421
0.16084
4.1321
0.12672
4.1635
3.9587
3.5407
0.039923
0.059097
0.12179
1.4429
0.73271
1.9687
4.0504
0.098603
0.097886
2.4491
0.18094
0.05184
3.656
0.19457
0.19162
1.6079
4.1843
4.079
4.1656
4.0976
0.15023
0.19126
2.1566
0.050863
0.23981
0.16883
1.2299
3.9507
0.14179
0.1974
3.7202
0.19218
2.6981
0.49406
3.8064
0.058558
3.832
3.7392
0.090655
3.8633
3.9142
0.19092
3.6409
0.0098182
4.11
2.9739
0.334
3.9846
0.21494
3.7947
3.8593
3.7383
0.93501
3.8152
0.038815
0.19897
0.10519
0.2615
3.9427
1.3174
4.083
0.14866
0.48548
0.14613
0.15777
1.1707
2.1638
0.19464
0.16063
0.011638
3.8182
0.048681
3.6292
0.13963
0.081501
2.5152
0.14164
1.1918
3.1444
0.12309
0.19237
4.0231
3.6811
3.5722
2.7771
0.18152
0.10834
0.11191
0.05713
4.1352
3.2587
0.18109
4.1519
0.09613
0.16412
3.7284
4.0391
2.094
2.8749
0.19531
4.1046
4.1642
0.66621
1.4045
0.18499
0.78477
2.9074
0.19631
0.53451
0.04251
0.15913
0.02505
4.0818
0.15772
3.5506
0.1289
0.21265
0.13241
0.092226
3.5433
1.015
0.133
0.86328
2.5039
0.77708
0.033459
3.2916
0.18147
3.5801
0.10602
2.4523
0.15772
0.83393
1.5669
0.17011
4.0151
0.18175
0.18113
2.9687
4.1899
1.1986
0.18084
0.54296
2.3965
0.095089
0.051233
0.9713
3.6807
4.1512
2.9619
0.16633
1.8367
0.1684
2.8609
3.8919
0.18688
3.9863
1.7174
0.43337
2.9846
0.18007
0.15608
2.1823
0.099484
4.1257
4.1028
0.087289
4.041
4.1833
0.16709
0.1091
3.0958
0.15296
3.5996
3.5144
0.014741
0.0069692
2.7569
0.11082
0.11983
2.3413
0.18079
0.045657
3.677
1.2363
0.065828
3.9448
0.078134
4.1842
0.19584
3.0008
3.9518
2.0508
0.16195
1.2905
1.8689
3.5685
0.19065
0.15358
1.0163
2.8716
0.18529
0.071054
3.8244
0.060942
4.0383
0.13496
0.16763
2.579
2.8
3.7203
4.1649
3.7207
2.6579
3.9042
0.18996
3.4247
0.058195
0.10203
0.17234
0.14977
0.15884
0.38634
2.0918
0.15992
0.76043
0.24359
0.19527
0.34547
3.474
2.9606
4.0891
0.19204
2.375
4.1095
0.13519
3.3751
0.07119
4.1422
4.1064
2.2391
3.9494
2.4791
0.11406
0.16347
0.16101
4.0053
2.0711
0.1888
1.7571
2.6533
0.18294
0.13193
0.74882
2.5173
4.0505
0.05155
3.4604
4.1573
0.15105
4.1232
2.0456
4.101
4.1052
3.3889
0.18566
0.017655
0.1868
1.3886
3.9148
0.19987
0.18858
0.040216
0.18587
0.19717
0.14365
0.46304
0.20142
4.1256
3.6274
3.5926
0.051452
0.143
2.1873
0.18097
2.8988
0.81344
2.495
0.13226
0.16354
0.11185
4.1124
3.0982
0.12694
0.12412
2.7313
2.4621
0.11662
2.4517
3.8773
3.2777
0.18671
0.11503
3.7601
4.1594
0.19642
0.14331
2.4763
0.13455
3.5446
0.045259
0.14621
0.028455
0.19187
3.5852
0.18734
0.1849
4.1848
0.033917
0.18579
0.19432
2.9041
0.014931
3.7105
2.9485
0.10911
0.005755
0.099856
0.19419
0.21889
3.1148
3.5493
3.3715
3.8929
0.12058
0.18421
4.149
3.9331
0.078683
3.3857
0.14479
4.0659
4.1475
0.14565
4.1369
0.83596
0.11216
0.045353
0.1625
4.1894
3.3819
0.29163
0.18119
0.15068
0.018967
3.141
0.18165
0.18448
4.0164
4.0996
2.3543
0.18378
0.10696
0.19668
0.19084
0.087957
0.068045
0.21658
3.3742
3.4195
2.4837
0.90315
0.18779
0.19614
1.5799
4.0814
2.1645
4.1319
0.1852
0.1692
2.9048
0.14866
0.67112
0.072364
0.14341
4.0184
0.03893
0.18871
0.18694
0.18314
0.18873
0.073501
0.11145
3.7224
4.0302
0.10447
2.3672
0.18212
2.1429
3.1124
0.16856
0.19421
0.18318
0.5394
3.5789
0.18712
0.1798
2.5716
0.13947
0.19399
0.027786
3.9193
2.975
0.19751
0.085197
0.089158
4.1562
0.012894
0.18752
0.031095
0.18087
1.5322
0.19675
2.0143
2.7575
4.1442
0.1883
0.19919
0.018449
4.1102
0.18189
0.19649
4.0911
0.11876
0.042442
4.107
0.1991
0.070522
0.078229
1.3932
0.15714
3.7572
4.0584
3.4576
0.69416
0.13607
4.029
0.19226
3.9669
0.18438
3.7023
4.1298
0.23695
3.6759
1.4006
0.1169
4.0627
1.2677
0.078663
3.0364
4.0285
3.8216
0.1548
0.16654
3.6704
1.6974
0.19336
0.19566
3.9074
0.066862
2.8081
1.8281
0.18239
4.0942
3.8247
3.7145
3.5886
0.37722
0.19319
3.8964
0.16462
0.15416
0.18822
3.56
0.83807
0.075127
0.18983
0.18777
3.1141
0.14868
3.8238
3.7702
0.60408
0.55045
3.9557
0.48582
0.18402
3.5819
2.9627
3.9229
3.6831
0.11711
0.16384
0.19743
3.5836
3.7706
0.075588
0.17734
4.0164
4.1881
1.3725
4.1015
3.6094
0.20511
0.12677
3.373
0.16055
4.0622
0.14171
3.3393
2.9903
3.2353
0.19986
0.18007
0.19676
0.15713
0.91775
0.19586
2.1291
2.2455
0.80904
4.0487
0.19319
0.19136
4.0017
0.15482
0.68904
2.8555
3.8636
1.4973
0.076006
3.7973
2.1432
0.16046
0.030586
0.19347
3.6805
0.10138
0.19626
2.354
1.1814
0.19224
2.2872
4.092
0.19344
0.19302
3.2755
0.19366
3.4536
0.12667
2.3505
2.1265
4.1076
0.18883
0.19713
4.1449
0.051086
0.19126
0.18719
0.17217
0.10034
0.14598
0.20291
3.7156
0.028628
0.014183
0.12933
0.046097
0.13634
4.0369
0.18305
0.13879
4.1629
2.9224
0.16289
0.15537
3.3257
3.7475
3.1994
4.1503
3.6228
1.8832
0.12329
0.92908
3.9932
0.18078
2.1184
0.078342
4.1203
0.19304
2.272
0.16036
0.14677
3.9192
0.18721
3.9822
0.1895
0.19664
2.5986
1.0121
0.15364
0.069022
0.19613
0.082935
1.4378
0.13089
0.11703
0.16233
0.099739
4.0335
0.26734
3.8434
4.1316
0.97712
3.3784
3.6893
0.19216
0.18779
0.19852
3.2072
2.9754
0.039246
1.1712
0.081165
1.3513
0.090424
0.16887
0.1148
0.049357
0.18255
0.67891
3.6793
0.53883
4.0416
0.12337
0.19397
0.15058
0.19783
0.095968
0.092154
0.10252
0.63311
0.14037
1.8118
0.19916
3.5383
0.088821
0.1958
0.079016
0.19675
2.7004
2.3318
3.509
0.14792
2.639
0.18779
3.7697
2.8667
0.08109
4.1161
2.9913
2.6155
4.0602
0.11232
4.146
1.7813
3.5555
0.20356
0.16546
4.1882
0.12461
1.6721
0.092092
3.9509
0.055985
3.8362
0.14328
3.3226
0.19131
0.1886
0.14068
1.7947
4.1841
3.9304
0.0098626
4.0549
3.9496
0.13372
0.056384
4.1595
0.10312
1.5591
4.1245
0.045486
2.4224
0.16786
0.14677
4.0177
0.1587
3.1492
0.088582
0.19712
0.15081
0.16442
0.19098
0.19215
0.10077
1.9615
3.8701
0.16654
0.7768
3.6779
0.18631
3.7624
0.1906
0.085482
0.19153
0.054165
1.1452
0.18432
0.078149
0.10723
0.19747
0.7082
0.19885
0.11006
0.16033
0.031019
3.8964
3.8768
0.20591
0.083061
0.18365
0.04763
0.17244
3.9739
0.16632
0.4889
2.6499
0.18311
0.24259
4.0373
0.68112
3.7141
0.18514
0.0027672
0.16741
0.043555
0.52467
2.359
0.1937
0.23705
3.199
0.073031
3.9809
0.18857
0.11406
0.14675
0.03136
0.18933
3.9467
0.13768
4.1295
3.2869
1.9046
3.4063
0.0060541
3.5159
3.2122
0.20943
0.086201
0.12846
0.19644
0.14399
0.13179
1.9026
0.0599
0.18115
4.0745
0.18573
0.19233
3.9393
0.18058
0.1314
0.19241
2.7483
4.1657
0.13546
0.18953
0.048156
4.1449
0.19822
3.6814
4.1522
0.076548
2.7288
3.1232
0.1894
2.6891
3.8373
4.1237
0.19606
0.056609
4.1063
3.7621
2.5853
0.15328
0.12947
2.4106
0.12861
4.0089
3.8136
0.10812
0.18693
0.068249
3.1525
0.16304
4.0653
0.018344
0.054904
0.15358
2.6833
0.05803
0.1705
3.7431
3.5744
0.16467
0.77506
0.17179
0.021807
1.272
4.0116
3.7878
1.002
4.0678
3.7013
3.6039
3.182
0.15809
4.0177
0.12605
0.11982
0.16881
0.038123
4.0595
0.053038
0.16891
3.8825
2.2354
2.8796
0.076539
4.0801
2.247
0.49394
3.8595
0.19428
1.2984
0.01098
0.19682
9.9346e-05
0.19072
1.7705
4.0709
0.19551
0.0019038
2.3185
4.1065
0.66698
0.19615
2.1139
0.11529
2.6685
