-0.83077
0.49082
0.10893
0.4925
0.10911
-0.50074
0.5087
0.54544
0.31267
0.25691
-0.9911
-0.10249
0.084919
0.038816
-0.9778
-0.0015617
0.52241
-0.32801
-0.99236
0.0055683
0.22836
-1.0026
-0.69536
-1.7735
1.1609
0.49763
0.13097
0.098775
-0.99494
-1.0186
1.3661
0.090086
0.58366
0.60051
0.17198
0.50974
-1.0015
-1.5417
0.27444
-1.1013
-2.3809
0.50265
1.0505
-0.54371
-0.50112
-0.90306
-1.0026
-1.5083
0.30591
0.5052
0.75867
1.5934
-1.1275
0.4097
0.32047
0.10517
0.65599
-2.1512
-0.99643
0.0084858
0.50034
-0.90563
-1.5963
-0.17842
-0.16908
0.035982
0.10765
1.0561
0.098306
0.9849
1.2729
0.0060936
0.4326
-0.99904
0.070756
-0.44505
0.50389
0.41892
0.49339
-0.71383
-0.29971
-0.50528
0.48318
-0.99663
0.71554
1.3664
-0.17453
-0.66591
0.57661
-0.48406
-0.99188
-0.51149
-0.98629
0.49902
-0.37885
1.6366
0.49314
-0.51206
0.48793
-0.50254
0.6525
-0.0031498
1.593
-0.17721
-1.4956
-0.97662
-1.7276
-1.5591
0.019077
0.0899
-0.51677
-0.49889
-0.65657
0.10169
0.95282
0.49961
0.0034553
-1.0056
-1.7939
-1.56
0.99362
0.084732
0.51983
0.087249
-1.0018
-1.1873
1.1934
0.089297
-0.46023
1.6418
-0.0053598
0.22418
0.28432
-0.48568
0.00053077
0.5021
-0.49978
-0.99916
-0.75332
-0.29081
0.48816
-1.6534
-0.97339
-0.57795
-1.016
0.0035167
-0.96692
-0.14627
-0.005005
0.53269
0.50958
0.47748
-0.0044957
-1.5658
0.50418
0.0048964
-1.2561
0.50397
0.10378
-0.29689
0.0054409
2.4543
-1.0003
0.0085259
-0.026037
0.10324
0.033314
0.0045675
-0.49599
-0.50476
0.48177
0.50429
1.8095
-0.074583
-1.1315
-0.52762
-1.0029
-0.015953
0.10232
-0.76712
0.12294
0.7892
-0.68521
-0.48332
0.5118
0.22255
0.65848
2.384
0.49572
-1.6797
0.1055
0.84486
-1.3381
-0.010433
0.82783
-0.48345
-0.0077954
0.98288
-0.27011
0.49729
0.4949
0.49432
-1.009
-0.43486
-1.1051
-1.0754
1.5815
0.10165
-0.49281
-0.44034
-0.49914
1.2085
-0.62497
0.095047
-0.0027761
-1.0119
0.10894
0.20646
0.50177
-0.49966
0.52046
0.084529
-0.38888
-0.98104
-0.5087
-0.18016
0.52193
-1.7585
-0.67265
-2.0372
-0.0023441
0.68576
0.49421
0.93478
-0.033788
-0.90555
-1.2423
0.49417
-0.48233
0.90063
0.01894
-1.0101
-0.019661
1.8898
-0.49296
0.53506
-0.49436
1.1246
0.08931
-0.68575
-0.019178
-0.48547
-0.56478
-1.0022
-0.43196
0.43976
-0.50845
6.579e-05
0.51649
-0.46002
0.07786
-1.0106
-1.2175
1.649
0.081878
-1.0048
0.0013969
0.10857
-0.60329
0.48675
0.58233
0.0090006
0.096066
-0.36188
-0.99747
-1.0135
-0.52338
-0.0084808
0.45452
0.70075
-0.011827
1.1798
0.098212
-1.0007
1.2858
-1.0019
0.099466
0.59568
1.0988
0.49209
-1.0307
0.50553
0.0060908
-2.2827
2.5901
0.09057
1.0844
1.0098
-0.51105
0.44399
-1.7174
0.0052458
0.51627
1.4892
-1.0029
1.3693
-0.00053561
-0.19288
0.10841
-0.99714
0.51229
-0.64598
-0.51596
0.086802
-0.5057
0.30162
-0.72343
-1.0173
-0.50885
0.38473
-1.437
0.50423
1.5401
-0.50255
0.88425
0.59017
-0.51007
-0.49084
-0.0050041
-0.49971
0.095003
-0.0098427
-1.0033
-0.31339
0.0065253
-1.5698
1.1582
0.54396
-0.75743
0.67528
0.52422
-0.51211
-0.66522
-0.019809
-0.52843
0.20761
0.52508
0.49382
-0.49151
-0.0022623
0.27644
0.011015
-1.0003
0.88229
-1.0064
-1.4357
-0.49889
-0.99949
-0.48851
0.50334
-0.98974
-1.0575
-0.6313
0.65491
0.0030787
-0.48779
0.33238
-0.5136
0.50976
0.41659
0.90956
-0.019915
0.48967
0.50243
-1.6452
0.10635
0.10126
-0.74607
0.49852
0.012416
0.49818
0.09794
0.50658
-0.37942
2.2022
-0.36298
0.084443
-0.99682
-0.042259
0.33592
1.7898
0.37651
0.15392
0.81064
-0.9778
0.061352
-0.49856
0.094492
0.10569
-1.6464
0.81615
-0.5117
0.46029
0.50874
-0.48083
-0.51042
0.90682
0.63066
1.0759
-0.49835
-0.99234
-0.95929
0.97431
0.49055
0.11065
1.0363
-1.0104
0.10403
0.092799
-0.36438
1.0495
0.10477
0.50059
0.17705
0.81354
-0.51049
-0.96519
0.0059397
1.7225
-0.78849
-1.9736
0.2796
0.005733
0.35495
-0.39017
0.00051081
1.8826
-1.0285
0.22988
0.49128
-2.277
0.10505
0.50853
1.0987
2.663
-1.1766
0.23264
0.13238
-0.49217
0.094088
-0.99359
0.50377
1.0036
-0.39966
0.09858
0.50347
-1.3642
0.4934
0.80081
0.1025
0.098554
0.7934
-0.50122
0.11915
1.0733
-1.7213
-0.64074
0.00016519
-0.99364
-0.97482
-0.43898
-0.74931
2.1694
0.5077
0.43321
-0.4636
0.10297
0.097871
0.011101
-0.40537
-1.1167
-0.16931
0.29833
1.2799
-1.4668
0.53009
0.49334
-0.0065503
-1.0102
-1.018
-0.34812
0.185
-0.014571
0.10234
0.011903
0.1017
-0.38603
-0.57417
0.091186
0.76713
-0.52041
-1.4242
0.81264
-0.99782
1.8079
-0.33383
0.36097
-0.4139
-0.33343
1.4132
1.0792
0.49514
0.49736
-1.1376
-1.0107
-0.42719
0.11199
0.007934
-0.58071
0.23225
0.4134
-0.47808
0.49435
0.35818
-0.53565
0.11019
-0.84625
-0.23716
-1.9856
0.0037481
-1.0082
0.14598
-1.3046
1.2693
-0.50072
-2.3406
0.35228
-1.9281
0.4601
-0.4853
-0.16736
0.08745
0.49066
0.49894
-0.3402
-0.057836
2.1822
-0.99975
0.43014
0.17513
0.097771
1.0186
-1.7594
-0.99952
-0.064834
1.4422
-1.3684
-0.5154
-0.96897
-0.50465
0.0025893
-0.99401
0.52019
0.87491
-0.0028693
-0.27222
-0.5032
0.39728
-1.0046
0.10173
-1.0265
0.49488
-0.51536
-1.0411
0.4977
-0.016235
-1.3644
-1.0079
0.0028744
0.0044014
-0.71245
-0.60117
-0.49484
-0.51388
-0.25039
-0.19783
0.50366
1.4787
0.49087
0.013388
-0.42373
0.097807
0.10437
-0.49509
0.10571
0.5244
0.25388
0.096097
0.62011
-0.71825
-0.34147
-1.0055
-1.0185
-1.3977
-0.31561
-0.34838
-0.49217
0.76695
-0.99613
0.0047146
-0.52111
0.47822
0.0034787
0.47736
0.4022
0.49437
0.0085732
0.0037219
0.094793
1.0323
0.62777
-0.14515
0.50562
-0.0047121
1.3933
0.53679
-0.9978
0.099796
0.11564
0.50181
0.1056
-0.036187
-0.95296
-0.9936
-0.65927
-0.0025509
0.82724
0.0069243
0.49164
0.49271
-0.042328
0.45463
-0.16702
0.69116
0.11851
-0.19236
-0.012055
0.48854
0.51918
0.002685
-0.25389
0.28907
-0.99763
-0.7123
-0.47973
-0.9913
-0.50397
-0.51486
1.3893
-0.0045513
-0.4881
0.66016
-1.9367
-0.24825
-0.4949
-1.1637
0.18158
0.1111
0.5166
-0.27277
-0.98894
-1.001
0.24877
0.25738
-0.99314
-0.24425
0.49372
0.95322
0.011117
0.11206
-1.0004
0.33182
0.15533
-0.49896
1.6507
0.29083
0.35721
0.54486
1.1724
0.79053
0.46803
0.094974
-1.9706
-2.2995
0.93119
-1.7118
0.8727
0.10279
-0.41513
-0.852
-0.49957
0.0087433
0.63695
-0.70728
-0.49312
-0.50471
0.49255
0.49909
-0.49458
0.11313
0.98123
-0.51825
0.096827
-0.44416
0.512
1.3674
0.098136
-0.25694
-0.98888
-0.66103
-0.78368
0.0037486
-0.35692
0.49692
-0.32105
0.17059
0.089915
-0.48231
-0.7229
-1.457
0.18505
1.325
0.015298
0.9182
1.0329
-0.64235
1.1776
-0.99801
-0.028543
-0.50411
-0.50132
0.48207
0.0067433
0.49495
0.27416
-0.3481
-0.1001
0.10751
-0.49158
1.8034
-0.51666
1.3412
0.48436
-1.2581
0.57762
1.0514
1.6714
-0.42164
-1.0198
-0.005233
0.077805
0.097256
0.98051
0.23756
-0.75026
-0.13051
1.2099
1.2429
-1.154
0.47916
0.83859
0.48664
-0.060375
0.49414
-1.2722
-0.19394
-1.3611
-0.16725
0.10966
0.11119
0.0061176
0.77367
0.10992
0.34817
0.10471
0.50888
-1.3419
-0.0019335
0.49164
-0.9903
-0.99839
-1.072
-0.50101
0.1136
0.50576
0.063116
-0.61184
0.099808
0.97027
-0.48599
1.2435
0.0035149
-1.5943
-0.50415
-0.81382
-0.50689
0.29001
0.33559
0.83596
-0.51343
0.10049
-0.0036679
-2.4524
-0.0026243
0.0035249
0.89461
1.5898
-0.50059
-1.149
-0.48544
0.1018
1.7196
0.48928
-0.58788
0.78365
-0.50275
0.67665
-0.99257
-1.2744
0.15559
0.74819
0.62208
0.29577
-0.27433
1.1688
0.48731
0.10408
0.60113
0.080342
0.49489
-0.37014
-1.0043
0.30256
-1.302
-0.28588
-1.6149
0.083035
-0.39806
-1.3692
-1.1144
-0.14392
0.47991
-0.08183
1.0907
-0.66136
-1.9294
0.49625
0.10404
-0.53101
1.3239
-0.40711
-1.6926
-0.5435
0.096671
-0.60338
-0.47741
0.49022
-0.41429
0.52848
0.002793
-0.98016
-0.0050392
-0.38688
2.9251
0.59241
1.7446
-0.022393
-0.48901
-0.24346
0.47094
0.49254
1.4178
-1.0026
0.33602
-1.0575
0.78385
-1.9237
-0.32382
0.49663
-0.86137
0.098267
-0.49294
0.01304
-1.0062
2.6439
-0.006083
-0.4926
0.034602
1.2956
-0.93838
-0.17656
0.80767
-0.91071
0.48705
-1.5513
0.43956
0.0024234
0.37846
-0.27091
0.49657
-0.44673
-0.91395
-0.2694
0.49062
0.4998
0.88005
0.32062
1.6861
0.50104
-0.11426
-0.50509
-0.49915
-1.3842
-0.49054
0.49221
-0.32266
-0.50961
0.10429
0.098183
0.18718
-1.5873
-1.0005
-1.0043
0.48995
-0.72614
0.93002
0.51077
0.9372
0.50284
0.0044512
-1.107
-0.36113
-1.4648
0.10775
-0.63548
0.0025194
-2.1848
-1.6065
-0.72349
0.0097379
1.5716
0.56069
0.10487
-0.0057887
-0.61966
-0.51946
-0.54755
2.1041
0.083793
-0.50281
0.095396
-0.48224
0.0024941
-0.50498
0.50551
-0.0076307
0.6823
0.49724
0.95835
1.0099
-0.57816
-1.8194
0.49767
1.6278
0.57713
0.096002
-0.98872
-0.49117
1.3843
0.49791
-0.48854
0.47748
0.496
-0.23082
-0.98437
2.4082
-0.16526
-3.9
0.3004
0.013654
0.4978
0.20149
-3.0503
0.088752
-0.50174
-0.52045
-0.18458
-0.01212
1.0474
-0.5097
