-0.258
0.25667
-2.0989
2.4001
0.20586
1.2281
0.46517
1.5785
-0.70573
-0.5328
-1.2292
-0.41806
0.12095
-1.8419
-0.30249
-0.36586
-0.4205
-0.93901
0.90317
0.97023
0.21418
0.45564
0.14354
-0.25214
-0.21254
0.15693
-1.1345
1.1845
-1.2925
0.46932
0.1946
0.4799
-1.9513
-2.2647
1.1744
-0.17761
-1.4721
0.78723
1.45
2.1595
-0.99439
0.98732
0.51674
0.52939
0.79608
0.12141
0.34897
-1.0256
-0.76923
1.778
0.46252
0.71129
0.7521
0.29067
0.067489
-0.97648
-0.015794
-0.14385
0.36137
-0.95873
0.03688
-0.30092
1.4372
0.96072
-0.59438
-2.5223
1.2103
0.10212
-0.23387
0.70496
-0.74318
1.531
-0.044831
-0.22349
-0.8383
2.1209
0.67804
-1.4959
-0.20666
0.36176
-0.071371
-1.0762
2.7308
1.7308
0.54296
0.84038
0.76771
0.4043
1.2662
-0.13673
0.50428
-0.16611
-0.42439
-0.89549
0.34182
-1.2152
1.3874
1.2388
1.1393
-0.88779
-0.28595
-0.40451
2.0143
-1.8279
1.0981
0.78184
-1.7382
-1.243
0.5465
0.61958
0.021093
-0.32207
-0.7566
0.85781
-0.93939
-1.1018
0.78477
0.30092
-0.55672
0.086955
0.31767
-0.1033
-0.88786
0.55514
-0.87303
-0.54393
-1.1907
0.088908
0.73853
-0.35534
-1.0491
-0.68983
-0.71619
-1.8074
-0.3277
1.4915
0.43456
-0.84707
0.44473
-1.5081
-1.3428
-0.84663
0.21337
1.7426
1.738
0.9816
-0.14673
0.73472
-0.81527
-0.75085
1.5548
-1.0512
-1.5186
0.48596
-1.5496
-0.39502
-1.6839
-0.99246
-0.069966
2.5319
1.1233
0.48077
0.5199
2.4205
-0.94578
-0.0081113
-0.42986
-0.87688
1.1553
-0.82724
-1.345
-0.15859
-0.23544
0.85353
0.016574
-2.0292
1.2702
0.28333
0.94356
1.6299
-0.19661
0.68631
0.10851
-1.8697
-1.8659
-0.23968
-0.65744
0.3754
-1.1525
-1.0432
-1.4389
-0.30684
-0.1133
0.47246
0.024274
-0.98866
-0.64953
0.60874
0.097432
1.0908
-0.97117
1.0701
-0.12174
-1.2639
-0.65481
0.4929
0.13925
0.38181
-0.66467
0.96034
0.857
2.1088
1.2943
-0.1103
-0.88131
-0.38664
0.24625
-1.7348
-1.0424
0.5381
0.45181
0.19889
0.4559
2.3054
-1.0659
0.39556
1.1456
0.52978
-0.4636
1.132
0.36095
2.1487
0.37146
0.94995
1.444
-0.070334
-0.54739
0.11987
1.1981
2.1794
-0.16511
-0.29363
0.83861
-0.26892
-1.8136
-0.77186
-1.963
-2.2483
1.4966
-1.91
-0.32996
1.0721
-1.2437
-2.097
0.34988
-1.2529
0.7907
0.27384
-0.56454
0.25558
0.28055
0.39406
-0.75167
-1.1339
-0.7318
-1.0877
-0.37034
0.45183
0.96979
-0.86685
-0.47506
1.4462
-1.402
-0.85389
1.4202
-0.58715
-1.1561
1.3216
-0.54211
0.011063
0.045171
-0.84745
-0.090527
0.5486
1.8553
0.32388
1.0541
0.0050171
-0.037147
0.055083
-0.44274
1.633
0.94385
-1.0472
2.1963
-0.39073
-0.52282
-0.39484
-2.4831
-0.8163
1.0846
0.010781
-0.60143
0.91993
0.3692
1.2673
-0.16185
-1.8856
-0.0026299
0.47493
-1.3876
-0.085813
0.89732
-0.80615
0.34779
1.0999
-1.288
-0.49543
-0.65707
-0.85174
0.4385
-0.10941
-1.1486
-0.58913
0.70054
0.66003
-0.19634
-0.017162
-1.2519
2.7009
0.039368
-1.1221
0.91307
-0.34632
0.38381
0.21789
0.5434
-1.9012
-0.76637
-0.81504
0.061246
0.4868
0.20131
-0.032911
-0.33906
-0.93878
0.454
-1.3453
-0.54636
-1.2823
-0.90025
0.42416
-0.85144
-1.7146
-1.0017
-0.047382
0.54683
1.0482
-0.31796
0.53487
2.1468
-1.7897
-2.4038
1.2873
0.95957
1.3935
-0.074952
0.022932
-0.35773
-0.3255
1.1636
-0.3047
-1.198
0.050837
-1.5285
-0.029527
-0.62949
-1.2228
-0.74041
-2.1196
0.47335
-1.35
0.18727
2.0589
1.5653
0.058507
1.6744
-0.27757
-1.2274
0.26485
0.54673
-0.57832
2.1354
0.50948
0.39917
0.35415
-0.21428
-0.99619
-0.76755
-1.2653
0.68372
1.2439
0.063832
0.5656
1.2257
0.49521
0.44876
-0.33063
-0.42878
-1.5148
0.51401
1.1694
0.51184
-0.39987
2.2803
1.1433
0.6734
-0.41171
-1.2787
0.21938
-0.80211
1.1907
0.3308
-0.036863
0.25269
-1.4639
-1.3863
1.5981
0.60377
0.74308
-0.89859
-2.1239
1.6568
-0.6316
0.63646
-1.3475
0.86554
-0.11804
-0.75439
-1.9628
-0.77947
0.16109
0.32861
-0.15782
2.5679
1.4176
-0.041736
-0.93685
0.26021
-0.20243
-1.2235
-0.32529
-0.3427
-0.21635
0.62567
-0.044246
0.16735
0.04349
0.18724
-1.2183
1.8981
-0.14504
-1.25
1.4875
0.38367
0.073676
-1.4103
0.79427
0.31709
0.78169
1.9629
-0.07389
0.083684
1.4332
-0.87059
2.2171
-1.4235
-0.74098
-1.6399
-0.011738
-0.42243
-0.49842
-0.22754
-1.3694
0.67366
0.14541
-0.53583
0.36435
-0.67111
1.4578
-1.9548
0.47236
-1.3238
-0.60519
2.4087
0.068875
1.1028
0.36181
-0.40947
0.33331
-0.76378
0.44888
-0.65988
0.9315
-0.049851
-0.059269
-0.75684
-1.8277
0.31853
-0.25243
2.1492
-2.8108
1.5212
-0.75228
-0.59957
1.719
-0.72733
-0.0014312
1.5532
-1.4763
-0.27058
-0.12692
0.15203
0.85725
0.62346
0.89485
0.97826
-0.61709
-0.26238
1.4628
0.22721
1.0331
-0.60475
-0.39415
-0.06234
-1.1358
-0.68052
-2.3527
0.10729
1.658
-0.46482
0.77351
0.025354
-0.37087
1.2723
-2.3119
1.7144
0.29336
-0.72308
-0.5186
0.24642
0.30198
-0.51171
0.39344
0.8429
-0.65969
-0.99905
0.010153
0.81771
1.2584
-0.46396
-0.94961
0.15064
-1.7529
0.83675
-0.41098
1.0107
-0.99419
0.66534
1.8195
-0.54769
-0.58866
-0.2241
0.74543
-0.018021
-0.90926
0.21917
1.2811
0.19198
-2.0522
0.57087
-0.34023
-0.3872
-0.91042
-0.5089
1.8771
-0.072165
-0.18234
0.33468
0.62511
-0.032256
0.11873
-0.10687
-0.46585
0.76038
2.6475
-0.58284
-0.53782
0.9829
-0.79119
0.39259
-0.77308
0.81247
1.086
0.50309
0.37287
-0.54969
-0.5255
0.044715
-2.2827
0.53766
0.32067
-1.0695
-2.8556
0.25132
0.16747
1.305
1.776
-0.49145
-0.89528
1.2229
-0.95984
-0.57491
-0.19091
-0.30915
-0.53457
0.41297
0.95804
-0.28452
-0.55304
2.2035
-0.49558
0.99992
-1.2172
-1.208
0.90526
0.32909
-1.9918
-0.014688
-0.013027
-0.93265
1.8334
0.66987
0.82756
0.8302
1.2252
1.7032
1.367
2.8396
-2.008
-1.7048
0.89136
-0.23302
-0.55366
0.937
0.10461
0.9384
0.83891
-0.52324
1.5785
-0.093819
1.9177
0.22372
-0.20482
1.3829
-1.5015
-0.44478
1.169
-0.93375
-0.12017
1.2728
0.48506
0.90557
1.303
-0.085606
-0.12777
0.13061
1.1983
1.3068
0.1473
-1.2638
1.3899
-0.88249
0.10738
0.12017
0.47981
-0.91359
-0.11424
-0.45952
-0.54385
1.6475
0.82834
0.62124
0.49458
0.30433
1.287
0.6695
0.30419
-0.20979
1.3411
0.59918
0.40881
-1.3812
0.0076439
1.1936
-1.1065
-0.32855
-0.33609
-0.11936
-0.55576
-1.1085
-0.021025
0.4707
0.15718
-0.93364
-0.87614
0.03239
-0.72308
1.0499
-0.65132
0.34991
-0.48577
-1.9788
0.060308
2.0061
0.18138
-1.8454
-1.0917
-2.8569
0.52597
0.41422
1.1113
0.48099
-2.459
1.5354
-0.16731
0.93438
0.61787
-1.0876
0.98897
0.28196
0.31133
-0.36487
1.0175
-1.0041
-0.21496
-0.041279
0.29936
-0.60091
0.15762
-0.37385
-0.40905
-1.5092
1.0537
-1.159
-0.33705
1.13
-0.47466
-0.52272
0.21199
0.89195
-0.87793
1.4206
-0.37205
-1.2555
-0.73977
-0.79209
0.4102
1.8273
0.73901
-0.3357
0.46876
-0.36348
-2.3719
-0.24801
-0.57406
-0.40103
-0.42894
2.7466
-1.6648
-1.547
-1.2316
1.2942
-0.0039743
1.2565
1.1145
-1.5167
0.097073
-0.36396
-0.1566
-0.16976
-0.023959
-0.53432
-0.636
0.15239
2.2062
0.16118
-0.26035
0.27726
-1.7983
2.0691
0.57751
0.1617
1.2541
0.59414
-0.36754
-0.17197
0.73775
0.010081
-0.87025
-0.1683
2.1489
-1.0914
-0.048595
0.65859
-0.21343
0.62705
-0.92981
-0.99961
-0.61087
-0.21927
-0.94946
-1.0577
-1.5019
0.11636
-2.5433
-2.4457
0.35556
-1.0038
0.3927
-0.46646
-0.27205
0.27581
-1.2282
-0.44068
-0.060557
-0.20815
0.6333
-0.2532
-0.71778
-0.36517
0.30268
-0.075357
-0.51035
-0.15317
-0.97155
-1.3471
-2.3562
-1.5385
-0.023238
0.044185
-1.9644
-2.2341
-0.074928
-0.68278
-0.6514
-0.11953
0.22509
0.17934
0.17302
-0.19875
-0.16117
0.086668
-1.9221
0.78608
-0.056612
-0.77838
1.3758
-1.1864
-0.013525
0.19745
-1.646
0.0065443
0.71933
-0.31126
-0.47793
-0.41931
0.47461
-0.86144
0.099511
1.9626
-1.1524
0.42515
-0.18727
0.51616
1.5341
-0.09456
-1.8923
-0.18407
-1.1675
-0.7293
0.12349
-0.27959
-0.6043
-0.1693
-0.20526
-0.70524
-1.2237
0.82289
0.10081
0.89569
0.35653
-0.44921
-0.85082
1.2807
0.096999
0.33167
-0.25636
-0.65864
-1.6897
-1.2925
-0.7742
0.28296
-0.15455
-1.9396
-0.76192
-0.019259
0.065784
1.4543
0.72011
0.52714
0.49201
-0.32131
-0.74225
1.2346
1.0024
-1.1634
0.41195
1.5115
0.73771
0.18441
-0.3479
0.3009
-0.31892
0.066303
1.0447
-0.57293
0.13914
-1.1873
0.081372
0.59704
0.096034
-0.020959
0.074549
-1.2751
-0.13578
-0.69776
0.19293
0.14014
-0.035923
0.73262
0.82749
-0.10932
0.53773
-1.4991
0.55713
0.0082711
0.21443
0.68021
0.14133
-0.82954
0.59791
-0.67182
0.86172
-1.2919
-1.0004
-0.25674
-0.39288
-1.218
-1.9378
-0.14583
0.34618
-2.0904
0.098427
2.0406
0.56598
0.039358
-2.1933
0.81625
0.032792
-0.26967
1.137
0.39583
-0.12867
0.20245
-1.6288
-0.36221
0.39617
0.26138
0.19696
0.18348
1.9666
-0.059183
1.1475
-0.68072
0.84752
-0.8773
-0.45106
-0.53234
0.41891
