0.013546,0.743036,0.759255,0.759872,1.607700
0.150080,0.662012,0.629949,0.670771,0.700370
-0.233090,0.575550,0.511876,0.577277,0.346000
-0.449640,0.345693,0.297800,0.338710,0.238100
0.744240,0.218977,0.213232,0.217986,0.199660
0.805590,0.206521,0.201899,0.206012,0.190390
0.072545,0.722793,0.725138,0.737477,1.305500
0.105330,0.701210,0.690115,0.713705,1.041000
0.117940,0.691198,0.674330,0.702711,0.938350
-2.016200,0.036753,0.033262,0.036214,0.034505
-0.045069,0.737146,0.749279,0.753404,1.488800
1.257000,0.132375,0.127895,0.132485,0.119520
0.186970,0.623333,0.574853,0.628712,0.495080
-0.726840,0.221969,0.215142,0.220879,0.202230
0.091904,0.710859,0.705606,0.724322,1.151600
0.510670,0.302084,0.270966,0.296200,0.231180
0.109440,0.698044,0.685093,0.710227,1.007200
0.284000,0.509510,0.436838,0.506939,0.277010
-0.125900,0.688741,0.670482,0.700152,0.875470
1.801400,0.049810,0.043778,0.049261,0.051988
-1.164600,0.143702,0.140731,0.143161,0.133680
0.433850,0.355729,0.305055,0.348774,0.239820
0.142580,0.669252,0.640732,0.678678,0.751670
1.391800,0.110539,0.104666,0.110609,0.099978
-1.101900,0.151897,0.148129,0.151236,0.143520
0.178090,0.633050,0.588299,0.639249,0.537080
-0.002579,0.744038,0.760993,0.760993,1.619700
-1.194600,0.140128,0.137505,0.139696,0.129020
0.775560,0.212425,0.207371,0.211723,0.194960
-0.005521,0.744006,0.760940,0.760959,1.618000
0.229160,0.574794,0.511632,0.576395,0.354750
-0.019600,0.742928,0.759110,0.759779,1.594300
-0.125320,0.689231,0.671247,0.700689,0.879980
1.937300,0.037120,0.032943,0.036823,0.040323
-0.108580,0.702581,0.692346,0.715342,1.014300
-0.386440,0.401457,0.337263,0.394720,0.245200
-1.364200,0.121477,0.119412,0.121863,0.103870
0.030309,0.739889,0.753863,0.756380,1.559100
0.095840,0.708143,0.701217,0.721331,1.119300
1.082300,0.159714,0.155964,0.159637,0.146630
-0.888510,0.187849,0.182713,0.187552,0.177480
0.500500,0.308177,0.274699,0.302079,0.232370
-0.577120,0.269701,0.250496,0.265415,0.222970
-0.771270,0.211764,0.205973,0.211140,0.195610
0.181510,0.629334,0.583126,0.635217,0.520320
-0.043619,0.737606,0.750058,0.753911,1.496700
-0.126920,0.687875,0.669132,0.699202,0.867570
-0.782950,0.209223,0.203600,0.208684,0.193840
-0.969260,0.172944,0.167959,0.172472,0.164650
0.052072,0.732675,0.741631,0.748393,1.447700
-1.323000,0.126068,0.124175,0.126278,0.109770
0.410710,0.375468,0.318764,0.368530,0.242360
1.774400,0.052836,0.046367,0.052273,0.054563
-0.052497,0.734547,0.744886,0.750538,1.445100
-0.651060,0.242573,0.231759,0.240142,0.213070
0.226220,0.578266,0.515938,0.580119,0.361730
-0.064688,0.729416,0.736264,0.744880,1.363400
-0.128430,0.686582,0.667120,0.697785,0.855910
-1.675900,0.076693,0.068517,0.076478,0.064670
-0.722770,0.222956,0.215996,0.221812,0.202830
0.208560,0.598892,0.542201,0.602301,0.411860
-3.530000,0.001831,0.001870,0.001882,0.000518
0.962000,0.178995,0.175094,0.178782,0.165810
-0.000621,0.744023,0.760965,0.760975,1.620100
-0.144630,0.671995,0.644749,0.681816,0.737330
-0.420740,0.369635,0.313922,0.362563,0.241250
-0.019048,0.742999,0.759231,0.759856,1.595700
0.452810,0.340810,0.295190,0.333979,0.237750
0.870950,0.194524,0.190372,0.194226,0.180240
0.177220,0.633990,0.589613,0.640269,0.541430
-0.049656,0.735589,0.746645,0.751687,1.462400
-0.475290,0.326659,0.285683,0.319985,0.235260
0.710400,0.226680,0.219800,0.225259,0.204630
-0.116410,0.696532,0.682724,0.708699,0.950600
0.167580,0.644242,0.604114,0.651410,0.592860
0.708970,0.227023,0.220085,0.225581,0.204840
0.840280,0.200036,0.195721,0.199667,0.185030
0.081470,0.717593,0.716574,0.731740,1.236100
1.893000,0.040847,0.036204,0.040449,0.043900
1.527400,0.088197,0.080786,0.088056,0.082028
-0.029249,0.741314,0.756360,0.758001,1.563200
0.035750,0.738413,0.751346,0.754744,1.536000
0.142190,0.669622,0.641287,0.679083,0.754440
-0.318860,0.473728,0.399752,0.469327,0.258720
0.972320,0.177296,0.173416,0.177091,0.164160
0.913640,0.187111,0.183099,0.186864,0.173500
-0.647870,0.243570,0.232502,0.241067,0.213510
-0.077744,0.722761,0.725186,0.737546,1.265500
-0.412200,0.377217,0.319272,0.370181,0.242200
0.831090,0.201725,0.197344,0.201326,0.186460
-0.126920,0.687875,0.669132,0.699202,0.867580
-0.281630,0.517401,0.444332,0.515276,0.278850
0.211260,0.595769,0.538148,0.598936,0.403210
0.022665,0.741588,0.756769,0.758264,1.585600
0.715800,0.225398,0.218732,0.224054,0.203850
-1.567400,0.093883,0.087712,0.094160,0.077101
-0.269190,0.532297,0.460739,0.531074,0.290220
0.697330,0.229878,0.222422,0.228256,0.206530
0.064586,0.726980,0.732090,0.742099,1.364200
-0.778790,0.210122,0.204444,0.209555,0.194470
-0.146750,0.669994,0.641726,0.679628,0.722810
1.241300,0.134863,0.130507,0.134967,0.121890
0.212190,0.594690,0.536755,0.597774,0.400330
-0.214980,0.596860,0.538989,0.600206,0.391900
0.324830,0.462395,0.390031,0.457563,0.256770
-0.121390,0.692505,0.676375,0.704280,0.910820
0.197020,0.612084,0.559618,0.616540,0.453130
0.053533,0.732067,0.740608,0.747721,1.438600
1.999700,0.032344,0.028495,0.032173,0.035668
-0.014254,0.743517,0.760112,0.760425,1.606400
-0.957590,0.175017,0.169987,0.174576,0.166510
1.330600,0.120555,0.115375,0.120663,0.108670
-0.666150,0.238025,0.228301,0.235915,0.210960
0.733280,0.221391,0.215329,0.220274,0.201280
1.227000,0.137120,0.132867,0.137215,0.124070
-0.082466,0.720068,0.720738,0.734579,1.228100
0.130200,0.680650,0.658010,0.691148,0.842450
-1.254000,0.133504,0.131410,0.133356,0.119980
0.045878,0.735081,0.745693,0.751055,1.484300
-0.055917,0.733216,0.742642,0.749070,1.423300
0.451130,0.342086,0.296019,0.335239,0.237940
-0.136730,0.679269,0.655830,0.689775,0.793710
0.082384,0.717031,0.715654,0.731121,1.228800
1.720100,0.059492,0.052248,0.058950,0.059987
1.147700,0.149517,0.145662,0.149534,0.136310
0.043832,0.735815,0.746934,0.751867,1.495600
1.381500,0.112235,0.106482,0.112313,0.101420
1.380700,0.112366,0.106623,0.112445,0.101540
-0.505680,0.306713,0.273411,0.300614,0.231760
1.252800,0.133042,0.128596,0.133150,0.120160
-0.021765,0.742628,0.758598,0.759448,1.588300
0.451230,0.342010,0.295969,0.335164,0.237930
0.117370,0.691670,0.675067,0.703228,0.942930
-1.115000,0.150094,0.146494,0.149446,0.141450
0.251060,0.548734,0.480378,0.548536,0.313250
-0.533590,0.290719,0.263656,0.285283,0.228420
0.933690,0.183713,0.179751,0.183481,0.170320
1.270800,0.130179,0.125582,0.130292,0.117470
0.702290,0.228648,0.221421,0.227104,0.205810
-1.500700,0.103915,0.099481,0.104410,0.085416
-0.262670,0.540127,0.469611,0.539404,0.297520
-0.824370,0.200545,0.195275,0.200202,0.187500
0.515990,0.299012,0.269087,0.293245,0.230540
-0.001669,0.744035,0.760986,0.760989,1.619900
1.013000,0.170693,0.166886,0.170524,0.157670
-0.089044,0.716070,0.714172,0.730177,1.175000
1.291600,0.126852,0.122065,0.126966,0.114370
0.131400,0.679577,0.656367,0.689973,0.833370
-0.008138,0.743921,0.760798,0.760867,1.615600
-0.028556,0.741454,0.756598,0.758154,1.565800
-1.778000,0.061450,0.053378,0.060894,0.054215
-0.046551,0.736660,0.748456,0.752868,1.480500
-0.056625,0.732929,0.742160,0.748754,1.418700
-0.463730,0.334982,0.290918,0.328146,0.236550
-0.247690,0.558116,0.490637,0.558598,0.318550
-0.255150,0.549163,0.480060,0.549034,0.307280
0.713010,0.226058,0.219283,0.224674,0.204250
0.067645,0.725422,0.729497,0.740379,1.342100
-0.225370,0.584688,0.523348,0.587097,0.363820
0.055860,0.731068,0.738929,0.746616,1.423700
0.058049,0.730093,0.737293,0.745538,1.409300
0.773450,0.212852,0.207761,0.212134,0.195280
0.007690,0.743631,0.760282,0.760534,1.616100
-0.046051,0.736826,0.748737,0.753051,1.483300
-0.096759,0.711026,0.705950,0.724626,1.111700
0.320670,0.467070,0.394411,0.462431,0.258110
0.200110,0.608578,0.554942,0.612753,0.441340
-0.660530,0.239688,0.229578,0.237460,0.211750
1.320200,0.122241,0.117171,0.122352,0.110180
-0.354480,0.434220,0.363890,0.428296,0.249870
-0.272900,0.527846,0.455773,0.526348,0.286500
0.072020,0.723083,0.725617,0.737796,1.309500
0.430730,0.358292,0.306791,0.351328,0.240160
0.807670,0.206123,0.201524,0.205625,0.190070
-0.881110,0.189276,0.184135,0.188985,0.178640
-1.187800,0.140921,0.138223,0.140463,0.130080
0.287400,0.505501,0.432623,0.502711,0.274530
1.028700,0.168180,0.164396,0.168029,0.155160
-0.479480,0.323744,0.283869,0.317138,0.234780
0.065152,0.726697,0.731618,0.741786,1.360100
1.423000,0.105389,0.099141,0.105426,0.095693
-0.187280,0.628265,0.581266,0.634179,0.493700
0.831990,0.201559,0.197184,0.201163,0.186320
0.178350,0.632769,0.587906,0.638944,0.535760
0.107550,0.699512,0.687418,0.711839,1.022800
0.126060,0.684298,0.663617,0.695144,0.874230
0.001880,0.743961,0.760855,0.760904,1.619900
0.067321,0.725590,0.729776,0.740564,1.344400
-0.423090,0.367589,0.312499,0.360512,0.241000
0.471350,0.327306,0.286565,0.320697,0.235700
0.616350,0.253753,0.240246,0.250479,0.217810
0.658590,0.240299,0.230557,0.237969,0.212020
-1.427100,0.113905,0.111073,0.114443,0.095132
-0.051875,0.734780,0.745280,0.750796,1.449000
-0.152100,0.664853,0.634013,0.674011,0.687070
-1.326200,0.125719,0.123821,0.125944,0.109310
1.437000,0.103073,0.096656,0.103093,0.093794
1.293400,0.126563,0.121759,0.126677,0.114110
0.775370,0.212463,0.207406,0.211760,0.194990
0.106630,0.700219,0.688540,0.712616,1.030300
-0.489930,0.316707,0.279524,0.310286,0.233590
0.149990,0.662100,0.630080,0.670868,0.700940
0.952710,0.180534,0.176613,0.180315,0.167290
0.074104,0.721923,0.723699,0.736516,1.293600
1.077200,0.160514,0.156764,0.160429,0.147430
-0.009653,0.743847,0.760674,0.760787,1.613800
-0.602500,0.259337,0.243658,0.255726,0.219650
0.049715,0.733623,0.743230,0.749442,1.462100
0.432280,0.357015,0.305924,0.350055,0.239990
0.120100,0.689396,0.671519,0.700734,0.921110
1.212500,0.139400,0.135242,0.139485,0.126270
1.284500,0.127990,0.123270,0.128105,0.115420
-0.088071,0.716679,0.715169,0.730848,1.182900
1.195400,0.142079,0.138021,0.142150,0.128910
-0.100420,0.708501,0.701863,0.721850,1.081500
0.012776,0.743129,0.759416,0.759975,1.609100
0.041846,0.736498,0.748092,0.752623,1.506100
0.485900,0.317443,0.280408,0.311068,0.234050
2.666700,0.007876,0.007847,0.007903,0.007523
-0.163960,0.653027,0.616552,0.661108,0.613630
0.310900,0.478176,0.405048,0.474024,0.261750
1.536000,0.086802,0.079315,0.086643,0.080957
-0.138440,0.677720,0.653457,0.688079,0.781230
-1.255300,0.133363,0.131278,0.133222,0.119770
0.229910,0.573907,0.510538,0.575443,0.353030
-0.055465,0.733397,0.742946,0.749269,1.426300
-0.887900,0.187967,0.182830,0.187670,0.177570
-1.340600,0.124133,0.122196,0.124424,0.107230
-1.924600,0.044229,0.038823,0.043581,0.041326
-0.221920,0.588748,0.528519,0.591465,0.372600
-0.711570,0.225731,0.218365,0.224426,0.204460
-0.010631,0.743791,0.760578,0.760725,1.612500
-2.399300,0.020794,0.019538,0.020844,0.014808
1.620700,0.073498,0.065624,0.073135,0.070831
-1.413700,0.115588,0.112971,0.116108,0.096960
-0.139060,0.677155,0.652593,0.687460,0.776780
-0.129490,0.685668,0.665700,0.696783,0.847840
-0.080440,0.721242,0.722674,0.735872,1.244200
-0.141420,0.674987,0.649288,0.685088,0.759870
0.060521,0.728951,0.735381,0.744276,1.392600
-0.422280,0.368292,0.312987,0.361217,0.241090
-0.115190,0.697498,0.684253,0.709759,0.960490
-0.031813,0.740766,0.755427,0.757397,1.553000
-0.128560,0.686470,0.666947,0.697663,0.854930
-0.523960,0.295999,0.266884,0.290323,0.229590
-0.125870,0.688766,0.670522,0.700180,0.875730
0.005155,0.743807,0.760586,0.760731,1.618300
0.014451,0.742921,0.759057,0.759743,1.606000
0.685510,0.232897,0.224842,0.231076,0.208220
-0.801130,0.205356,0.199929,0.204923,0.191070
0.514010,0.300146,0.269781,0.294335,0.230780
1.133700,0.151696,0.147880,0.151694,0.138500
-0.527570,0.293991,0.265658,0.288404,0.229150
-0.351720,0.437178,0.366430,0.431348,0.250370
0.367930,0.416265,0.349868,0.409941,0.247690
0.061271,0.728596,0.734787,0.743884,1.387400
-0.953880,0.175682,0.170640,0.175250,0.167100
0.027314,0.740608,0.755090,0.757176,1.570300
-0.169860,0.646939,0.607717,0.654476,0.580210
0.078229,0.719542,0.719775,0.733890,1.261700
-0.577900,0.269363,0.250278,0.265099,0.222870
1.097200,0.157384,0.153626,0.157329,0.144260
-0.024295,0.742231,0.757923,0.759011,1.580600
0.139210,0.672425,0.645504,0.682147,0.775710
-1.004300,0.166915,0.162129,0.166354,0.159050
-1.044500,0.160395,0.155958,0.159757,0.152650
-0.123800,0.690507,0.673243,0.702088,0.891890
0.018455,0.742335,0.758050,0.759093,1.597200
0.002830,0.743925,0.760791,0.760863,1.619600
0.940920,0.182500,0.178554,0.182273,0.169170
0.003285,0.743905,0.760757,0.760841,1.619400
-0.331630,0.459250,0.386123,0.454227,0.254830
0.803360,0.206949,0.202301,0.206428,0.190730
-1.150400,0.145466,0.142319,0.144885,0.135900
-1.816000,0.056375,0.048805,0.055752,0.050636
1.846700,0.045139,0.039841,0.044650,0.047869
-0.067313,0.728173,0.734185,0.743510,1.344500
-0.425360,0.365629,0.311145,0.358550,0.240750
-0.043041,0.737785,0.750362,0.754109,1.499800
-0.494640,0.313642,0.277643,0.307313,0.233050
-0.111540,0.700336,0.688763,0.712876,0.990090
-0.152080,0.664873,0.634042,0.674033,0.687180
0.035350,0.738529,0.751544,0.754872,1.537800
-0.140350,0.675973,0.650790,0.686167,0.767520
0.440960,0.350002,0.301221,0.343080,0.239050
0.044865,0.735448,0.746314,0.751461,1.490000
1.551800,0.084256,0.076645,0.084060,0.079004
-1.360800,0.121864,0.119823,0.122238,0.104350
0.613470,0.254768,0.240945,0.251424,0.218190
-0.019703,0.742915,0.759088,0.759764,1.594000
-0.259420,0.544032,0.474099,0.543563,0.301550
-0.537610,0.288586,0.262347,0.283253,0.227930
0.517340,0.298244,0.268617,0.292508,0.230380
-1.018800,0.164511,0.159837,0.163918,0.156740
-1.183500,0.141428,0.138681,0.140953,0.130750
0.140350,0.671357,0.643895,0.680980,0.767500
0.538390,0.286902,0.261656,0.281665,0.227840
0.040017,0.737101,0.749116,0.753291,1.515500
0.404370,0.381167,0.322876,0.374270,0.243070
-0.045434,0.737028,0.749079,0.753274,1.486800
0.176040,0.635261,0.591394,0.641649,0.547420
0.064957,0.726795,0.731781,0.741894,1.361500
-0.015070,0.743441,0.759984,0.760342,1.604800
-0.113120,0.699117,0.686823,0.711537,0.977240
-1.723000,0.069425,0.061043,0.069026,0.059688
-0.013105,0.743614,0.760279,0.760532,1.608500
1.009300,0.171288,0.167475,0.171115,0.158260
1.069500,0.161723,0.157972,0.161627,0.148660
-0.113060,0.699163,0.686897,0.711588,0.977720
-0.524800,0.295528,0.266597,0.289873,0.229490
-0.528980,0.293216,0.265184,0.287664,0.228980
-2.265200,0.025228,0.024203,0.025182,0.020248
0.314320,0.474269,0.401268,0.469941,0.260380
-0.002652,0.744038,0.760993,0.760993,1.619600
-0.535960,0.289457,0.262882,0.284081,0.228130
-0.760770,0.214092,0.208118,0.213379,0.197190
-0.075985,0.723726,0.726784,0.738609,1.279200
-0.059269,0.731829,0.740308,0.747540,1.401100
0.011129,0.743313,0.759733,0.760180,1.611700
-0.895520,0.186507,0.181375,0.186201,0.176370
-0.817240,0.202007,0.196698,0.201641,0.188600
-0.933100,0.179461,0.174368,0.179082,0.170410
-2.356300,0.022228,0.021126,0.022272,0.016405
1.127000,0.152738,0.148937,0.152727,0.139560
0.128670,0.682008,0.660093,0.692635,0.854110
-0.613250,0.255307,0.240904,0.251973,0.218220
-0.559440,0.277705,0.255591,0.272945,0.225220
1.567000,0.081830,0.074119,0.081598,0.077152
-0.555470,0.279599,0.256779,0.274733,0.225720
1.827900,0.047018,0.041421,0.046499,0.049545
0.328190,0.458645,0.386559,0.453663,0.255780
-0.731260,0.220907,0.214217,0.219875,0.201580
0.035541,0.738474,0.751449,0.754811,1.536900
-1.316700,0.126754,0.124866,0.126933,0.110690
0.212880,0.593889,0.535722,0.596912,0.398210
-0.007210,0.743957,0.760859,0.760906,1.616600
-0.104580,0.705533,0.697079,0.718587,1.047200
-0.476370,0.325903,0.285211,0.319246,0.235130
0.217960,0.587968,0.528145,0.590541,0.383350
-0.147850,0.668947,0.640149,0.678484,0.715310
0.782190,0.211093,0.206152,0.210441,0.193960
0.065263,0.726641,0.731525,0.741725,1.359300
0.615290,0.254125,0.240503,0.250825,0.217950
1.448600,0.101153,0.094598,0.101158,0.092234
0.432150,0.357121,0.305996,0.350161,0.240010
-0.229220,0.580140,0.517609,0.582207,0.354630
1.183600,0.143923,0.139926,0.143983,0.130730
-0.023568,0.742350,0.758126,0.759142,1.582900
0.049082,0.733871,0.743648,0.749716,1.465800
-0.054201,0.733894,0.743785,0.749818,1.434400
-1.553800,0.095988,0.090166,0.096319,0.078755
-0.157140,0.659898,0.626649,0.668601,0.654870
0.311710,0.477249,0.404147,0.473055,0.261410
1.111500,0.155153,0.151379,0.155119,0.142000
-0.616820,0.254013,0.240006,0.250768,0.217740
1.549600,0.084609,0.077014,0.084418,0.079272
1.726500,0.058669,0.051504,0.058120,0.059335
0.258750,0.539546,0.469803,0.538755,0.302410
0.033879,0.738946,0.752253,0.755334,1.544300
0.906390,0.188351,0.184320,0.188098,0.174650
-0.064765,0.729381,0.736204,0.744841,1.362900
0.009617,0.743464,0.759993,0.760348,1.613800
0.030039,0.739957,0.753978,0.756454,1.560100
-1.240600,0.134961,0.132772,0.134744,0.121990
0.068627,0.724908,0.728643,0.739811,1.334800
-0.105610,0.704782,0.695873,0.717761,1.038700
-0.102370,0.707123,0.699638,0.720334,1.065400
0.130750,0.680159,0.657258,0.690610,0.838280
0.851270,0.198040,0.193792,0.197701,0.183320
0.073554,0.722232,0.724209,0.736857,1.297800
0.419970,0.367367,0.313041,0.360399,0.241340
-2.141500,0.029854,0.028166,0.029564,0.026590
-0.081685,0.720524,0.721489,0.735081,1.234400
0.158830,0.653272,0.617131,0.661241,0.644410
0.366920,0.417293,0.350704,0.410992,0.247840
0.249000,0.551194,0.483249,0.551159,0.316450
0.004706,0.743833,0.760631,0.760760,1.618600
-0.068898,0.727399,0.732893,0.742657,1.332800
-1.739300,0.066994,0.058645,0.066541,0.058033
0.056918,0.730601,0.738145,0.746100,1.416800
0.924350,0.185290,0.181305,0.185051,0.171800
0.071770,0.723220,0.725844,0.737948,1.311400
0.043211,0.736032,0.747302,0.752107,1.498900
-1.453500,0.110467,0.107134,0.111017,0.091587
0.091451,0.711166,0.706102,0.724659,1.155400
-0.288830,0.508828,0.435167,0.506211,0.273550
0.413180,0.373281,0.317205,0.366332,0.242090
-1.117400,0.149769,0.146200,0.149124,0.141070
-0.364450,0.423700,0.355039,0.417467,0.248220
0.069857,0.724256,0.727560,0.739091,1.325700
-0.158910,0.658133,0.624042,0.666675,0.643930
-2.740200,0.009687,0.007890,0.009583,0.006167
-1.391300,0.118313,0.115994,0.118785,0.100060
0.110180,0.697464,0.684176,0.709589,1.001200
-0.673490,0.235906,0.226651,0.233942,0.209930
-0.183340,0.632573,0.587281,0.638855,0.511680
-0.367720,0.420306,0.352246,0.413984,0.247720
-0.323820,0.468067,0.394355,0.463415,0.257090
0.375170,0.408985,0.344025,0.402498,0.246660
0.083877,0.716101,0.714133,0.730096,1.216800
0.695550,0.230324,0.222783,0.228673,0.206780
-0.158420,0.658623,0.624765,0.667210,0.646930
0.215860,0.590420,0.531271,0.593178,0.389350
-1.465000,0.108918,0.105338,0.109464,0.090051
-0.732260,0.220669,0.214008,0.219649,0.201430
-0.892950,0.186998,0.181864,0.186695,0.176780
0.153110,0.659020,0.625537,0.667507,0.680510
-0.098822,0.709613,0.703661,0.723073,1.094700
0.016481,0.742639,0.758573,0.759431,1.601800
-0.349430,0.439646,0.368568,0.433898,0.250800
-0.833060,0.198778,0.193547,0.198458,0.186150
-0.014116,0.743529,0.760133,0.760439,1.606600
-2.709800,0.010529,0.008673,0.010425,0.006699
-0.485550,0.319616,0.281315,0.313115,0.234090
-1.158300,0.144478,0.141430,0.143919,0.134650
-0.469340,0.330891,0.288334,0.324129,0.235920
0.526730,0.293042,0.265431,0.287523,0.229260
-0.881740,0.189154,0.184013,0.188863,0.178540
0.370220,0.413947,0.347993,0.407568,0.247360
0.086558,0.714396,0.711350,0.728217,1.195200
1.557800,0.083295,0.075642,0.083085,0.078270
0.011656,0.743257,0.759636,0.760117,1.610900
1.101000,0.156790,0.153029,0.156741,0.143650
2.122900,0.023884,0.019736,0.023787,0.027664
-1.370200,0.120788,0.118676,0.121195,0.103010
-0.092967,0.713552,0.710059,0.727406,1.142900
-1.248700,0.134079,0.131949,0.133903,0.120770
0.160160,0.651918,0.615163,0.659765,0.636250
-1.073700,0.155949,0.151835,0.155285,0.148000
-0.063365,0.730024,0.737282,0.745551,1.372800
0.704400,0.228131,0.220997,0.226620,0.205500
-0.838750,0.197630,0.192419,0.197321,0.185270
0.237150,0.565319,0.500052,0.566246,0.337590
-0.058251,0.732258,0.741031,0.748014,1.408000
-0.165350,0.651604,0.614478,0.659558,0.605570
0.168660,0.643109,0.602496,0.650177,0.586820
0.207250,0.600402,0.544171,0.603930,0.416180
0.027998,0.740449,0.754820,0.757001,1.567900
-0.535850,0.289515,0.262918,0.284136,0.228150
0.039840,0.737159,0.749213,0.753354,1.516400
-1.164300,0.143739,0.140764,0.143197,0.133720
-0.973730,0.172158,0.167193,0.171674,0.163940
-0.574010,0.271060,0.251370,0.266690,0.223370
0.222700,0.582411,0.521121,0.584568,0.370560
0.280680,0.513436,0.441008,0.511084,0.279600
0.650910,0.242563,0.232246,0.240074,0.213090
0.235310,0.567505,0.502703,0.568586,0.341320
-0.760740,0.214099,0.208124,0.213385,0.197190
1.142700,0.150295,0.146455,0.150305,0.137100
-0.080097,0.721438,0.722998,0.736088,1.247000
0.004928,0.743820,0.760609,0.760746,1.618500
-1.094500,0.152937,0.149076,0.152273,0.144690
1.619500,0.073679,0.065805,0.073319,0.070963
1.083000,0.159605,0.155854,0.159528,0.146510
0.033189,0.739136,0.752577,0.755544,1.547300
0.067363,0.725568,0.729740,0.740540,1.344100
0.016998,0.742562,0.758441,0.759345,1.600600
0.150910,0.661196,0.628743,0.669881,0.694900
0.099214,0.705739,0.697352,0.718686,1.091500
0.018234,0.742371,0.758111,0.759132,1.597700
1.082500,0.159683,0.155932,0.159606,0.146600
0.292840,0.499111,0.425995,0.495982,0.270950
0.015708,0.742750,0.758763,0.759554,1.603400
1.174900,0.145280,0.141324,0.145331,0.132080
0.504670,0.305644,0.273145,0.299632,0.231880
-0.147400,0.669376,0.640795,0.678953,0.718360
-0.102890,0.706752,0.699040,0.719926,1.061100
1.157600,0.147976,0.144088,0.148006,0.134770
0.527280,0.292744,0.265249,0.287238,0.229190
-0.043713,0.737576,0.750008,0.753879,1.496200
-0.653190,0.241915,0.231265,0.239530,0.212770
-0.039883,0.738719,0.751946,0.755139,1.516200
-0.026893,0.741774,0.757143,0.758507,1.571800
-0.154980,0.662035,0.629816,0.670934,0.668470
-0.151090,0.665833,0.635478,0.675082,0.693690
0.116340,0.692517,0.676393,0.704158,0.951140
0.114890,0.693700,0.678248,0.705456,0.962850
-1.035600,0.161799,0.157275,0.161175,0.154060
0.002401,0.743942,0.760821,0.760882,1.619700
0.399220,0.385888,0.326337,0.379036,0.243660
0.742730,0.219305,0.213519,0.218298,0.199880
-1.191500,0.140489,0.137832,0.140044,0.129500
0.634020,0.247815,0.236069,0.244954,0.215410
-0.032762,0.740551,0.755061,0.757159,1.549100
-0.437280,0.355607,0.304342,0.348549,0.239450
1.421500,0.105637,0.099407,0.105676,0.095892
1.453800,0.100293,0.093676,0.100290,0.091546
-0.261450,0.541593,0.471291,0.540965,0.299000
0.152040,0.660081,0.627098,0.668664,0.687450
-1.380400,0.119602,0.117399,0.120042,0.101570
-0.059057,0.731919,0.740460,0.747639,1.402500
-2.452000,0.018997,0.017504,0.019028,0.013033
-1.493700,0.104919,0.100660,0.105427,0.086316
-1.217300,0.137540,0.135149,0.137208,0.125540
-1.389000,0.118587,0.116294,0.119052,0.100370
-0.610100,0.256468,0.241703,0.253053,0.218640
-0.036684,0.739589,0.753424,0.756098,1.531700
-0.456950,0.340058,0.294157,0.333144,0.237300
-0.124300,0.690089,0.672588,0.701630,0.887950
-1.587700,0.090701,0.084032,0.090890,0.074675
-0.033182,0.740453,0.754895,0.757052,1.547300
2.009300,0.031646,0.027813,0.031491,0.034982
0.032387,0.739352,0.752945,0.755784,1.550700
-0.638820,0.246471,0.234638,0.243761,0.214760
0.016588,0.742623,0.758546,0.759413,1.601500
0.697840,0.229750,0.222319,0.228136,0.206450
-0.505020,0.307117,0.273657,0.301004,0.231840
0.041382,0.736653,0.748356,0.752795,1.508600
-0.630620,0.249198,0.236607,0.246293,0.215880
1.325500,0.121383,0.116257,0.121492,0.109410
-0.740770,0.218663,0.212238,0.217744,0.200170
-1.575800,0.092571,0.086190,0.092813,0.076093
-0.991150,0.169142,0.164269,0.168613,0.161150
-0.275710,0.524480,0.452052,0.522776,0.283880
-0.197440,0.616956,0.565724,0.621921,0.451470
2.895300,0.007069,0.006710,0.007219,0.003984
-1.538300,0.098354,0.092938,0.098742,0.080675
0.066586,0.725969,0.730406,0.740982,1.349800
0.843100,0.199521,0.195224,0.199161,0.184590
0.127350,0.683170,0.661880,0.693909,0.864240
-0.017410,0.743196,0.759566,0.760073,1.599700
1.097400,0.157353,0.153594,0.157298,0.144240
0.073827,0.722079,0.723956,0.736688,1.295800
-0.252340,0.552537,0.484020,0.552636,0.311320
-0.024743,0.742156,0.757795,0.758928,1.579100
-1.317100,0.126710,0.124822,0.126891,0.110630
1.193100,0.142439,0.138393,0.142508,0.129260
-0.451850,0.343972,0.296682,0.337008,0.237860
-0.049998,0.735467,0.746438,0.751552,1.460400
1.962300,0.035150,0.031152,0.034908,0.038409
0.972790,0.177219,0.173339,0.177014,0.164090
-0.158860,0.658183,0.624116,0.666730,0.644220
0.093902,0.709492,0.703394,0.722816,1.135200
-0.015112,0.743437,0.759977,0.760338,1.604700
-0.501300,0.309419,0.275062,0.303227,0.232280
0.068361,0.725048,0.728876,0.739966,1.336800
-0.217780,0.593596,0.534755,0.596688,0.383850
0.115040,0.693578,0.678056,0.705323,0.961650
1.136600,0.151244,0.147421,0.151246,0.138050
-0.519170,0.298717,0.268541,0.292926,0.230160
2.219300,0.017959,0.013527,0.017744,0.022443
0.947880,0.181338,0.177407,0.181115,0.168060
-0.774420,0.211074,0.205332,0.210474,0.195130
0.005077,0.743811,0.760594,0.760736,1.618400
-0.293090,0.503778,0.429863,0.500881,0.270790
0.357070,0.427455,0.359108,0.421420,0.249420
0.032254,0.739387,0.753006,0.755823,1.551200
0.695070,0.230445,0.222881,0.228786,0.206850
-1.537400,0.098490,0.093098,0.098881,0.080782
0.172480,0.639069,0.596759,0.645785,0.566020
0.313980,0.474657,0.401641,0.470346,0.260510
2.970600,0.006020,0.005056,0.006100,0.003194
-1.088900,0.153736,0.149805,0.153070,0.145570
-2.299200,0.024103,0.023097,0.024102,0.018734
0.719750,0.224475,0.217956,0.223185,0.203270
-1.005000,0.166797,0.162016,0.166235,0.158940
0.760970,0.215419,0.210079,0.214595,0.197160
0.387690,0.396748,0.334495,0.390039,0.245040
0.593320,0.262271,0.246006,0.258428,0.220860
-0.209990,0.602641,0.546564,0.606444,0.407230
-2.304900,0.023916,0.022907,0.023921,0.018489
-0.100090,0.708732,0.702236,0.722104,1.084200
0.680630,0.234182,0.225856,0.232275,0.208920
0.085494,0.715078,0.712462,0.728968,1.203800
1.118100,0.154124,0.150340,0.154100,0.140960
-0.977770,0.171452,0.166506,0.170958,0.163290
0.079276,0.718920,0.718752,0.733204,1.253400
-1.151700,0.145302,0.142171,0.144725,0.135690
-1.546700,0.097076,0.091440,0.097435,0.079632
0.005387,0.743793,0.760562,0.760715,1.618100
-1.075700,0.155654,0.151563,0.154989,0.147670
0.731950,0.221689,0.215585,0.220556,0.201480
-0.075599,0.723935,0.727131,0.738839,1.282100
1.086000,0.159135,0.155383,0.159063,0.146040
-0.097949,0.710214,0.704635,0.723734,1.101900
1.646600,0.069648,0.061819,0.069225,0.067892
0.458830,0.336308,0.292286,0.329539,0.237090
0.370660,0.413503,0.347636,0.407114,0.247290
0.914350,0.186989,0.182980,0.186743,0.173390
-0.269140,0.532357,0.460806,0.531138,0.290270
-1.065900,0.157112,0.152907,0.156452,0.149230
0.766520,0.214269,0.209045,0.213494,0.196330
0.094695,0.708943,0.702507,0.722212,1.128700
-0.212970,0.599194,0.542037,0.602723,0.397940
-0.019785,0.742904,0.759069,0.759752,1.593800
0.048249,0.734193,0.744191,0.750072,1.470700
0.091409,0.711194,0.706148,0.724690,1.155700
0.204100,0.604022,0.548916,0.607834,0.426970
-0.080425,0.721250,0.722688,0.735881,1.244400
-0.790130,0.207683,0.202147,0.207191,0.192750
0.028667,0.740291,0.754550,0.756825,1.565400
-0.397950,0.390376,0.328866,0.383468,0.243810
0.850270,0.198221,0.193967,0.197879,0.183470
-1.791800,0.059562,0.051648,0.058978,0.052891
-0.109070,0.702213,0.691758,0.714938,1.010300
-0.057321,0.732645,0.741680,0.748440,1.414100
-0.185370,0.630359,0.584183,0.636451,0.502310
0.497380,0.310106,0.275883,0.303945,0.232730
-0.096102,0.711470,0.706672,0.725115,1.117100
0.285720,0.507481,0.434699,0.504798,0.275730
0.781120,0.211307,0.206348,0.210647,0.194120
1.142000,0.150404,0.146566,0.150413,0.137210
-0.035948,0.739778,0.753746,0.756307,1.535100
-1.001500,0.167385,0.162579,0.166831,0.159510
0.227410,0.576862,0.514192,0.578612,0.358860
-0.693300,0.230455,0.222290,0.228857,0.207100
0.127430,0.683100,0.661772,0.693832,0.863650
0.113880,0.694518,0.679532,0.706354,0.971100
0.082938,0.716687,0.715092,0.730742,1.224400
-1.049900,0.159554,0.155173,0.158909,0.151780
-0.082114,0.720274,0.721077,0.734806,1.230900
0.083065,0.716608,0.714963,0.730655,1.223300
-0.077863,0.722695,0.725077,0.737473,1.264500
-0.673490,0.235906,0.226651,0.233942,0.209930
-2.070200,0.033385,0.030816,0.032945,0.030899
1.671700,0.066043,0.058340,0.065570,0.065118
-0.133850,0.681846,0.659791,0.692596,0.814950
-0.570770,0.272497,0.252291,0.268041,0.223780
-1.511100,0.102405,0.097704,0.102875,0.084091
-0.065759,0.728915,0.735425,0.744328,1.355700
-0.024310,0.742229,0.757919,0.759009,1.580500
0.045038,0.735386,0.746208,0.751393,1.489000
-1.541300,0.097899,0.092404,0.098277,0.080298
-0.666420,0.237946,0.228240,0.235841,0.210920
-0.982480,0.170634,0.165712,0.170127,0.162540
-0.601480,0.259730,0.243923,0.256092,0.219790
0.129630,0.681157,0.658787,0.691704,0.846780
-0.466820,0.332717,0.289484,0.325920,0.236210
-2.254300,0.025595,0.024550,0.025531,0.020752
1.024800,0.168802,0.165013,0.168647,0.155780
-0.748660,0.216837,0.210607,0.216004,0.199000
0.586660,0.264915,0.247748,0.260903,0.221730
-0.175330,0.641182,0.599458,0.648212,0.551070
-0.590850,0.263939,0.246733,0.260021,0.221190
0.205750,0.602128,0.546429,0.605791,0.421230
0.891000,0.191009,0.186931,0.190740,0.177080
2.092000,0.025918,0.021918,0.025829,0.029530
-0.749010,0.216756,0.210534,0.215928,0.198950
-0.062316,0.730498,0.738075,0.746073,1.380200
-1.502100,0.103713,0.099243,0.104205,0.085238
-0.027450,0.741669,0.756964,0.758391,1.569900
-0.118820,0.694600,0.679673,0.706579,0.931250
-0.370410,0.417537,0.349988,0.411144,0.247330
0.006218,0.743739,0.760469,0.760655,1.617500
-1.794000,0.059265,0.051380,0.058677,0.052689
-2.975600,0.004640,0.003325,0.004551,0.003147
-0.004005,0.744031,0.760982,0.760986,1.619000
0.059573,0.729394,0.736122,0.744766,1.399100
0.576430,0.269149,0.250498,0.264876,0.223060
-0.251700,0.553305,0.484926,0.553457,0.312280
-1.093800,0.153037,0.149167,0.152372,0.144810
-0.030094,0.741139,0.756062,0.757808,1.559900
-0.279970,0.519384,0.446480,0.517375,0.280190
-0.698700,0.229031,0.221121,0.227524,0.206330
-1.378900,0.119777,0.117589,0.120213,0.101780
0.113710,0.694655,0.679747,0.706504,0.972410
-0.070832,0.726431,0.731280,0.741590,1.318400
0.128460,0.682194,0.660378,0.692838,0.855750
0.122530,0.687340,0.668323,0.698478,0.901840
1.508500,0.091280,0.084051,0.091180,0.084417
-0.369260,0.418719,0.350949,0.412355,0.247500
0.969860,0.177700,0.173815,0.177493,0.164550
-0.049939,0.735488,0.746474,0.751576,1.460700
-0.119140,0.694341,0.679265,0.706295,0.928750
0.264480,0.532704,0.462078,0.531486,0.295390
0.264540,0.532632,0.461997,0.531410,0.295320
0.118290,0.690908,0.673876,0.702392,0.935560
0.820650,0.203668,0.199199,0.203229,0.188070
-0.949940,0.176391,0.171338,0.175970,0.167730
-0.871680,0.191108,0.185959,0.190822,0.180120
0.210060,0.597158,0.539948,0.600433,0.407010
0.724550,0.223367,0.217019,0.222141,0.202570
0.613650,0.254704,0.240902,0.251365,0.218170
0.297260,0.493945,0.420716,0.490551,0.268340
-1.267100,0.132091,0.130075,0.132012,0.118010
1.487800,0.094679,0.087671,0.094619,0.087075
0.236100,0.566567,0.501563,0.567581,0.339690
1.117300,0.154249,0.150466,0.154223,0.141090
0.034386,0.738804,0.752012,0.755177,1.542100
-0.003995,0.744031,0.760982,0.760986,1.619000
0.507530,0.303935,0.272099,0.297983,0.231540
-0.057279,0.732662,0.741709,0.748459,1.414400
-0.285170,0.513181,0.439794,0.510811,0.276130
-0.915030,0.182816,0.177699,0.182477,0.173280
-1.604200,0.088088,0.081046,0.088203,0.072731
-1.791500,0.059602,0.051685,0.059019,0.052924
0.004285,0.743856,0.760671,0.760786,1.618900
0.708600,0.227112,0.220158,0.225665,0.204900
0.480010,0.321359,0.282841,0.314884,0.234720
-0.737100,0.219523,0.213000,0.218561,0.200720
-1.316700,0.126754,0.124866,0.126933,0.110680
1.322100,0.121934,0.116843,0.122044,0.109900
0.089521,0.712458,0.708197,0.726082,1.171100
-0.661960,0.239261,0.229252,0.237064,0.211550
-0.028783,0.741408,0.756520,0.758104,1.565000
0.498340,0.309509,0.275516,0.303368,0.232620
0.610220,0.255930,0.241742,0.252507,0.218630
0.241040,0.560689,0.494484,0.561295,0.330100
-0.224240,0.586020,0.525039,0.588529,0.366630
0.663530,0.238881,0.229485,0.236650,0.211330
0.247390,0.553116,0.485503,0.553209,0.319040
-0.119590,0.693976,0.678690,0.705894,0.925130
-1.560800,0.094907,0.088904,0.095212,0.077912
-1.454000,0.110400,0.107057,0.110951,0.091513
-1.365600,0.121316,0.119241,0.121708,0.103660
-0.492680,0.314909,0.278420,0.308542,0.233280
1.319600,0.122338,0.117274,0.122449,0.110270
1.433200,0.103701,0.097331,0.103727,0.094306
0.020331,0.742019,0.757508,0.758742,1.592300
0.030239,0.739907,0.753893,0.756399,1.559400
0.330670,0.455892,0.384034,0.450803,0.255090
0.607760,0.256821,0.242349,0.253338,0.218960
-1.329300,0.125379,0.123475,0.125619,0.108860
-0.084343,0.718956,0.718907,0.733355,1.213100
-1.756300,0.064516,0.056256,0.064013,0.056331
0.147770,0.664268,0.633292,0.673234,0.715850
-1.102900,0.151758,0.148002,0.151098,0.143370
-0.156060,0.660969,0.628234,0.669770,0.661620
0.054308,0.731739,0.740056,0.747358,1.433700
0.028112,0.740423,0.754774,0.756971,1.567400
-0.056388,0.733026,0.742322,0.748860,1.420300
0.049301,0.733786,0.743504,0.749622,1.464500
-0.808990,0.203714,0.198350,0.203317,0.189870
-1.150500,0.145453,0.142307,0.144872,0.135870
-2.453000,0.018962,0.017465,0.018993,0.013000
0.036076,0.738318,0.751183,0.754638,1.534500
-0.092064,0.714141,0.711019,0.728053,1.150300
-0.051057,0.735083,0.745790,0.751129,1.454000
0.161510,0.650536,0.613162,0.658260,0.628150
-0.038977,0.738973,0.752378,0.755419,1.520700
-0.441890,0.351853,0.301844,0.344816,0.238950
0.444930,0.346873,0.299152,0.339977,0.238620
-0.224190,0.586079,0.525114,0.588593,0.366760
-0.472580,0.328573,0.286879,0.321858,0.235560
0.888700,0.191409,0.187324,0.191137,0.177440
-0.801530,0.205272,0.199848,0.204841,0.191010
-0.003329,0.744036,0.760990,0.760991,1.619400
-0.423660,0.367095,0.312157,0.360018,0.240930
-0.000826,0.744026,0.760970,0.760978,1.620100
-0.030857,0.740976,0.755785,0.757628,1.556900
-1.947300,0.042150,0.037241,0.041519,0.039552
0.780770,0.211377,0.206412,0.210714,0.194170
0.779190,0.211694,0.206703,0.211019,0.194410
-0.143160,0.673371,0.646833,0.683321,0.747620
0.064685,0.726931,0.732008,0.742045,1.363400
-0.012293,0.743677,0.760386,0.760601,1.609900
1.119500,0.153906,0.150120,0.153884,0.140740
0.587190,0.264702,0.247608,0.260703,0.221660
-0.514060,0.301686,0.270349,0.295776,0.230770
-0.256150,0.547961,0.478657,0.547753,0.305880
-0.058183,0.732287,0.741079,0.748045,1.408400
0.940930,0.182498,0.178552,0.182271,0.169170
-1.608600,0.087389,0.080253,0.087483,0.072227
1.160500,0.147524,0.143626,0.147558,0.134320
-0.317250,0.475576,0.401532,0.471259,0.259290
1.228200,0.136931,0.132669,0.137027,0.123880
-0.006433,0.743982,0.760901,0.760934,1.617300
-0.602870,0.259195,0.243562,0.255594,0.219600
-0.556040,0.279325,0.256607,0.274474,0.225650
-1.845600,0.052707,0.045649,0.052055,0.047965
-1.282800,0.130405,0.128459,0.130409,0.115670
0.065151,0.726697,0.731619,0.741787,1.360100
0.061359,0.728554,0.734717,0.743838,1.386800
0.131310,0.679658,0.656491,0.690061,0.833980
-0.915850,0.182663,0.177546,0.182322,0.173150
0.265360,0.531654,0.460903,0.530371,0.294380
1.426300,0.104843,0.098555,0.104877,0.095238
0.099107,0.705816,0.697476,0.718771,1.092300
0.029500,0.740090,0.754205,0.756602,1.562200
0.014213,0.742951,0.759110,0.759778,1.606500
-0.007003,0.743964,0.760871,0.760914,1.616800
0.051128,0.733060,0.742279,0.748819,1.453500
-0.714180,0.225076,0.217810,0.223811,0.204080
-0.316610,0.476311,0.402243,0.472028,0.259530
0.008407,0.743572,0.760180,0.760469,1.615300
-0.193350,0.621542,0.571982,0.626888,0.467750
-0.116150,0.696739,0.683051,0.708926,0.952730
0.072515,0.722810,0.725165,0.737495,1.305700
-0.029755,0.741210,0.756183,0.757886,1.561200
-0.106480,0.704143,0.694847,0.717058,1.031500
0.456460,0.338067,0.293417,0.331272,0.237350
-0.351860,0.437027,0.366300,0.431193,0.250340
0.905090,0.188575,0.184540,0.188320,0.174860
1.539300,0.086268,0.078754,0.086101,0.080552
0.525750,0.293574,0.265757,0.288032,0.229370
0.689330,0.231907,0.224054,0.230152,0.207670
1.473900,0.096971,0.090119,0.096936,0.088891
-1.356200,0.122386,0.120374,0.122742,0.105000
-0.120720,0.693055,0.677239,0.704883,0.916140
-0.106710,0.703973,0.694575,0.716872,1.029700
-2.587000,0.014352,0.012424,0.014288,0.009275
0.001918,0.743960,0.760852,0.760902,1.619900
1.484500,0.095223,0.088251,0.095169,0.087498
0.606850,0.257154,0.242575,0.253648,0.219080
0.092430,0.710502,0.705027,0.723928,1.147300
-1.489000,0.105586,0.101444,0.106104,0.086918
-0.599610,0.260456,0.244411,0.256769,0.220030
-0.083355,0.719544,0.719875,0.734002,1.221000
-0.468790,0.331288,0.288584,0.324518,0.235990
0.041885,0.736485,0.748070,0.752609,1.505900
-0.103950,0.705989,0.697813,0.719088,1.052400
-1.578300,0.092179,0.085737,0.092410,0.075800
-0.594350,0.262530,0.245799,0.258705,0.220730
-0.404690,0.384074,0.324221,0.377094,0.243040
-0.131240,0.684145,0.663342,0.695115,0.834560
1.275000,0.129509,0.124875,0.129623,0.116830
0.079153,0.718993,0.718873,0.733285,1.254400
0.749760,0.217787,0.212186,0.216854,0.198840
0.038043,0.737725,0.750175,0.753982,1.525200
-1.366200,0.121248,0.119168,0.121641,0.103580
-0.694410,0.230161,0.222049,0.228581,0.206950
0.715150,0.225552,0.218861,0.224198,0.203940
-0.223010,0.587467,0.526882,0.590087,0.369770
0.000508,0.744001,0.760925,0.760949,1.620100
0.567020,0.273236,0.253113,0.268721,0.224260
1.958500,0.035444,0.031423,0.035194,0.038692
0.219850,0.585756,0.525338,0.588162,0.378130
0.854410,0.197474,0.193244,0.197143,0.182830
-0.112920,0.699272,0.687070,0.711707,0.978870
0.479550,0.321669,0.283034,0.315187,0.234780
0.123440,0.686562,0.667117,0.697625,0.894660
0.128870,0.681831,0.659821,0.692442,0.852610
0.061357,0.728555,0.734719,0.743839,1.386800
1.495000,0.093495,0.086407,0.093421,0.086141
0.654770,0.241416,0.231394,0.239007,0.212550
0.766590,0.214254,0.209032,0.213480,0.196320
-0.845950,0.196187,0.190996,0.195888,0.184150
0.101390,0.704153,0.694811,0.716941,1.073500
-0.008231,0.743917,0.760791,0.760863,1.615500
-0.008048,0.743924,0.760804,0.760871,1.615700
0.465020,0.331797,0.289406,0.325102,0.236410
0.525340,0.293797,0.265894,0.288245,0.229420
-0.053252,0.734261,0.744403,0.750222,1.440400
-0.132420,0.683110,0.661741,0.693981,0.825660
-0.178480,0.637821,0.594680,0.644557,0.535100
-0.659800,0.239906,0.229745,0.237664,0.211850
-0.466860,0.332688,0.289466,0.325892,0.236200
-0.223970,0.586338,0.525443,0.588871,0.367320
-0.199290,0.614868,0.562894,0.619661,0.444420
-0.123260,0.690957,0.673948,0.702582,0.896090
-0.329610,0.461519,0.388221,0.456589,0.255380
0.022110,0.741694,0.756951,0.758382,1.587300
1.337600,0.119417,0.114162,0.119522,0.107660
0.116940,0.692024,0.675621,0.703617,0.946340
-0.074634,0.724453,0.727990,0.739410,1.289600
-0.006722,0.743973,0.760886,0.760924,1.617000
-0.079563,0.721741,0.723499,0.736422,1.251200
-0.042539,0.737938,0.750622,0.754278,1.502500
-1.087400,0.153951,0.150002,0.153285,0.145820
-0.395460,0.392739,0.330632,0.385863,0.244100
-0.953820,0.175693,0.170650,0.175261,0.167110
-1.659400,0.079299,0.071301,0.079157,0.066474
1.339000,0.119189,0.113919,0.119294,0.107450
0.085675,0.714962,0.712274,0.728841,1.202400
-0.360030,0.428332,0.358900,0.422230,0.248920
0.030247,0.739905,0.753889,0.756397,1.559300
0.192910,0.616714,0.565846,0.621547,0.469550
0.328740,0.458033,0.385996,0.453027,0.255620
-0.085248,0.718412,0.718012,0.732755,1.205800
-0.811290,0.203236,0.197889,0.202848,0.189510
2.711300,0.007961,0.008042,0.008064,0.006673
0.070399,0.723965,0.727078,0.738770,1.321700
0.339460,0.446241,0.375340,0.440799,0.252890
-0.153860,0.663135,0.631452,0.672135,0.675660
0.954160,0.180293,0.176376,0.180075,0.167060
-0.849350,0.195508,0.190326,0.195214,0.183620
-0.632430,0.248587,0.236170,0.245727,0.215630
-0.009059,0.743878,0.760726,0.760821,1.614500
0.001026,0.743988,0.760902,0.760934,1.620000
-0.069814,0.726944,0.732134,0.742155,1.326000
-0.978640,0.171301,0.166359,0.170804,0.163150
0.314890,0.473620,0.400644,0.469263,0.260170
-0.053500,0.734166,0.744242,0.750117,1.438800
0.084617,0.715635,0.713371,0.729582,1.210900
-0.184860,0.630916,0.584962,0.637056,0.504610
0.061766,0.728359,0.734392,0.743623,1.384000
-0.306060,0.488533,0.414278,0.484839,0.263860
-1.157900,0.144528,0.141474,0.143967,0.134710
-1.426400,0.113994,0.111174,0.114531,0.095226
-0.265780,0.536391,0.465357,0.535427,0.293910
0.429550,0.359269,0.307456,0.352303,0.240290
-0.131770,0.683681,0.662624,0.694606,0.830560
-2.200200,0.027502,0.026254,0.027338,0.023411
0.306460,0.483278,0.410044,0.479363,0.263680
0.013079,0.743093,0.759354,0.759935,1.608500
1.674300,0.065677,0.057992,0.065199,0.064844
-0.211210,0.601232,0.544709,0.604923,0.403370
0.341940,0.443550,0.372959,0.438015,0.252340
-0.043860,0.737530,0.749931,0.753828,1.495400
0.085522,0.715060,0.712433,0.728949,1.203600
-0.896160,0.186385,0.181253,0.186078,0.176270
1.610600,0.075032,0.067163,0.074693,0.071992
-0.928490,0.180311,0.175211,0.179943,0.171140
-1.617600,0.085956,0.078636,0.086008,0.071177
-0.310000,0.483948,0.409715,0.480027,0.262120
0.440100,0.350686,0.301676,0.343759,0.239140
-0.117940,0.695310,0.680792,0.707357,0.938300
0.404340,0.381194,0.322896,0.374298,0.243080
-0.678350,0.234534,0.225570,0.232664,0.209240
1.246800,0.133993,0.129594,0.134099,0.121070
-0.595980,0.261882,0.245367,0.258099,0.220510
-1.385700,0.118978,0.116721,0.119434,0.100840
0.173870,0.637587,0.594666,0.644175,0.558700
0.349540,0.435394,0.365857,0.429594,0.250780
0.121780,0.687978,0.669313,0.699178,0.907770
1.024100,0.168914,0.165124,0.168758,0.155890
-0.084674,0.718758,0.718581,0.733136,1.210400
-0.173210,0.643426,0.602666,0.650652,0.562160
-0.927540,0.180487,0.175385,0.180121,0.171300
-0.098275,0.709991,0.704272,0.723488,1.099200
-0.307130,0.487286,0.413031,0.483529,0.263370
0.068505,0.724973,0.728750,0.739882,1.335700
2.228400,0.017443,0.013024,0.017212,0.021990
0.311130,0.477913,0.404792,0.473749,0.261650
-1.440600,0.112167,0.109091,0.112716,0.093300
0.809660,0.205744,0.201166,0.205255,0.189760
0.078938,0.719121,0.719083,0.733426,1.256100
-0.063425,0.729997,0.737236,0.745521,1.372400
0.363610,0.420679,0.353475,0.414462,0.248350
-0.682690,0.233328,0.224610,0.231540,0.208620
1.033400,0.167431,0.163653,0.167286,0.154400
0.695140,0.230428,0.222867,0.228770,0.206840
-0.274550,0.525869,0.453584,0.524250,0.284940
1.005600,0.171883,0.168065,0.171707,0.158850
0.445160,0.346693,0.299034,0.339799,0.238590
0.365730,0.418507,0.351694,0.412236,0.248020
-1.768000,0.062849,0.054680,0.062316,0.055186
0.490270,0.314605,0.278653,0.308308,0.233550
-0.292860,0.504050,0.430147,0.501168,0.270940
-0.287760,0.510099,0.436513,0.507554,0.274280
-0.118270,0.695044,0.680373,0.707066,0.935700
-0.775740,0.210786,0.205063,0.210196,0.194940
0.102820,0.703095,0.693121,0.715778,1.061700
-0.143390,0.673157,0.646508,0.683086,0.745990
1.123700,0.153252,0.149458,0.153236,0.140080
-0.874390,0.190580,0.185433,0.190293,0.179700
0.026010,0.740899,0.755589,0.757499,1.574900
-0.712990,0.225374,0.218063,0.224091,0.204260
-1.994500,0.038311,0.034396,0.037738,0.036039
0.756640,0.216326,0.210890,0.215461,0.197810
-0.478780,0.324228,0.284169,0.317609,0.234860
-0.032179,0.740684,0.755287,0.757306,1.551500
1.346600,0.117951,0.112597,0.118052,0.106360
0.608580,0.256523,0.242146,0.253060,0.218850
0.685860,0.232806,0.224770,0.230991,0.208170
0.332490,0.453880,0.382201,0.448714,0.254600
0.477420,0.323114,0.283936,0.316597,0.235020
-0.282780,0.516029,0.442851,0.513824,0.277940
-0.030502,0.741053,0.755915,0.757712,1.558300
1.029000,0.168132,0.164348,0.167982,0.155110
1.019900,0.169586,0.165790,0.169425,0.156560
-1.998900,0.037985,0.034158,0.037418,0.035723
0.105010,0.701452,0.690501,0.713972,1.043600
-0.301810,0.493505,0.419290,0.490062,0.265920
0.078180,0.719571,0.719822,0.733922,1.262100
-0.792220,0.207238,0.201725,0.206758,0.192430
-0.087157,0.717246,0.716098,0.731471,1.190400
-0.082866,0.719833,0.720351,0.734320,1.224900
0.071919,0.723138,0.725708,0.737857,1.310300
0.034728,0.738707,0.751847,0.755070,1.540600
0.416380,0.370476,0.315220,0.363516,0.241730
-0.797270,0.206169,0.200706,0.205716,0.191660
1.589000,0.078367,0.070550,0.078081,0.074517
-0.150120,0.666770,0.636881,0.676105,0.700080
0.232800,0.570484,0.506334,0.571775,0.346620
0.124550,0.685607,0.665639,0.696579,0.885990
0.045345,0.735275,0.746021,0.751270,1.487300
-2.001700,0.037780,0.034009,0.037218,0.035521
0.076425,0.720597,0.721512,0.735054,1.275700
0.292280,0.499767,0.426670,0.496673,0.271300
0.546080,0.283040,0.259266,0.277994,0.226890
-0.769250,0.212208,0.206385,0.211568,0.195920
-0.915900,0.182653,0.177537,0.182313,0.173140
0.050303,0.733391,0.742837,0.749185,1.458500
1.979700,0.033826,0.029915,0.033619,0.037110
-0.006714,0.743973,0.760887,0.760924,1.617100
-0.133670,0.682006,0.660037,0.692771,0.816290
-0.079729,0.721647,0.723344,0.736318,1.249900
0.650000,0.242837,0.232449,0.240327,0.213220
0.940980,0.182490,0.178544,0.182263,0.169160
-0.152200,0.664756,0.633868,0.673905,0.686390
-0.230110,0.579086,0.516287,0.581074,0.352580
-0.651720,0.242369,0.231606,0.239951,0.212980
-0.046934,0.736532,0.748239,0.752727,1.478300
0.668460,0.237493,0.228426,0.235359,0.210640
2.138400,0.022885,0.018662,0.022777,0.026769
0.025790,0.740947,0.755671,0.757552,1.575700
-0.088599,0.716350,0.714629,0.730485,1.178600
-0.832460,0.198900,0.193666,0.198578,0.186240
-0.897130,0.186200,0.181069,0.185891,0.176110
1.040500,0.166303,0.162532,0.166167,0.153280
-0.108080,0.702955,0.692945,0.715754,1.018400
2.725500,0.007974,0.008085,0.008096,0.006420
0.269090,0.527206,0.455963,0.525654,0.290330
0.713560,0.225927,0.219174,0.224552,0.204170
0.762140,0.215175,0.209861,0.214362,0.196980
-1.424600,0.114222,0.111432,0.114757,0.095465
-1.305800,0.127933,0.126042,0.128057,0.112280
0.104350,0.701950,0.691294,0.714519,1.049100
0.605790,0.257543,0.242839,0.254011,0.219220
