-0.375830,0.224655,0.222671,0.223991,0.229230
1.150700,0.297471,0.299006,0.300544,0.291760
-0.865050,0.256025,0.257222,0.257312,0.297710
0.603500,0.265723,0.261588,0.265565,0.266850
1.272000,0.281140,0.277995,0.283794,0.274920
-0.399890,0.226416,0.224432,0.225855,0.233050
-0.468850,0.231771,0.229934,0.231533,0.244450
1.433900,0.246045,0.233683,0.247508,0.241700
1.003200,0.303733,0.306511,0.306535,0.300870
-0.950010,0.256524,0.257924,0.257934,0.300950
0.567850,0.260842,0.256538,0.260479,0.261070
0.249800,0.225022,0.222458,0.223939,0.211590
0.038021,0.213647,0.212282,0.212464,0.196210
1.171400,0.295385,0.296342,0.298426,0.289460
-1.631600,0.180979,0.171602,0.181408,0.191060
-1.114700,0.250650,0.251223,0.252071,0.295180
-0.387870,0.225527,0.223540,0.224914,0.231130
0.320430,0.231247,0.228100,0.230203,0.220910
1.363100,0.262950,0.254776,0.264991,0.257500
0.987390,0.303540,0.306180,0.306264,0.301070
-0.974680,0.256230,0.257612,0.257659,0.301120
-0.682340,0.248033,0.247814,0.248784,0.278700
0.064443,0.214444,0.212994,0.213278,0.196920
0.803870,0.291342,0.290393,0.292728,0.292990
-0.768810,0.252849,0.253414,0.253900,0.289480
0.728150,0.282439,0.279894,0.283189,0.284750
-0.428900,0.228623,0.226673,0.228194,0.237780
0.114170,0.216435,0.214769,0.215297,0.199250
-1.871200,0.134652,0.120206,0.134445,0.128000
0.534390,0.256324,0.251969,0.255796,0.255500
-1.973600,0.114988,0.099215,0.114491,0.103770
1.428200,0.247479,0.235451,0.248990,0.243040
0.764530,0.286903,0.285084,0.287956,0.289010
2.106600,0.075170,0.054154,0.073674,0.076289
1.178400,0.293421,0.294101,0.296397,0.288630
1.474800,0.235442,0.220739,0.236558,0.231870
-0.945160,0.256559,0.257958,0.257963,0.300880
-1.382400,0.222511,0.218725,0.223488,0.253360
1.608100,0.198382,0.177362,0.198436,0.197360
1.860800,0.128790,0.103669,0.127634,0.130600
1.172200,0.295298,0.296231,0.298337,0.289360
-1.187400,0.245154,0.244849,0.246495,0.287500
1.251500,0.284575,0.282420,0.287337,0.278310
-1.198200,0.244191,0.243732,0.245517,0.286110
-1.689600,0.170036,0.159316,0.170325,0.175440
0.600700,0.265338,0.261186,0.265163,0.266400
-0.373540,0.224492,0.222509,0.223818,0.228870
-1.641100,0.179209,0.169611,0.179615,0.188520
-1.102100,0.251425,0.252120,0.252855,0.296200
-1.354800,0.226343,0.223121,0.227379,0.259240
-0.329350,0.221487,0.219564,0.220643,0.222190
-0.179060,0.214152,0.212704,0.212956,0.204130
-1.380400,0.222795,0.219050,0.223776,0.253800
0.782120,0.288944,0.287506,0.290146,0.290870
-1.927900,0.123673,0.108394,0.123303,0.114290
0.009046,0.212985,0.211689,0.211783,0.195850
0.138380,0.217633,0.215838,0.216507,0.200840
0.848400,0.295741,0.295823,0.297499,0.296610
-1.126600,0.249869,0.250319,0.251281,0.294130
1.709500,0.169519,0.145601,0.168946,0.170090
-1.664700,0.174772,0.164626,0.175122,0.182170
-3.123300,0.004870,0.001111,0.004490,0.001986
1.135600,0.298804,0.300698,0.301889,0.293280
-0.796710,0.254031,0.254814,0.255161,0.292320
1.266100,0.282155,0.279302,0.284842,0.275910
0.257550,0.225649,0.223022,0.224568,0.212530
-1.001600,0.255675,0.256995,0.257119,0.300900
-1.191100,0.244828,0.244471,0.246164,0.287030
-1.271600,0.236699,0.235055,0.237902,0.274980
0.890800,0.299171,0.300205,0.301266,0.299110
0.606770,0.266172,0.262059,0.266034,0.267370
-1.060800,0.253587,0.254615,0.255036,0.298860
0.720220,0.281430,0.278739,0.282114,0.283760
-2.009400,0.108329,0.092294,0.107739,0.095886
-0.921780,0.256615,0.257991,0.257993,0.300330
1.148600,0.297666,0.299254,0.300741,0.291980
0.586700,0.263417,0.259187,0.263159,0.264150
1.621500,0.194555,0.173050,0.194515,0.193780
-1.878200,0.133288,0.118727,0.133060,0.126290
-0.552360,0.238485,0.237117,0.238656,0.258500
0.730380,0.282721,0.280217,0.283489,0.285030
1.649900,0.186439,0.164008,0.186211,0.186140
0.099431,0.215779,0.214184,0.214633,0.198430
0.730120,0.282688,0.280180,0.283454,0.285000
-0.744050,0.251638,0.251992,0.252612,0.286680
0.532510,0.256073,0.251718,0.255537,0.255190
1.042800,0.303508,0.306425,0.306466,0.299710
-0.943150,0.256571,0.257969,0.257973,0.300840
1.239200,0.286509,0.284915,0.289329,0.280240
0.488990,0.250372,0.246091,0.249660,0.247850
0.644950,0.271410,0.267631,0.271523,0.273270
-1.205000,0.243566,0.243007,0.244882,0.285200
0.707380,0.279771,0.276857,0.280353,0.282100
-2.098400,0.092501,0.076323,0.091714,0.077841
1.194000,0.292770,0.292985,0.295756,0.286660
0.909740,0.300428,0.301856,0.302664,0.299920
-1.645800,0.178330,0.168622,0.178725,0.187250
0.228540,0.223379,0.220980,0.222287,0.209130
-0.752610,0.252073,0.252502,0.253074,0.287670
0.269480,0.226640,0.223917,0.225565,0.214010
1.020300,0.303762,0.306638,0.306638,0.300480
1.671000,0.180422,0.157394,0.180064,0.180470
0.353140,0.234514,0.231094,0.233502,0.225730
-1.509900,0.202618,0.196051,0.203319,0.223090
-1.223800,0.241764,0.240917,0.243051,0.282550
-0.449370,0.230223,0.228322,0.229891,0.241180
1.018200,0.303769,0.306636,0.306636,0.300540
-1.938100,0.121719,0.106315,0.121320,0.111900
-1.982000,0.113413,0.097569,0.112894,0.101890
-1.449200,0.212506,0.207293,0.213339,0.238080
-1.151200,0.246916,0.247028,0.248252,0.291710
0.958580,0.302792,0.305074,0.305354,0.301050
1.619300,0.195184,0.173756,0.195159,0.194380
0.439040,0.244153,0.240106,0.243292,0.239460
1.345800,0.266743,0.259579,0.268915,0.261080
-0.146610,0.213277,0.211920,0.212053,0.201440
-1.301700,0.233170,0.230979,0.234314,0.269640
-1.196600,0.244336,0.243900,0.245665,0.286320
2.167600,0.064834,0.045712,0.063335,0.065405
-2.082800,0.095190,0.078984,0.094433,0.080846
1.014900,0.303774,0.306624,0.306627,0.300630
-1.255000,0.238535,0.237178,0.239768,0.277750
0.075633,0.214837,0.213344,0.213677,0.197340
1.269300,0.281607,0.278596,0.284277,0.275380
1.436100,0.244297,0.231690,0.245692,0.241190
0.490540,0.250571,0.246285,0.249865,0.248110
1.616400,0.196012,0.174688,0.196008,0.195160
0.182140,0.220172,0.218105,0.219063,0.204410
1.891100,0.121228,0.096252,0.119997,0.123120
-1.951900,0.119089,0.103530,0.118652,0.108710
-0.932930,0.256610,0.258001,0.258002,0.300630
1.523100,0.222345,0.205073,0.223055,0.219700
0.520210,0.254440,0.250092,0.253849,0.253120
-0.486040,0.233150,0.231385,0.232996,0.247350
0.621520,0.268199,0.264197,0.268154,0.269680
-1.934300,0.122446,0.107088,0.122058,0.112780
0.997260,0.303679,0.306410,0.306452,0.300960
-1.793600,0.149847,0.136848,0.149861,0.147790
-2.411600,0.048224,0.035927,0.047347,0.032501
0.633200,0.269802,0.265904,0.269835,0.271490
-1.650000,0.177542,0.167737,0.177927,0.186130
0.140850,0.217764,0.215954,0.216639,0.201010
1.665400,0.182017,0.159140,0.181693,0.181970
0.876070,0.298071,0.298784,0.300053,0.298350
-0.960650,0.256422,0.257819,0.257841,0.301070
1.053700,0.303264,0.306162,0.306254,0.299220
-1.470200,0.209165,0.203489,0.209952,0.232990
-0.579550,0.240627,0.239471,0.240929,0.262980
-1.375900,0.223430,0.219778,0.224421,0.254780
-1.383800,0.222312,0.218496,0.223286,0.253070
1.494600,0.230138,0.214351,0.231086,0.226930
1.110500,0.300668,0.303036,0.303753,0.295530
-0.590220,0.241453,0.240386,0.241806,0.264720
1.449600,0.242037,0.228763,0.243367,0.237980
0.390060,0.238477,0.234765,0.237516,0.231480
1.012000,0.303772,0.306607,0.306613,0.300690
0.989170,0.303570,0.306227,0.306303,0.301060
-2.103400,0.091648,0.075483,0.090852,0.076892
-1.568200,0.192516,0.184613,0.193089,0.207960
0.791210,0.289964,0.288728,0.291243,0.291780
-1.685900,0.170743,0.160108,0.171041,0.176450
1.274100,0.280773,0.277523,0.283416,0.274560
-0.576020,0.240352,0.239167,0.240637,0.262410
0.383190,0.237719,0.234058,0.236746,0.230390
-0.643050,0.245370,0.244778,0.245960,0.272980
-0.821210,0.254898,0.255852,0.256091,0.294510
-0.232570,0.216177,0.214549,0.215063,0.209580
1.326100,0.270879,0.264842,0.273192,0.265010
-0.354700,0.223174,0.221208,0.222424,0.225970
-0.603890,0.242497,0.241547,0.242913,0.266910
1.560200,0.211984,0.192940,0.212396,0.210060
-0.705470,0.249475,0.249476,0.250314,0.281840
-0.182670,0.214266,0.212807,0.213075,0.204460
1.652400,0.185725,0.163219,0.185482,0.185480
1.921500,0.113886,0.089168,0.112591,0.115810
1.451700,0.241495,0.228100,0.242807,0.237470
-1.247200,0.239370,0.238144,0.240617,0.278990
2.694700,0.018451,0.014297,0.018076,0.012232
-1.178200,0.245944,0.245766,0.247298,0.288650
-0.366490,0.223993,0.222014,0.223290,0.227780
0.448870,0.245345,0.241242,0.244509,0.241100
1.042400,0.303516,0.306433,0.306472,0.299720
-0.514440,0.235441,0.233823,0.235426,0.252140
1.254000,0.284170,0.281898,0.286919,0.277900
-0.668040,0.247093,0.246738,0.247787,0.276670
-2.398000,0.049744,0.037220,0.048854,0.033904
-1.112700,0.250776,0.251370,0.252199,0.295350
0.504010,0.252314,0.247992,0.251658,0.250380
-1.132800,0.249444,0.249826,0.250850,0.293560
1.436800,0.245311,0.232779,0.246749,0.241010
1.382700,0.258482,0.249150,0.260368,0.253290
1.348600,0.266140,0.258813,0.268290,0.260510
-1.208400,0.243248,0.242639,0.244559,0.284730
0.283770,0.227872,0.225031,0.226804,0.215860
0.764250,0.286870,0.285045,0.287920,0.288980
1.902900,0.118348,0.093459,0.117091,0.120250
1.107800,0.300842,0.303253,0.303925,0.295750
-0.972480,0.256264,0.257649,0.257692,0.301120
-0.899400,0.256503,0.257829,0.257849,0.299500
-0.613560,0.243223,0.242360,0.243683,0.268440
0.765120,0.286973,0.285166,0.288030,0.289080
1.822200,0.138751,0.113617,0.137707,0.140370
0.893600,0.299368,0.300462,0.301484,0.299250
0.511250,0.253260,0.248924,0.252633,0.251610
-1.063000,0.253487,0.254500,0.254935,0.298750
0.233440,0.223748,0.221311,0.222658,0.209680
-2.377900,0.052055,0.039194,0.051147,0.036081
-0.994400,0.255847,0.257188,0.257288,0.301000
0.183800,0.220277,0.218200,0.219170,0.204560
-0.487840,0.233295,0.231538,0.233150,0.247650
0.761300,0.286519,0.284632,0.287545,0.288660
-1.746000,0.159147,0.147159,0.159290,0.160330
1.531800,0.219934,0.202230,0.220574,0.217470
1.044400,0.303477,0.306393,0.306440,0.299640
0.424160,0.242381,0.238427,0.241485,0.237000
1.927100,0.112561,0.087903,0.111256,0.114480
2.315700,0.044765,0.031025,0.043415,0.043461
0.980780,0.303413,0.305982,0.306102,0.301110
0.921800,0.301133,0.302796,0.303455,0.300330
0.922630,0.301179,0.302858,0.303507,0.300350
-0.641560,0.245264,0.244658,0.245848,0.272760
0.368090,0.236085,0.232543,0.235090,0.228020
-1.606000,0.185698,0.176917,0.186186,0.197940
-1.264000,0.236358,0.234783,0.237525,0.276270
-0.519130,0.235819,0.234230,0.235828,0.252940
-0.062404,0.212309,0.211073,0.211073,0.196860
0.808240,0.291805,0.290957,0.293228,0.293380
-0.038751,0.212381,0.211143,0.211154,0.196220
1.398000,0.254876,0.244635,0.256638,0.249920
-0.791430,0.253823,0.254566,0.254938,0.291800
1.939400,0.109684,0.085169,0.108356,0.111600
-0.325200,0.221221,0.219307,0.220363,0.221590
1.015300,0.303773,0.306626,0.306629,0.300620
-1.253300,0.238718,0.237390,0.239955,0.278020
0.695280,0.278185,0.275074,0.278671,0.280480
-1.507600,0.203005,0.196490,0.203711,0.223660
-0.592650,0.241640,0.240593,0.242004,0.265110
0.800280,0.290956,0.289926,0.292312,0.292650
-1.133700,0.249381,0.249753,0.250786,0.293470
-2.580600,0.032062,0.022276,0.031385,0.018530
0.114750,0.216462,0.214793,0.215324,0.199290
-1.064600,0.253413,0.254414,0.254860,0.298660
-1.623500,0.182480,0.173292,0.182928,0.193250
-2.116500,0.089431,0.073313,0.088613,0.074455
2.167900,0.064786,0.045675,0.063288,0.065349
-2.700800,0.023207,0.014759,0.022641,0.011955
-1.576000,0.191125,0.183041,0.191681,0.205910
-1.665800,0.174564,0.164392,0.174911,0.181860
2.521000,0.027174,0.020179,0.026348,0.022756
1.365100,0.262502,0.254211,0.264527,0.257080
-0.191120,0.214546,0.213060,0.213365,0.205250
-1.594700,0.187756,0.179238,0.188270,0.200940
2.132500,0.070631,0.050386,0.069130,0.071542
0.107750,0.216143,0.214508,0.215001,0.198880
1.130800,0.299195,0.301191,0.302282,0.293740
-0.438230,0.229348,0.227419,0.228963,0.239330
0.925590,0.301339,0.303073,0.303687,0.300440
-0.657340,0.246367,0.245910,0.247017,0.275110
-1.103700,0.251329,0.252009,0.252758,0.296080
-1.546100,0.196408,0.189015,0.197030,0.213760
0.977630,0.303343,0.305876,0.306015,0.301120
1.280500,0.279640,0.276065,0.282246,0.273460
1.765900,0.153852,0.129079,0.153016,0.155050
0.419030,0.241780,0.237860,0.240873,0.236160
-0.718590,0.250246,0.250369,0.251133,0.283550
-2.670200,0.025280,0.016518,0.024691,0.013406
-0.901260,0.256518,0.257850,0.257868,0.299580
0.631980,0.269635,0.265726,0.269659,0.271300
-0.111660,0.212644,0.211361,0.211406,0.199110
-1.195300,0.244453,0.244036,0.245784,0.286500
-0.652240,0.246015,0.245509,0.246644,0.274360
0.620860,0.268109,0.264101,0.268059,0.269580
-0.191180,0.214548,0.213062,0.213367,0.205260
0.158880,0.218763,0.216846,0.217646,0.202400
1.280400,0.279658,0.276088,0.282265,0.273460
-0.547810,0.238122,0.236722,0.238272,0.257750
1.279600,0.279801,0.276272,0.282413,0.273600
-0.915350,0.256599,0.257964,0.257968,0.300120
-1.715500,0.165059,0.153750,0.165283,0.168490
1.092300,0.301743,0.304363,0.304812,0.296920
-2.247300,0.067841,0.052680,0.066842,0.052802
-1.524000,0.200225,0.193338,0.200896,0.219470
-0.088940,0.212408,0.211156,0.211169,0.197910
1.129300,0.299313,0.301340,0.302401,0.293890
0.438060,0.244035,0.239994,0.243172,0.239300
-0.636060,0.244871,0.244214,0.245431,0.271920
-1.992100,0.111529,0.095607,0.110983,0.099650
2.266200,0.050703,0.035100,0.049278,0.050096
-1.077600,0.252777,0.253683,0.254221,0.297900
-0.211800,0.215307,0.213752,0.212915,0.207320
-0.599160,0.242138,0.241147,0.242532,0.266150
0.111510,0.216313,0.214660,0.215173,0.199100
0.440560,0.244337,0.240281,0.243479,0.239720
-1.219500,0.242186,0.241407,0.243479,0.283180
-1.912600,0.126617,0.111541,0.126291,0.117910
-1.015200,0.255301,0.256574,0.256749,0.300620
0.403570,0.239997,0.236185,0.239059,0.233650
1.021600,0.303757,0.306638,0.306638,0.300450
1.019700,0.303765,0.306638,0.306638,0.300500
1.816300,0.140303,0.115185,0.139279,0.141910
-0.621870,0.243839,0.243051,0.244337,0.269740
0.873640,0.297880,0.298539,0.299842,0.298220
-1.066700,0.253314,0.254301,0.254761,0.298550
-0.425300,0.228344,0.226389,0.227899,0.237190
1.762900,0.154674,0.129932,0.153849,0.155850
1.525000,0.221819,0.204453,0.222514,0.219220
-1.215200,0.242602,0.241889,0.243902,0.283780
-0.469170,0.231797,0.229961,0.231560,0.244500
-1.560200,0.193933,0.186215,0.194524,0.210070
1.807900,0.142526,0.117440,0.141530,0.144060
0.893220,0.299341,0.300428,0.301455,0.299230
0.375810,0.236914,0.233312,0.235931,0.229230
1.093800,0.301663,0.304265,0.304734,0.296820
-0.360570,0.223579,0.221606,0.222853,0.226860
0.250570,0.225084,0.222513,0.224001,0.211680
-1.174400,0.246263,0.246136,0.247622,0.289100
0.841590,0.295117,0.295042,0.296820,0.296120
0.169220,0.219373,0.217391,0.218259,0.203260
0.690000,0.277486,0.274293,0.277931,0.279760
-1.164600,0.247063,0.247064,0.248434,0.290250
-0.527780,0.236516,0.234980,0.236567,0.254390
0.738880,0.283786,0.281445,0.284624,0.286060
1.105400,0.300992,0.303439,0.304074,0.295940
-1.878000,0.133327,0.118769,0.133100,0.126330
1.043700,0.303491,0.306407,0.306452,0.299670
0.133450,0.217377,0.215609,0.216249,0.200490
2.088500,0.078474,0.056952,0.076984,0.079746
0.050539,0.214002,0.212599,0.212827,0.196500
-0.507790,0.234904,0.233249,0.234857,0.251020
0.771830,0.287760,0.286097,0.288875,0.289800
1.415700,0.250583,0.239292,0.252199,0.245930
-0.415480,0.227591,0.225621,0.227101,0.235580
-1.440900,0.213802,0.208770,0.214653,0.240050
-0.142630,0.213189,0.211841,0.211962,0.201140
1.709600,0.169490,0.145570,0.168917,0.170060
-1.122100,0.250170,0.250667,0.251585,0.294540
1.324100,0.271288,0.265363,0.273615,0.265410
1.069500,0.302765,0.305590,0.305795,0.298390
-0.278790,0.218469,0.216683,0.217465,0.215210
0.768280,0.287345,0.285606,0.288430,0.289420
1.955800,0.105915,0.081617,0.104560,0.107800
-1.757200,0.156965,0.144733,0.157078,0.157350
0.719030,0.281277,0.278565,0.281952,0.283610
0.947620,0.302377,0.304493,0.304872,0.300920
-0.037560,0.212388,0.211150,0.211162,0.196200
-0.585300,0.241074,0.239965,0.241403,0.263920
-1.590800,0.188463,0.180035,0.188985,0.201980
1.302800,0.275503,0.270754,0.277973,0.269440
-1.445300,0.213117,0.207989,0.213958,0.239000
1.399700,0.254469,0.244127,0.256217,0.249560
-1.001500,0.255677,0.256998,0.257121,0.300900
-1.296900,0.233750,0.231648,0.234904,0.270530
-1.734900,0.161304,0.149561,0.161477,0.163300
2.037900,0.088278,0.065494,0.086822,0.089865
-0.706710,0.249550,0.249562,0.250393,0.282010
1.946800,0.107973,0.083553,0.106633,0.109860
-1.892800,0.130449,0.115660,0.130180,0.122710
1.252600,0.284397,0.282191,0.287154,0.278140
1.206400,0.291188,0.290948,0.294136,0.285010
0.530160,0.255760,0.251405,0.255213,0.254790
-2.361700,0.053975,0.040843,0.053054,0.037905
-1.788400,0.150866,0.137974,0.150894,0.149130
-0.291370,0.219173,0.217349,0.218205,0.216870
-2.014400,0.107411,0.091349,0.106808,0.094816
1.455500,0.240510,0.226897,0.241790,0.236560
-0.412490,0.227364,0.225390,0.226860,0.235090
-1.675700,0.172686,0.162286,0.173009,0.179180
-0.741390,0.251500,0.251830,0.252464,0.286360
1.259200,0.283315,0.280797,0.286038,0.277060
2.844700,0.013090,0.009474,0.012902,0.006783
1.304900,0.275099,0.270236,0.277555,0.269060
1.845900,0.132594,0.107443,0.131478,0.134330
1.185800,0.293759,0.294257,0.296768,0.287710
0.470260,0.247994,0.243785,0.247221,0.244690
-1.582500,0.189959,0.181725,0.190500,0.204180
-1.194700,0.244507,0.244099,0.245838,0.286570
-1.475100,0.208373,0.202588,0.209150,0.231780
0.287350,0.228188,0.225317,0.227122,0.216340
-1.274500,0.236370,0.234674,0.237568,0.274490
1.197300,0.292359,0.292456,0.295336,0.286230
-1.135300,0.249269,0.249623,0.250672,0.293320
0.431180,0.243212,0.239213,0.242332,0.238160
-0.829550,0.255155,0.256162,0.256368,0.295200
0.700830,0.278915,0.275893,0.279445,0.281230
-0.231970,0.216150,0.214524,0.215036,0.209510
1.391300,0.256467,0.246624,0.258284,0.251430
0.551120,0.258572,0.254231,0.258124,0.258300
1.378300,0.259500,0.250429,0.261422,0.254260
1.743800,0.159937,0.135437,0.159197,0.160910
1.436100,0.244297,0.231690,0.245692,0.241170
-1.103000,0.251371,0.252058,0.252800,0.296130
1.565600,0.210460,0.191176,0.210831,0.208670
0.917540,0.300893,0.302474,0.303185,0.300190
-0.661300,0.246638,0.246218,0.247304,0.275690
-1.812700,0.146103,0.132721,0.146063,0.142830
1.267200,0.281967,0.279060,0.284648,0.275720
-1.312900,0.231792,0.229390,0.232914,0.267560
1.589300,0.203741,0.183452,0.203931,0.202390
2.015500,0.092881,0.069617,0.091447,0.094574
-2.222200,0.072690,0.057457,0.071752,0.056567
-0.785710,0.253589,0.254289,0.254689,0.291240
-1.146100,0.248489,0.248718,0.249881,0.292240
-1.077100,0.252803,0.253712,0.254246,0.297930
0.984960,0.303496,0.306111,0.306208,0.301090
-1.175800,0.246146,0.246000,0.247503,0.288930
1.192300,0.292979,0.293254,0.295970,0.286880
-0.479620,0.232634,0.230841,0.232448,0.246270
1.175100,0.294981,0.295824,0.298014,0.289020
-1.411500,0.218274,0.213876,0.219189,0.246870
-0.189810,0.214502,0.213020,0.213319,0.205120
1.103800,0.301090,0.303561,0.304171,0.296070
-1.463800,0.210192,0.204658,0.210994,0.234540
-1.065200,0.253385,0.254382,0.254832,0.298630
-0.076218,0.212337,0.211095,0.211098,0.197360
-1.337500,0.228648,0.225770,0.229720,0.262760
0.301300,0.229447,0.226461,0.228390,0.218220
0.638170,0.270483,0.266634,0.270549,0.272240
2.392800,0.036934,0.026023,0.035749,0.034454
0.732680,0.283011,0.280551,0.283797,0.285310
1.453400,0.241055,0.227562,0.242352,0.237060
-0.908270,0.256567,0.257916,0.257926,0.299860
-0.410290,0.227197,0.225221,0.226683,0.234730
1.563700,0.210997,0.191796,0.211382,0.209150
-0.806860,0.254410,0.255266,0.255567,0.293260
-1.274300,0.236393,0.234701,0.237591,0.274530
0.739350,0.283845,0.281513,0.284686,0.286120
1.378800,0.259385,0.250284,0.261302,0.254160
0.378430,0.237198,0.233575,0.236219,0.229640
-0.316070,0.220647,0.218755,0.219757,0.220280
0.817110,0.292726,0.292082,0.294224,0.294160
-1.276900,0.236096,0.234358,0.237289,0.274080
0.388840,0.238342,0.234639,0.237378,0.231280
-0.817370,0.254773,0.255701,0.255956,0.294190
0.086437,0.215247,0.213709,0.214093,0.197800
-1.147800,0.248362,0.248572,0.249753,0.292070
1.415200,0.250706,0.239445,0.252326,0.246030
-1.942200,0.120936,0.105484,0.120526,0.110940
1.129000,0.299337,0.301370,0.302424,0.293920
0.836300,0.294620,0.294422,0.296279,0.295720
-2.770900,0.018884,0.011123,0.018357,0.009122
1.713300,0.168450,0.144458,0.167857,0.169080
-1.403200,0.219503,0.215280,0.220435,0.248760
-0.208630,0.215184,0.213639,0.214028,0.206990
-0.817490,0.254777,0.255706,0.255961,0.294200
-0.970530,0.256293,0.257681,0.257720,0.301120
1.535500,0.218905,0.201020,0.219515,0.216500
-1.296500,0.233798,0.231703,0.234953,0.270590
1.240500,0.286309,0.284657,0.289123,0.280050
1.298000,0.276418,0.271927,0.278918,0.270330
1.110000,0.300700,0.303077,0.303785,0.295570
-0.589550,0.241402,0.240329,0.241751,0.264610
-0.609860,0.242947,0.242050,0.243390,0.267850
-0.631160,0.244518,0.243815,0.245056,0.271170
-1.094300,0.251877,0.252643,0.253312,0.296780
0.258770,0.225748,0.223112,0.224669,0.212680
-0.287700,0.218964,0.217151,0.217986,0.216380
0.852600,0.296116,0.296295,0.297909,0.296900
1.093100,0.300509,0.303068,0.303529,0.296870
-0.840850,0.255472,0.256545,0.256710,0.296060
1.070300,0.302735,0.305556,0.305767,0.298340
-0.614610,0.243302,0.242447,0.243766,0.268600
0.427880,0.242821,0.238842,0.241933,0.237610
0.970540,0.303163,0.305610,0.305796,0.301120
1.487700,0.231998,0.216584,0.233004,0.228660
-1.701200,0.167813,0.156828,0.168072,0.172330
0.515050,0.253759,0.249417,0.253147,0.252250
-1.474000,0.208551,0.202790,0.209330,0.232050
-0.850210,0.255706,0.256831,0.256964,0.296740
0.470130,0.247978,0.243770,0.247204,0.244670
-0.317510,0.220737,0.218841,0.219852,0.220490
1.904500,0.117961,0.093085,0.116700,0.119860
-0.843620,0.255544,0.256633,0.256788,0.296270
-2.315100,0.059790,0.045890,0.058843,0.043533
1.343100,0.267322,0.260314,0.269513,0.261630
1.278200,0.280050,0.276593,0.282670,0.273860
-0.854610,0.255808,0.256955,0.257074,0.297040
-0.781020,0.253391,0.254054,0.254478,0.290760
-0.813580,0.254646,0.255549,0.255819,0.293860
-1.430500,0.215405,0.210599,0.216279,0.242490
0.299550,0.229287,0.226315,0.228228,0.217980
-0.181630,0.214233,0.212777,0.213040,0.204360
-1.629800,0.181313,0.171978,0.181746,0.191560
0.990830,0.303595,0.306269,0.306337,0.301040
-1.264000,0.236358,0.234783,0.237525,0.276260
1.224500,0.288693,0.287732,0.291575,0.282450
0.907990,0.300320,0.301712,0.302543,0.299850
-0.207610,0.215145,0.213603,0.213987,0.206890
0.719120,0.281289,0.278578,0.281964,0.283620
-0.996250,0.255804,0.257141,0.257246,0.300980
1.829700,0.136789,0.111641,0.135721,0.138460
1.248600,0.285039,0.283020,0.287816,0.278780
0.440080,0.244279,0.240226,0.243420,0.239640
-2.258700,0.067413,0.052659,0.066461,0.051150
-2.112600,0.090088,0.073955,0.089276,0.075168
-0.731020,0.250944,0.251181,0.251874,0.285110
1.205100,0.291358,0.291168,0.294311,0.285190
-1.571700,0.191893,0.183909,0.192458,0.207060
1.770200,0.152678,0.127860,0.151823,0.153920
-1.109800,0.250958,0.251579,0.252382,0.295590
0.094331,0.215565,0.213993,0.214416,0.198170
-1.132100,0.249493,0.249882,0.250899,0.293630
-1.539000,0.197643,0.190413,0.198281,0.215600
-0.649380,0.245815,0.245283,0.246432,0.273930
1.362100,0.263174,0.255058,0.265222,0.257720
1.400300,0.254325,0.243948,0.256068,0.249400
1.048300,0.303395,0.306305,0.306369,0.299470
-1.229700,0.241176,0.240236,0.242453,0.281680
1.897500,0.119661,0.094730,0.118416,0.121550
0.918410,0.300943,0.302541,0.303241,0.300220
-1.250900,0.238976,0.237688,0.240216,0.278410
2.789900,0.014909,0.011237,0.014679,0.008460
-0.063392,0.212309,0.211073,0.211074,0.196890
1.012100,0.303772,0.306608,0.306613,0.300690
-0.611770,0.243090,0.242210,0.243542,0.268160
-0.866130,0.256045,0.257248,0.257334,0.297770
-1.865800,0.135706,0.121350,0.135514,0.129350
1.212000,0.290439,0.289983,0.293368,0.284230
-0.891330,0.256424,0.257725,0.257757,0.299140
-0.770800,0.252940,0.253521,0.253997,0.289690
-0.922090,0.256615,0.257992,0.257993,0.300340
0.384760,0.237891,0.234219,0.236921,0.230640
0.825350,0.293556,0.293103,0.295123,0.294860
-0.351490,0.222954,0.220993,0.222193,0.225480
0.003709,0.212887,0.211601,0.211682,0.195830
1.087300,0.301998,0.304673,0.305060,0.297270
1.878100,0.124444,0.099391,0.123243,0.126310
0.227630,0.223311,0.220919,0.222219,0.209030
-0.894760,0.256460,0.257772,0.257799,0.299300
1.210900,0.290588,0.290175,0.293521,0.284380
1.079000,0.302383,0.305137,0.305431,0.297810
1.311700,0.273772,0.268538,0.276184,0.267770
0.672540,0.275153,0.271709,0.275465,0.277310
-1.036800,0.254578,0.255751,0.256029,0.299940
-1.367900,0.224548,0.221060,0.225555,0.256490
1.238000,0.286693,0.285152,0.289518,0.280430
1.739900,0.161019,0.136575,0.160296,0.161950
-1.680800,0.171716,0.161198,0.172026,0.177820
0.799040,0.290822,0.289763,0.292167,0.292540
1.650700,0.186211,0.163756,0.185978,0.185930
-1.230700,0.241075,0.240119,0.242350,0.281530
0.014913,0.213101,0.211793,0.211903,0.195880
-2.184400,0.078434,0.062789,0.077525,0.062588
-0.729330,0.250851,0.251072,0.251775,0.284900
1.778500,0.150420,0.125524,0.149532,0.151750
1.054200,0.303250,0.306147,0.306242,0.299200
-0.634810,0.244782,0.244112,0.245336,0.271730
0.079594,0.214984,0.213475,0.213826,0.197500
0.603130,0.265672,0.261535,0.265511,0.266790
0.071380,0.214684,0.213207,0.213521,0.197170
0.301320,0.229449,0.226462,0.228392,0.218220
0.821290,0.293150,0.292603,0.294683,0.294520
0.962890,0.302935,0.305279,0.305523,0.301090
-0.705030,0.249449,0.249445,0.250286,0.281790
-0.829280,0.255147,0.256152,0.256359,0.295170
-2.101400,0.091988,0.075818,0.091196,0.077268
-0.530450,0.236731,0.235212,0.236795,0.254840
-2.154100,0.083237,0.067335,0.082362,0.067713
1.748000,0.158775,0.134217,0.158015,0.159800
0.734540,0.283244,0.280819,0.284046,0.285540
0.446330,0.245036,0.240947,0.244193,0.240680
-0.714700,0.250021,0.250108,0.250894,0.283050
0.475620,0.248669,0.244438,0.247913,0.245590
-1.473800,0.208583,0.202827,0.209363,0.232110
-2.140400,0.085465,0.069470,0.084609,0.070119
-1.432800,0.215053,0.210197,0.215921,0.241950
-0.823690,0.254977,0.255946,0.256175,0.294720
-0.021050,0.212533,0.211282,0.211314,0.195940
2.494900,0.028877,0.021199,0.027974,0.024837
-1.718500,0.164480,0.153103,0.164696,0.167690
-0.413420,0.227435,0.225462,0.226934,0.235240
1.531300,0.220073,0.202394,0.220717,0.217610
1.521700,0.222731,0.205531,0.223454,0.220070
-1.915700,0.126019,0.110900,0.125684,0.117190
-0.655920,0.246269,0.245799,0.246914,0.274900
-1.039300,0.254484,0.255643,0.255935,0.299850
-0.959890,0.256431,0.257828,0.257849,0.301070
0.580130,0.262518,0.258258,0.262222,0.263080
0.534110,0.256287,0.251932,0.255758,0.255450
-0.381820,0.225087,0.223100,0.224448,0.230170
-0.212340,0.215329,0.213771,0.214179,0.207380
1.090400,0.301842,0.304484,0.304908,0.297060
-1.217700,0.242361,0.241609,0.243657,0.283420
0.104930,0.216017,0.214397,0.214874,0.198730
-0.500900,0.234348,0.232656,0.234267,0.249860
1.319600,0.272199,0.266526,0.274557,0.266270
1.247000,0.285293,0.283347,0.288077,0.279020
0.165460,0.219148,0.217190,0.218033,0.202940
-2.560500,0.033739,0.023695,0.033040,0.019873
-1.718400,0.164499,0.153125,0.164715,0.167700
0.128800,0.217142,0.215399,0.216011,0.200180
1.651400,0.186011,0.163535,0.185773,0.185740
-1.529700,0.199248,0.192231,0.199906,0.218010
-1.362800,0.225252,0.221868,0.226270,0.257570
1.181900,0.294213,0.294840,0.297232,0.288200
0.282110,0.227726,0.224899,0.226657,0.215640
-1.759400,0.156536,0.144256,0.156643,0.156770
0.537180,0.256698,0.252343,0.256182,0.255970
-0.821010,0.254892,0.255844,0.256084,0.294500
-0.427990,0.228552,0.226601,0.228119,0.237630
1.459400,0.239495,0.225659,0.240741,0.235610
0.473170,0.248360,0.244139,0.247596,0.245180
-1.442100,0.213615,0.208558,0.214464,0.239750
0.247090,0.224807,0.222264,0.223722,0.211260
0.113590,0.216408,0.214745,0.215270,0.199220
0.675540,0.275556,0.272153,0.275891,0.277740
1.491700,0.230921,0.215290,0.231894,0.227660
-0.926210,0.256618,0.258001,0.258001,0.300450
1.075600,0.302527,0.305309,0.305569,0.298030
1.033300,0.303657,0.306569,0.306582,0.300070
0.822370,0.293258,0.292737,0.294801,0.294610
1.049000,0.302188,0.305047,0.305115,0.299440
0.656320,0.272959,0.269309,0.273153,0.274960
0.415270,0.241342,0.237447,0.240427,0.235550
0.640470,0.270797,0.266972,0.270880,0.272590
-0.194180,0.214652,0.213156,0.213475,0.205550
0.331420,0.232319,0.229079,0.231284,0.222500
0.555820,0.259208,0.254874,0.258783,0.259080
0.593410,0.264338,0.260142,0.264118,0.265230
0.183340,0.220248,0.218173,0.219140,0.204520
-0.554330,0.238641,0.237289,0.238823,0.258830
-1.612800,0.184452,0.175513,0.184924,0.196120
1.049000,0.302188,0.305047,0.305115,0.299440
-0.191500,0.214559,0.213072,0.213379,0.205290
0.087701,0.215296,0.213754,0.214143,0.197860
0.826530,0.293673,0.293247,0.295250,0.294950
-0.453710,0.230567,0.228678,0.230255,0.241910
2.125400,0.071853,0.051392,0.070353,0.072817
-2.170100,0.080679,0.064904,0.079785,0.064979
-0.688890,0.248452,0.248295,0.249228,0.279600
-1.496700,0.204827,0.198558,0.205557,0.226410
-0.992840,0.255882,0.257228,0.257322,0.301020
0.635390,0.270102,0.266225,0.270149,0.271820
1.029300,0.303701,0.306606,0.306612,0.300210
-1.499100,0.204428,0.198105,0.205152,0.225800
0.534530,0.256343,0.251988,0.255816,0.255530
-1.842700,0.140223,0.126273,0.140098,0.135160
-1.535000,0.198335,0.191197,0.198982,0.216650
1.577600,0.207064,0.187260,0.207342,0.205490
-1.210200,0.243079,0.242442,0.244387,0.284480
-2.382800,0.051485,0.038706,0.050581,0.035538
0.948860,0.302428,0.304563,0.304930,0.300940
1.589500,0.203684,0.183387,0.203873,0.202330
1.216000,0.289892,0.289278,0.292806,0.283680
-1.046700,0.254193,0.255310,0.255644,0.299540
-1.276300,0.236165,0.234437,0.237359,0.274190
0.486230,0.250018,0.245747,0.249297,0.247380
2.630600,0.021237,0.016370,0.020717,0.015499
1.434200,0.245969,0.233590,0.247430,0.241630
-0.958670,0.256444,0.257842,0.257861,0.301050
0.641980,0.271004,0.267194,0.271097,0.272820
-1.158100,0.247577,0.247660,0.248956,0.290960
1.364800,0.262570,0.254296,0.264597,0.257150
-1.550800,0.195587,0.188085,0.196198,0.212530
-0.375630,0.224641,0.222657,0.223976,0.229200
1.645100,0.187810,0.165526,0.187613,0.187440
2.085300,0.079069,0.057460,0.077581,0.080362
-1.084400,0.252422,0.253273,0.253862,0.297470
1.042500,0.303514,0.306431,0.306471,0.299720
-1.648100,0.177899,0.168138,0.178288,0.186620
1.194700,0.292683,0.292874,0.295668,0.286580
-0.763390,0.252597,0.253117,0.253631,0.288890
0.139440,0.217689,0.215888,0.216563,0.200910
-1.559500,0.194057,0.186355,0.194649,0.210260
-0.948870,0.256533,0.257933,0.257941,0.300940
1.520900,0.222952,0.205792,0.223681,0.220280
0.762180,0.286624,0.284755,0.287657,0.288750
-1.465400,0.209936,0.204366,0.210734,0.234150
0.678200,0.275913,0.272547,0.276268,0.278110
1.680400,0.177749,0.154480,0.177336,0.177930
0.887120,0.298906,0.299861,0.300973,0.298940
-1.302300,0.233097,0.230895,0.234240,0.269530
0.331180,0.232295,0.229057,0.231260,0.222460
-1.760700,0.156282,0.143975,0.156386,0.156440
-1.124400,0.250017,0.250490,0.251430,0.294340
0.884830,0.298738,0.299643,0.300787,0.298820
1.566600,0.210178,0.190849,0.210540,0.208380
-1.232600,0.240883,0.239897,0.242155,0.281240
-1.369400,0.224339,0.220821,0.225344,0.256170
-0.580490,0.240700,0.239552,0.241007,0.263140
-0.455810,0.230733,0.228851,0.230431,0.242260
0.237390,0.224050,0.221583,0.222961,0.210130
-1.939900,0.121375,0.105950,0.120971,0.111480
-0.086130,0.212389,0.211139,0.211149,0.197780
0.993190,0.303629,0.306325,0.306382,0.301010
-0.552040,0.238459,0.237090,0.238629,0.258450
-0.671540,0.247326,0.247004,0.248035,0.277170
2.548200,0.025530,0.019176,0.024784,0.020741
2.825100,0.013726,0.010104,0.013527,0.007345
1.212700,0.290344,0.289861,0.293271,0.284140
-0.211790,0.215307,0.213751,0.212915,0.207320
-0.528070,0.236539,0.235005,0.236592,0.254440
1.606700,0.198782,0.177814,0.198846,0.197760
1.281900,0.279389,0.275742,0.281987,0.273200
-1.073900,0.252964,0.253898,0.254409,0.298130
2.108300,0.074866,0.053898,0.073369,0.075974
-0.370760,0.224294,0.222313,0.223609,0.228440
1.401900,0.253941,0.243468,0.255671,0.249050
1.017200,0.303771,0.306633,0.306634,0.300570
-1.139900,0.248941,0.249243,0.250340,0.292870
-0.404910,0.226791,0.224811,0.226253,0.233860
-0.180200,0.214188,0.212736,0.212993,0.204230
-2.578600,0.032226,0.022415,0.031547,0.018659
-0.349370,0.222810,0.220852,0.222040,0.225160
1.470100,0.236686,0.222246,0.237842,0.233000
1.265300,0.282291,0.279477,0.284982,0.276050
1.268900,0.281676,0.278685,0.284348,0.275440
-0.576260,0.240371,0.239187,0.240657,0.262450
1.379200,0.259293,0.250168,0.261207,0.254070
0.530530,0.255809,0.251455,0.255264,0.254850
0.152070,0.218376,0.216501,0.217256,0.201860
-1.813000,0.146044,0.132656,0.146003,0.142740
0.620540,0.268065,0.264055,0.268013,0.269530
0.590090,0.263882,0.259669,0.263643,0.264690
-0.370940,0.224307,0.222325,0.223623,0.228470
-0.809410,0.254501,0.255375,0.255664,0.293490
-0.027937,0.212464,0.211219,0.211241,0.196030
0.704770,0.279431,0.276473,0.279992,0.281750
0.260250,0.225870,0.223222,0.224791,0.212860
-0.203880,0.215003,0.213475,0.213840,0.206510
0.609900,0.266603,0.262511,0.266484,0.267860
0.151980,0.218371,0.216496,0.217251,0.201850
0.984390,0.303486,0.306094,0.306194,0.301090
-1.863000,0.136253,0.121944,0.136069,0.130040
1.102600,0.301163,0.303650,0.304242,0.296160
0.354310,0.234635,0.231206,0.233624,0.225910
-1.354300,0.226411,0.223199,0.227448,0.259330
-1.739300,0.160450,0.148609,0.160611,0.162110
-0.050778,0.212325,0.211091,0.211093,0.196510
0.951010,0.302513,0.304682,0.305029,0.300970
1.287700,0.278336,0.274389,0.280900,0.272180
1.429300,0.247203,0.235111,0.248705,0.242780
0.174570,0.219698,0.217682,0.218587,0.203730
0.970580,0.303164,0.305611,0.305797,0.301120
0.936420,0.301883,0.303812,0.304305,0.300710
1.192100,0.293003,0.293285,0.295995,0.286900
-1.074700,0.252924,0.253852,0.254368,0.298080
-0.263240,0.217645,0.215910,0.216600,0.213230
2.090500,0.078103,0.056636,0.076613,0.079349
-0.673190,0.247436,0.247130,0.248151,0.277400
-0.954120,0.256489,0.257889,0.257902,0.301010
-0.975260,0.256220,0.257601,0.257650,0.301120
-1.401200,0.219796,0.215616,0.220733,0.249220
0.776860,0.288343,0.286789,0.289500,0.290330
-0.916610,0.256603,0.257970,0.257974,0.300160
-0.574560,0.240238,0.239041,0.240516,0.262170
-2.658000,0.026140,0.017249,0.025541,0.014023
-0.071996,0.212323,0.211084,0.211085,0.197200
1.158100,0.296759,0.298099,0.299823,0.290970
-0.731120,0.250949,0.251187,0.251879,0.285120
1.262300,0.282797,0.280130,0.285505,0.276550
-0.073120,0.212326,0.211086,0.211088,0.197240
0.923710,0.301238,0.302937,0.303573,0.300380
0.208250,0.221912,0.219663,0.220813,0.206950
0.744510,0.284483,0.282253,0.285368,0.286730
1.223100,0.288894,0.287991,0.291782,0.282660
-0.860590,0.255936,0.257113,0.257214,0.297430
0.296010,0.228964,0.226022,0.227903,0.217500
1.053500,0.303269,0.306168,0.306258,0.299230
-1.654500,0.176696,0.166787,0.177071,0.184900
0.905480,0.300161,0.301503,0.302366,0.299760
1.011200,0.303770,0.306601,0.306608,0.300710
0.435280,0.243702,0.239677,0.242831,0.238840
-0.675310,0.247575,0.247289,0.248299,0.277710
-1.700400,0.167966,0.157000,0.168228,0.172530
-1.126800,0.249856,0.250303,0.251267,0.294120
0.992680,0.303622,0.306313,0.306373,0.301020
-0.924900,0.256618,0.257999,0.257999,0.300420
-0.010384,0.212665,0.211402,0.211452,0.195850
0.884780,0.298734,0.299638,0.300783,0.298820
1.377400,0.259707,0.250690,0.261636,0.254450
-1.435900,0.214576,0.209653,0.215438,0.241220
1.307700,0.274555,0.269540,0.276993,0.268530
1.371300,0.261102,0.252445,0.263079,0.255750
-0.405770,0.226856,0.224876,0.226321,0.234000
0.877070,0.298149,0.298884,0.300138,0.298410
1.269700,0.281538,0.278508,0.284205,0.275310
1.055500,0.303215,0.306108,0.306211,0.299130
0.569520,0.261069,0.256771,0.260715,0.261340
1.033700,0.303652,0.306564,0.306578,0.300060
1.011100,0.303770,0.306600,0.306607,0.300710
1.935700,0.110545,0.085985,0.109223,0.112450
-0.390270,0.225703,0.223716,0.225101,0.231510
1.542800,0.216869,0.198632,0.217419,0.214630
0.938860,0.301997,0.303967,0.304434,0.300760
-1.088600,0.252195,0.253011,0.253633,0.297180
1.178400,0.293421,0.294101,0.296397,0.288620
-1.088000,0.252228,0.253048,0.253666,0.297220
-0.963680,0.256386,0.257781,0.257807,0.301090
1.866500,0.127350,0.102247,0.126178,0.129170
1.957600,0.105506,0.081234,0.104148,0.107400
-0.181860,0.214240,0.212783,0.213048,0.204380
1.751600,0.157781,0.133175,0.157005,0.158850
1.443300,0.243655,0.230745,0.245039,0.239490
1.504100,0.227559,0.211267,0.228428,0.224540
-1.151200,0.246916,0.247028,0.248252,0.291710
-2.598300,0.030633,0.021066,0.029977,0.017404
-0.342440,0.222345,0.220397,0.221549,0.224120
0.745020,0.284546,0.282326,0.285435,0.286790
1.381400,0.258784,0.249529,0.260680,0.253590
0.140620,0.217752,0.215943,0.216626,0.201000
1.032600,0.303665,0.306576,0.306588,0.300100
1.422700,0.248852,0.237148,0.250409,0.244310
-0.140060,0.213134,0.211793,0.211906,0.200960
-0.265570,0.217765,0.216023,0.216726,0.213520
-1.088300,0.252212,0.253030,0.253650,0.297210
0.112590,0.216362,0.214704,0.215223,0.199160
-0.453350,0.230538,0.228649,0.230225,0.241850
0.805040,0.291467,0.290545,0.292863,0.293090
-0.179200,0.214156,0.212708,0.212961,0.204140
0.516240,0.253916,0.249572,0.253309,0.252450
1.432900,0.246297,0.233994,0.247769,0.241940
-0.789380,0.253740,0.254468,0.254850,0.291600
-0.326540,0.221307,0.219390,0.220453,0.221790
-1.434700,0.214761,0.209864,0.215625,0.241500
1.138800,0.298535,0.300357,0.301618,0.292980
-1.378500,0.223064,0.219358,0.224049,0.254210
-1.522300,0.200516,0.193667,0.201190,0.219910
-2.077100,0.096182,0.079972,0.095437,0.081959
2.309800,0.045434,0.031472,0.044074,0.044219
0.053516,0.214093,0.212680,0.212919,0.196580
1.868300,0.126897,0.101800,0.125720,0.128730
0.320970,0.231299,0.228147,0.230256,0.220980
-0.404760,0.226780,0.224799,0.226241,0.233840
-1.298300,0.233581,0.231453,0.234733,0.270270
-0.885970,0.256360,0.257642,0.257684,0.298880
1.684900,0.176471,0.153093,0.176033,0.176710
-0.065229,0.212310,0.211074,0.211074,0.196950
-0.426160,0.228411,0.226457,0.227969,0.237330
1.456700,0.240198,0.226517,0.241468,0.236260
-0.897670,0.256488,0.257809,0.257831,0.299430
0.406470,0.240328,0.236495,0.239396,0.234110
-0.028917,0.212455,0.211211,0.211232,0.196050
0.390520,0.238529,0.234812,0.237568,0.231550
-0.593880,0.241734,0.240698,0.242104,0.265310
0.892430,0.299286,0.300355,0.301393,0.299190
0.651010,0.272236,0.268525,0.272392,0.274170
2.081300,0.079818,0.058102,0.078332,0.081147
0.126720,0.217038,0.215307,0.215906,0.200040
-0.802690,0.254257,0.255084,0.255404,0.292880
-1.568700,0.192427,0.184512,0.192999,0.207830
-1.553800,0.195061,0.187490,0.195666,0.211740
-1.472200,0.208842,0.203121,0.209625,0.232480
-0.691390,0.248609,0.248477,0.249396,0.279950
-0.211070,0.215279,0.213725,0.214127,0.207240
0.607270,0.266241,0.262131,0.266106,0.267440
0.930970,0.301617,0.303449,0.304002,0.300580
-1.159300,0.247483,0.247551,0.248860,0.290830
-1.640400,0.179340,0.169758,0.179748,0.188700
0.824350,0.293456,0.292981,0.295015,0.294770
0.158100,0.218718,0.216806,0.217600,0.202340
1.336500,0.268721,0.262092,0.270960,0.262960
0.235810,0.223929,0.221474,0.222840,0.209950
0.562720,0.260144,0.255826,0.259754,0.260220
-1.861600,0.136526,0.122242,0.136346,0.130400
0.832950,0.294299,0.294023,0.295930,0.295460
-1.741900,0.159945,0.148046,0.160099,0.161430
1.588000,0.204110,0.183874,0.204311,0.202730
0.080886,0.215032,0.213518,0.213875,0.197550
-1.641900,0.179059,0.169443,0.179464,0.188290
-1.354100,0.226438,0.223230,0.227475,0.259370
0.409530,0.240679,0.236824,0.239752,0.234610
1.759600,0.155579,0.130875,0.154769,0.156720
1.998300,0.096524,0.072924,0.095109,0.098299
-0.217740,0.215545,0.213969,0.214404,0.207950
-0.940290,0.256585,0.257982,0.257984,0.300790
0.038336,0.213656,0.212290,0.212473,0.196210
-1.095300,0.251820,0.252578,0.253255,0.296710
-0.893400,0.256446,0.257754,0.257783,0.299240
-0.003763,0.212763,0.211490,0.211554,0.195830
-1.334300,0.229066,0.226251,0.230145,0.263400
0.734750,0.283271,0.280850,0.284074,0.285560
-0.629410,0.244391,0.243672,0.244922,0.270900
3.035700,0.007567,0.003840,0.007371,0.002976
2.717900,0.017533,0.013552,0.017201,0.011200
1.443000,0.243732,0.230840,0.245118,0.239560
-0.803080,0.254272,0.255102,0.255419,0.292910
0.791590,0.290006,0.288779,0.291288,0.291820
-0.669660,0.247201,0.246861,0.247902,0.276900
0.048567,0.213944,0.212547,0.212767,0.196450
0.718020,0.281147,0.278418,0.281814,0.283480
-0.734510,0.251133,0.251402,0.252075,0.285540
-0.078214,0.212345,0.211102,0.211106,0.197440
0.908680,0.300363,0.301769,0.302591,0.299880
0.793980,0.290270,0.289096,0.291572,0.292050
-2.584600,0.031735,0.021999,0.031063,0.018268
-0.840590,0.255465,0.256537,0.256702,0.296050
0.203840,0.221606,0.219389,0.220506,0.206500
0.786740,0.289466,0.288130,0.290706,0.291340
-1.649800,0.177580,0.167779,0.177965,0.186180
-0.560740,0.239150,0.237845,0.239362,0.259890
-0.180640,0.214202,0.212748,0.213008,0.204270
-1.020700,0.255132,0.256382,0.256581,0.300470
-1.973900,0.114932,0.099156,0.114434,0.103700
-0.034418,0.212410,0.211170,0.211185,0.196140
1.685400,0.176330,0.152939,0.175888,0.176570
0.958510,0.302789,0.305071,0.305351,0.301050
0.825520,0.293573,0.293124,0.295142,0.294870
-1.164900,0.247039,0.247036,0.248410,0.290210
-2.406500,0.048790,0.036408,0.047908,0.033024
0.812320,0.292232,0.291477,0.293690,0.293750
-1.936900,0.121949,0.106559,0.121553,0.112170
-1.171200,0.246528,0.246443,0.247891,0.289470
1.514300,0.224769,0.207945,0.225552,0.221960
-0.003988,0.212759,0.211486,0.211550,0.195830
1.750300,0.158139,0.133551,0.157370,0.159180
1.039700,0.303563,0.306481,0.306511,0.299830
-1.368300,0.224492,0.220996,0.225499,0.256410
-1.410400,0.218438,0.214063,0.219355,0.247120
0.177360,0.219871,0.217836,0.218761,0.203980
-1.467800,0.209551,0.203928,0.210344,0.233570
-2.014500,0.107393,0.091330,0.106790,0.094792
0.567390,0.260779,0.256474,0.260414,0.260990
-0.053551,0.212318,0.211084,0.211085,0.196580
1.236300,0.286951,0.285485,0.289784,0.280690
0.726470,0.282226,0.279650,0.282962,0.284540
-0.971760,0.256275,0.257661,0.257703,0.301120
1.093100,0.300509,0.303068,0.303529,0.296870
0.600920,0.265369,0.261217,0.265194,0.266430
-1.443700,0.213366,0.208274,0.214211,0.239370
-0.809190,0.254493,0.255366,0.255656,0.293470
-0.451870,0.230421,0.228527,0.230101,0.241600
1.657000,0.184412,0.161772,0.184140,0.184230
0.049295,0.213965,0.212566,0.212789,0.196470
0.989390,0.303573,0.306233,0.306307,0.301050
1.057000,0.303174,0.306061,0.306173,0.299060
1.358700,0.263929,0.256013,0.266003,0.258430
1.032100,0.303671,0.306581,0.306592,0.300110
0.948150,0.302399,0.304523,0.304897,0.300930
-0.706730,0.249551,0.249563,0.250395,0.282010
1.323900,0.271328,0.265415,0.273657,0.265450
-0.664620,0.246863,0.246475,0.247543,0.276170
-0.550550,0.238340,0.236960,0.238503,0.258200
0.423440,0.242297,0.238347,0.241399,0.236880
-2.247300,0.067841,0.052680,0.066842,0.052801
-1.327900,0.229894,0.227204,0.230986,0.264660
-0.303650,0.219891,0.218031,0.218961,0.218550
0.752620,0.285475,0.283408,0.286427,0.287680
-1.573500,0.191572,0.183546,0.192133,0.206560
1.391900,0.256325,0.246447,0.258137,0.251280
-1.204900,0.243576,0.243018,0.244892,0.285220
-1.388800,0.221596,0.217677,0.222559,0.251970
1.128900,0.299345,0.301380,0.302432,0.293920
1.195200,0.292621,0.292794,0.295604,0.286500
0.888340,0.298994,0.299976,0.301071,0.299000
-0.129980,0.212935,0.211617,0.211703,0.200250
-0.553990,0.238614,0.237259,0.238794,0.258770
-1.032000,0.254752,0.255950,0.256203,0.300120
1.495900,0.229786,0.213930,0.230723,0.226600
1.327500,0.270592,0.264476,0.272895,0.264740
-0.580160,0.240675,0.239523,0.240980,0.263080
1.186800,0.293641,0.294105,0.296647,0.287580
1.070700,0.302720,0.305538,0.305752,0.298320
1.906500,0.117477,0.092618,0.116212,0.119370
1.086000,0.302061,0.304750,0.305122,0.297360
-1.250100,0.239061,0.237787,0.240303,0.278530
0.611890,0.266876,0.262799,0.266770,0.268180
-1.762900,0.154662,0.142165,0.154710,0.155850
-1.497400,0.204711,0.198426,0.205439,0.226240
1.260300,0.283132,0.280561,0.285850,0.276880
-1.009600,0.255462,0.256756,0.256909,0.300750
2.648600,0.020413,0.015783,0.019937,0.014518
1.500700,0.228484,0.212372,0.229381,0.225400
0.942810,0.302174,0.304211,0.304637,0.300840
1.774000,0.151643,0.126788,0.150773,0.152920
-0.078096,0.212345,0.211102,0.211106,0.197440
-1.624800,0.182240,0.173021,0.182684,0.192900
1.013200,0.303773,0.306615,0.306619,0.300670
-0.784130,0.253523,0.254211,0.254618,0.291080
-0.900880,0.256515,0.257845,0.257864,0.299570
-0.321060,0.220959,0.219055,0.220086,0.221000
-0.131630,0.212966,0.211644,0.211734,0.200370
-1.189800,0.244943,0.244604,0.246281,0.287210
-0.736880,0.251261,0.251551,0.252211,0.285820
0.125990,0.217002,0.215274,0.215869,0.199990
1.124200,0.299705,0.301833,0.302793,0.294350
-0.836170,0.255345,0.256392,0.256573,0.295710
-1.894900,0.130042,0.115221,0.129766,0.122190
0.415380,0.241355,0.237459,0.240440,0.235560
-2.021900,0.106040,0.089940,0.105418,0.093215
0.502900,0.252169,0.247850,0.251509,0.250200
0.658530,0.273259,0.269635,0.273469,0.275280
0.198520,0.221244,0.219065,0.220141,0.205970
-0.647250,0.245666,0.245113,0.246274,0.273610
1.077200,0.302460,0.305230,0.305505,0.297930
-0.385400,0.225347,0.223360,0.224723,0.230740
0.109510,0.216222,0.214579,0.215081,0.198980
1.296200,0.276757,0.272362,0.279269,0.270660
-0.902560,0.256529,0.257863,0.257880,0.299640
-1.762900,0.154662,0.142165,0.154710,0.155850
0.361230,0.235358,0.231872,0.234355,0.226970
-0.876860,0.256230,0.257479,0.257539,0.298400
-0.144910,0.213239,0.211886,0.212014,0.201310
-1.827200,0.143260,0.129598,0.143179,0.139090
1.562300,0.211392,0.192254,0.211788,0.209530
-0.747920,0.251837,0.252225,0.252823,0.287130
0.303970,0.229694,0.226684,0.228638,0.218590
-1.849800,0.138833,0.124755,0.138688,0.133350
1.771800,0.152242,0.127408,0.151381,0.153500
0.802480,0.291193,0.290213,0.292567,0.292860
-2.180200,0.079090,0.063404,0.078184,0.063278
