-0.258000,0.402666,0.794317,0.400457,0.385980
0.256670,0.405129,0.799514,0.395014,0.386110
-2.098900,0.057597,0.109667,0.051338,0.044097
2.400100,0.025965,0.049680,0.019258,0.022396
0.205860,0.413466,0.817614,0.404373,0.390680
1.228100,0.176795,0.339871,0.184983,0.187730
0.465170,0.357165,0.687417,0.376462,0.358120
1.578500,0.097007,0.186273,0.091807,0.114810
-0.705730,0.302179,0.599874,0.295919,0.311080
-0.532800,0.337177,0.670778,0.333008,0.346240
-1.229200,0.186458,0.352963,0.197041,0.187470
-0.418060,0.365759,0.723064,0.366788,0.365650
0.120950,0.427160,0.840933,0.430860,0.396140
-1.841900,0.081541,0.157427,0.087178,0.073169
-0.302490,0.392997,0.775591,0.392814,0.381200
-0.365860,0.378437,0.747201,0.380434,0.373210
-0.420500,0.365154,0.721930,0.366087,0.365280
-0.939010,0.256234,0.500400,0.259795,0.256770
0.903170,0.223873,0.445573,0.226667,0.265390
0.970230,0.213368,0.424110,0.209157,0.249230
0.214180,0.412086,0.814857,0.402309,0.389990
0.455640,0.360537,0.693917,0.380350,0.359700
0.143540,0.423712,0.835636,0.423615,0.394950
-0.252140,0.403905,0.796681,0.401524,0.386560
-0.212540,0.412040,0.811870,0.409462,0.390130
0.156930,0.421566,0.832170,0.419205,0.394160
-1.134500,0.208519,0.403930,0.203929,0.209670
1.184500,0.183809,0.356092,0.189919,0.197860
-1.292500,0.166723,0.312675,0.172112,0.173080
0.469320,0.355655,0.684558,0.374614,0.357430
0.194600,0.415339,0.821216,0.407437,0.391560
0.479900,0.351696,0.677196,0.369482,0.355640
-1.951300,0.076728,0.142281,0.085402,0.059460
-2.264700,0.040173,0.077467,0.036375,0.030708
1.174400,0.185292,0.359672,0.190369,0.200220
-0.177610,0.418770,0.823912,0.417560,0.392800
-1.472100,0.114668,0.223095,0.107054,0.135030
0.787230,0.243403,0.488877,0.238958,0.292720
1.450000,0.127725,0.243098,0.124117,0.139460
2.159500,0.052534,0.095205,0.060930,0.038760
-0.994390,0.241966,0.473839,0.236668,0.243390
0.987320,0.210776,0.418849,0.204772,0.245100
0.516740,0.336863,0.650982,0.347366,0.349170
0.529390,0.331479,0.641877,0.338552,0.346870
0.796080,0.241728,0.485158,0.238885,0.290670
0.121410,0.427093,0.840833,0.430717,0.396110
0.348970,0.389113,0.758048,0.394828,0.375470
-1.025600,0.234006,0.458600,0.224324,0.235840
-0.769230,0.291784,0.574743,0.292556,0.296850
1.778000,0.067226,0.136940,0.061859,0.082143
0.462520,0.358116,0.689234,0.377593,0.358560
0.711290,0.260978,0.524720,0.241851,0.309850
0.752100,0.250716,0.504529,0.239176,0.300740
0.290670,0.399572,0.785630,0.393221,0.382540
0.067489,0.433823,0.850367,0.444720,0.398140
-0.976480,0.246599,0.482506,0.244271,0.247720
-0.015794,0.437384,0.854625,0.450490,0.398990
-0.143850,0.424691,0.834052,0.426023,0.394940
0.361370,0.386561,0.751507,0.395088,0.373820
-0.958730,0.251189,0.491027,0.251795,0.252020
0.036880,0.436245,0.853524,0.449356,0.398770
-0.300920,0.393346,0.776272,0.393082,0.381380
1.437200,0.130743,0.248810,0.126805,0.142070
0.960720,0.214832,0.427064,0.211708,0.251530
-0.594380,0.323068,0.644435,0.315672,0.334430
-2.522300,0.021258,0.036246,0.020130,0.016580
1.210300,0.179790,0.346647,0.187643,0.191830
0.102120,0.429794,0.844781,0.436416,0.396970
-0.233870,0.407713,0.803868,0.405017,0.388280
0.704960,0.262774,0.528063,0.242747,0.311250
-0.743180,0.296063,0.585139,0.293708,0.302750
1.531000,0.109400,0.208688,0.106708,0.123610
-0.044831,0.436286,0.852778,0.447555,0.398640
-0.223490,0.409836,0.807818,0.407129,0.389200
-0.838300,0.279301,0.546028,0.286795,0.280820
2.120900,0.054768,0.101096,0.062345,0.042100
0.678040,0.271074,0.542947,0.248580,0.317090
-1.495900,0.108489,0.213843,0.101045,0.130360
-0.206660,0.413206,0.813995,0.410758,0.390610
0.361760,0.386478,0.751297,0.395092,0.373770
-0.071371,0.434266,0.849576,0.443082,0.398030
-1.076200,0.221723,0.433543,0.209928,0.223620
2.730800,0.012990,0.021512,0.014465,0.009588
1.730800,0.073163,0.146075,0.068315,0.089235
0.542960,0.325603,0.632112,0.328658,0.344350
0.840380,0.233992,0.467702,0.236846,0.280320
0.767710,0.247321,0.497391,0.239015,0.297190
0.404300,0.376314,0.726947,0.393029,0.367730
1.266200,0.169734,0.324651,0.176259,0.179020
-0.136730,0.425844,0.835976,0.427833,0.395330
0.504280,0.342040,0.659920,0.355512,0.351400
-0.166110,0.420862,0.827545,0.420400,0.393580
-0.424390,0.364187,0.720124,0.364964,0.364680
-0.895490,0.266891,0.520637,0.274696,0.267230
0.341820,0.390517,0.761708,0.394591,0.376400
-1.215200,0.189957,0.360759,0.199522,0.190690
1.387400,0.142623,0.271358,0.138494,0.152410
1.238800,0.174903,0.335694,0.182935,0.185260
1.139300,0.190136,0.371648,0.190652,0.208520
-0.887790,0.268679,0.524141,0.276830,0.269070
-0.285950,0.396644,0.782700,0.395616,0.383060
-0.404510,0.369102,0.729354,0.370598,0.367700
2.014300,0.056584,0.112154,0.053992,0.052474
-1.827900,0.081515,0.158749,0.085588,0.075074
1.098100,0.195492,0.384942,0.190461,0.218350
0.781840,0.244453,0.491185,0.238979,0.293960
-1.738200,0.080494,0.166372,0.073206,0.088090
-1.243000,0.182893,0.345195,0.193805,0.184300
0.546500,0.324058,0.629571,0.326027,0.343690
0.619580,0.292673,0.578949,0.274430,0.329350
0.021093,0.437006,0.854446,0.450619,0.398950
-0.322070,0.388599,0.766989,0.389379,0.378880
-0.756600,0.293872,0.579805,0.293118,0.299720
0.857810,0.231133,0.461294,0.234930,0.276210
-0.939390,0.256138,0.500221,0.259646,0.256680
-1.101800,0.215835,0.420662,0.206067,0.217470
0.784770,0.243879,0.489926,0.238969,0.293280
0.300920,0.397857,0.781141,0.393251,0.381380
-0.556720,0.331507,0.660368,0.326115,0.341760
0.086955,0.431705,0.847475,0.440404,0.397540
0.317670,0.394968,0.773485,0.393667,0.379410
-0.103300,0.430692,0.843893,0.436113,0.396920
-0.887860,0.268663,0.524109,0.276812,0.269060
0.555140,0.320275,0.623386,0.319557,0.342060
-0.873030,0.272008,0.530786,0.280469,0.272590
-0.543930,0.334513,0.665907,0.329789,0.344170
-1.190700,0.195825,0.374185,0.202146,0.196400
0.088908,0.431471,0.847150,0.439919,0.397470
0.738530,0.253890,0.510989,0.239593,0.303800
-0.355340,0.380920,0.752010,0.382790,0.374630
-1.049100,0.228191,0.447020,0.216571,0.230150
-0.689830,0.304846,0.606109,0.297373,0.314550
-0.716190,0.300456,0.595772,0.295162,0.308770
-1.807400,0.081328,0.160548,0.082875,0.077921
-0.327700,0.387318,0.764484,0.388344,0.378180
1.491500,0.118145,0.225024,0.115455,0.131200
0.434560,0.367509,0.707916,0.387188,0.363090
-0.847070,0.277531,0.542232,0.285475,0.278750
0.444730,0.364231,0.701231,0.384189,0.361470
-1.508100,0.105522,0.209492,0.097967,0.127980
-1.342800,0.153787,0.287983,0.152621,0.161980
-0.846630,0.277621,0.542424,0.285546,0.278850
0.213370,0.412221,0.815129,0.402502,0.390060
1.742600,0.071564,0.143594,0.066646,0.087420
1.738000,0.072179,0.144545,0.067292,0.088131
0.981600,0.211637,0.420604,0.206203,0.246480
-0.146730,0.424214,0.833251,0.425291,0.394770
0.734720,0.254822,0.512847,0.239779,0.304650
-0.815270,0.283725,0.555825,0.289497,0.286210
-0.750850,0.294813,0.582095,0.293368,0.301020
1.554800,0.104337,0.199358,0.101228,0.119140
-1.051200,0.227680,0.445981,0.215963,0.229640
-1.518600,0.103086,0.205961,0.095302,0.125960
0.485960,0.349362,0.672937,0.366279,0.354600
-1.549600,0.096573,0.196663,0.087438,0.120110
-0.395020,0.371423,0.733754,0.373170,0.369090
-1.683900,0.081321,0.171923,0.069087,0.096670
-0.992460,0.242464,0.474776,0.237478,0.243860
-0.069966,0.434396,0.849781,0.443354,0.398070
2.531900,0.017962,0.036245,0.013993,0.016180
1.123300,0.192237,0.376895,0.190487,0.212340
0.480770,0.351364,0.676586,0.369034,0.355490
0.519900,0.335529,0.648709,0.345210,0.348600
2.420500,0.024175,0.046946,0.017860,0.021322
-0.945780,0.254512,0.497195,0.257112,0.255140
-0.008111,0.437470,0.854819,0.450866,0.399030
-0.429860,0.362824,0.717585,0.363370,0.363830
-0.876880,0.271152,0.529062,0.279577,0.271680
1.155300,0.187978,0.366274,0.190707,0.204740
-0.827240,0.281464,0.550763,0.288222,0.283410
-1.345000,0.153098,0.286739,0.151588,0.161510
-0.158590,0.422191,0.829824,0.422287,0.394060
-0.235440,0.407389,0.803262,0.404706,0.388140
0.853530,0.231829,0.462846,0.235467,0.277220
0.016574,0.437159,0.854618,0.450834,0.398990
-2.029200,0.067523,0.125817,0.068277,0.050923
1.270200,0.168941,0.322999,0.175132,0.178100
0.283330,0.400784,0.788755,0.393341,0.383340
0.943560,0.217501,0.432457,0.216375,0.255680
1.629900,0.089544,0.172989,0.084896,0.105720
-0.196610,0.415171,0.817539,0.413040,0.391410
0.686310,0.268409,0.538259,0.246413,0.315310
0.108510,0.428930,0.843536,0.434597,0.396700
-1.869700,0.081242,0.154478,0.089391,0.069492
-1.865900,0.081314,0.154911,0.089177,0.069991
-0.239680,0.406512,0.801614,0.403877,0.387740
-0.657440,0.310544,0.618876,0.301733,0.321490
0.375400,0.383472,0.743807,0.395023,0.371890
-1.152500,0.204515,0.394553,0.203502,0.205390
-1.043200,0.229634,0.449936,0.218358,0.231580
-1.438900,0.124033,0.237627,0.115931,0.141730
-0.306840,0.392027,0.773696,0.392068,0.380690
-0.113300,0.429349,0.841726,0.433700,0.396490
0.472460,0.354496,0.682383,0.373153,0.356900
0.024274,0.436881,0.854300,0.450428,0.398930
-0.988660,0.243445,0.476619,0.239083,0.244780
-0.649530,0.312004,0.622021,0.303108,0.323150
0.608740,0.297132,0.586135,0.281145,0.331550
0.097432,0.430407,0.845654,0.437701,0.397150
1.090800,0.196434,0.387232,0.190589,0.220110
-0.971170,0.247974,0.485063,0.246537,0.249010
1.070100,0.199132,0.393646,0.191467,0.225090
-0.121740,0.428141,0.839761,0.431613,0.396100
-1.263900,0.177262,0.333299,0.187404,0.179530
-0.654810,0.311027,0.619920,0.302176,0.322040
0.492900,0.346633,0.668029,0.362386,0.353400
0.139250,0.424386,0.836696,0.425020,0.395190
0.381810,0.381981,0.740183,0.394824,0.370990
-0.664670,0.309235,0.616013,0.300584,0.319950
0.960340,0.214890,0.427182,0.211811,0.251620
0.857000,0.231264,0.461587,0.235035,0.276400
2.108800,0.055256,0.102705,0.062042,0.043188
1.294300,0.163975,0.312843,0.167740,0.172690
-0.110300,0.429762,0.842395,0.434432,0.396620
-0.881310,0.270157,0.527070,0.278501,0.270620
-0.386640,0.373458,0.737632,0.375362,0.370300
0.246250,0.406823,0.803476,0.396267,0.387130
-1.734800,0.080486,0.166679,0.072809,0.088621
-1.042400,0.229830,0.450331,0.218609,0.231780
0.538100,0.327717,0.635606,0.332242,0.345260
0.451810,0.361855,0.696501,0.381772,0.360320
0.198890,0.414625,0.819861,0.406236,0.391230
0.455900,0.360447,0.693741,0.380250,0.359660
2.305400,0.036613,0.066140,0.031749,0.027982
-1.065900,0.224151,0.438682,0.212141,0.226110
0.395560,0.378600,0.732186,0.393950,0.369020
1.145600,0.189295,0.369548,0.190697,0.207020
0.529780,0.331312,0.641596,0.338273,0.346800
-0.463600,0.354357,0.701984,0.353359,0.358380
1.132000,0.191100,0.374057,0.190579,0.210270
0.360950,0.386650,0.751732,0.395083,0.373880
2.148700,0.053266,0.096969,0.061720,0.039674
0.371460,0.384362,0.746001,0.395089,0.372440
0.949950,0.216503,0.430439,0.214637,0.254140
1.444000,0.129137,0.245769,0.125370,0.140680
-0.070334,0.434362,0.849727,0.443283,0.398060
-0.547390,0.333693,0.664402,0.328792,0.343520
0.119870,0.427318,0.841168,0.431193,0.396190
1.198100,0.181735,0.351168,0.188939,0.194690
2.179400,0.050973,0.091730,0.058660,0.037120
-0.165110,0.421041,0.827853,0.420650,0.393640
-0.293630,0.394958,0.779418,0.394318,0.382210
0.838610,0.234286,0.468366,0.237001,0.280740
-0.268920,0.400334,0.789843,0.398527,0.384870
-1.813600,0.081399,0.160017,0.083732,0.077049
-0.771860,0.291345,0.573683,0.292432,0.296250
-1.963000,0.075606,0.140060,0.083457,0.058108
-2.248300,0.041359,0.080208,0.036494,0.031871
1.496600,0.116993,0.222862,0.114360,0.130200
-1.910000,0.079745,0.149180,0.089571,0.064394
-0.329960,0.386801,0.763474,0.387920,0.377900
1.072100,0.198869,0.393031,0.191344,0.224620
-1.243700,0.182709,0.344799,0.193619,0.184140
-2.097000,0.057864,0.110099,0.051740,0.044274
0.349880,0.388931,0.757576,0.394854,0.375350
-1.252900,0.180261,0.339578,0.190992,0.182040
0.790700,0.242740,0.487409,0.238937,0.291920
0.273840,0.402337,0.792690,0.393699,0.384360
-0.564540,0.329701,0.657014,0.323889,0.340260
0.255580,0.405306,0.799934,0.395129,0.386220
0.280550,0.401241,0.789920,0.393421,0.383640
0.394060,0.378982,0.733073,0.394078,0.369230
-0.751670,0.294679,0.581769,0.293332,0.300840
-1.133900,0.208652,0.404240,0.203949,0.209820
-0.731800,0.297912,0.589634,0.294255,0.305300
-1.087700,0.219054,0.427777,0.207913,0.220850
-0.370340,0.377372,0.745145,0.379387,0.372600
0.451830,0.361848,0.696487,0.381765,0.360320
0.969790,0.213436,0.424246,0.209274,0.249340
-0.866850,0.273362,0.533539,0.281819,0.274060
-0.475060,0.351473,0.696725,0.349947,0.356460
1.446200,0.128618,0.244788,0.124909,0.140240
-1.402000,0.135194,0.255754,0.127699,0.149360
-0.853890,0.276122,0.539256,0.284325,0.277130
1.420200,0.134783,0.256465,0.130515,0.145560
-0.587150,0.324636,0.647451,0.317608,0.335860
-1.156100,0.203711,0.392662,0.203433,0.204550
1.321600,0.157998,0.300972,0.158676,0.166630
-0.542110,0.334945,0.666700,0.330314,0.344510
0.011063,0.437306,0.854771,0.451008,0.399020
0.045171,0.435708,0.852844,0.448378,0.398640
-0.847450,0.277453,0.542067,0.285414,0.278660
-0.090527,0.432260,0.846398,0.439059,0.397410
0.548600,0.323140,0.628065,0.324460,0.343290
1.855300,0.060363,0.126003,0.053358,0.071373
0.323880,0.393861,0.770542,0.393894,0.378650
1.054100,0.201262,0.398545,0.192780,0.228960
0.005017,0.437416,0.854868,0.451088,0.399040
-0.037147,0.436694,0.853437,0.448551,0.398770
0.055083,0.434948,0.851858,0.446934,0.398440
-0.442740,0.359602,0.711614,0.359573,0.361790
1.633000,0.088976,0.172011,0.084295,0.105180
0.943850,0.217456,0.432365,0.216297,0.255610
-1.047200,0.228654,0.447960,0.217134,0.230620
2.196300,0.049438,0.088572,0.055960,0.035772
-0.390730,0.372467,0.735741,0.374302,0.369720
-0.522820,0.339598,0.675185,0.335907,0.348070
-0.394840,0.371467,0.733838,0.373218,0.369120
-2.483100,0.024731,0.042224,0.025531,0.018286
-0.816300,0.283534,0.555392,0.289398,0.285970
1.084600,0.197237,0.389164,0.190766,0.221610
0.010781,0.437312,0.854778,0.451014,0.399020
-0.601430,0.321565,0.641513,0.313831,0.333020
0.919930,0.221219,0.440047,0.222616,0.261370
0.369200,0.384865,0.747249,0.395109,0.372750
1.267300,0.169517,0.324198,0.175952,0.178760
-0.161850,0.421619,0.828846,0.421466,0.393850
-1.885600,0.080815,0.152548,0.089939,0.067446
-0.002630,0.437478,0.854883,0.451024,0.399040
0.474930,0.353575,0.680666,0.371967,0.356490
-1.387600,0.139685,0.263298,0.133088,0.152370
-0.085813,0.432793,0.847245,0.440098,0.397580
0.897320,0.224802,0.447533,0.227974,0.266800
-0.806150,0.285396,0.559640,0.290306,0.288340
0.347790,0.389348,0.758658,0.394792,0.375630
1.099900,0.195260,0.384375,0.190441,0.217940
-1.288000,0.170426,0.319444,0.178039,0.174100
-0.495430,0.346367,0.687455,0.343921,0.352960
-0.657070,0.310612,0.619023,0.301794,0.321560
-0.851740,0.276569,0.540197,0.284700,0.277640
0.438500,0.366258,0.705342,0.386092,0.362470
-0.109410,0.429883,0.842590,0.434648,0.396660
-1.148600,0.205385,0.396596,0.203578,0.206330
-0.589130,0.324204,0.646623,0.317073,0.335470
0.700540,0.264063,0.530433,0.243472,0.312210
0.660030,0.277230,0.553511,0.254560,0.320940
-0.196340,0.415223,0.817632,0.413103,0.391430
-0.017162,0.437359,0.854577,0.450405,0.398980
-1.251900,0.180529,0.340147,0.191295,0.182260
2.700900,0.013936,0.024072,0.015176,0.010399
0.039368,0.436094,0.853334,0.449085,0.398730
-1.122100,0.211278,0.410317,0.204455,0.212620
0.913070,0.222304,0.442293,0.224324,0.263020
-0.346320,0.383027,0.756109,0.384699,0.375820
0.383810,0.381505,0.739039,0.394737,0.370710
0.217890,0.411473,0.813602,0.401450,0.389680
0.543400,0.325411,0.631796,0.328332,0.344270
-1.901200,0.080191,0.150454,0.089880,0.065477
-0.766370,0.292260,0.575893,0.292687,0.297500
-0.815040,0.283768,0.555922,0.289519,0.286270
0.061246,0.434412,0.851152,0.445889,0.398300
0.486800,0.349035,0.672345,0.365821,0.354460
0.201310,0.414222,0.819087,0.405576,0.391040
-0.032911,0.436883,0.853748,0.449036,0.398830
-0.339060,0.384710,0.759389,0.386164,0.376750
-0.938780,0.256293,0.500509,0.259884,0.256830
0.454000,0.361104,0.695025,0.380969,0.359970
-1.345300,0.153004,0.286569,0.151448,0.161440
-0.546360,0.333937,0.664849,0.329089,0.343720
-1.282300,0.172074,0.322730,0.180418,0.175370
-0.900250,0.265769,0.518458,0.273296,0.266090
0.424160,0.370694,0.714607,0.389696,0.364710
-0.851440,0.276632,0.540328,0.284751,0.277720
-1.714600,0.080583,0.168602,0.070779,0.091764
-1.001700,0.240084,0.470285,0.233634,0.241630
-0.047382,0.436133,0.852533,0.447192,0.398600
0.546830,0.323914,0.629334,0.325781,0.343630
1.048200,0.202060,0.400342,0.193419,0.230380
-0.317960,0.389529,0.768810,0.390119,0.379370
0.534870,0.329117,0.637931,0.334601,0.345860
2.146800,0.053386,0.097270,0.061826,0.039834
-1.789700,0.081081,0.162023,0.080324,0.080449
-2.403800,0.031125,0.055052,0.033222,0.022198
1.287300,0.165450,0.315827,0.169976,0.174240
0.959570,0.215010,0.427423,0.212019,0.251810
1.393500,0.141165,0.268583,0.136906,0.151130
-0.074952,0.433924,0.849036,0.442373,0.397920
0.022932,0.436936,0.854364,0.450512,0.398940
-0.357730,0.380358,0.750920,0.382268,0.374310
-0.325500,0.387819,0.765464,0.388752,0.378450
1.163600,0.186828,0.363431,0.190630,0.202780
-0.304700,0.392505,0.774629,0.392436,0.380940
-1.198000,0.194107,0.370214,0.201566,0.194700
0.050837,0.435289,0.852303,0.447589,0.398530
-1.528500,0.100893,0.202811,0.092781,0.124090
-0.029527,0.437015,0.853970,0.449388,0.398870
-0.629490,0.315841,0.630056,0.307121,0.327320
-1.222800,0.188072,0.356538,0.198273,0.188930
-0.740410,0.296513,0.586235,0.293835,0.303370
-2.119600,0.054760,0.105036,0.047293,0.042215
0.473350,0.354165,0.681765,0.372729,0.356750
-1.350000,0.151528,0.283920,0.149260,0.160430
0.187270,0.416560,0.823482,0.409575,0.392110
2.058900,0.056372,0.108266,0.058332,0.047916
1.565300,0.102157,0.195380,0.098808,0.117210
0.058507,0.434656,0.851475,0.446367,0.398360
1.674400,0.081762,0.159857,0.076915,0.098231
-0.277570,0.398468,0.786239,0.397038,0.383960
-1.227400,0.186915,0.353970,0.197404,0.187870
0.264850,0.403801,0.796309,0.394275,0.385290
0.546730,0.323957,0.629406,0.325856,0.343650
-0.578320,0.326585,0.651162,0.320026,0.337590
2.135400,0.054052,0.099019,0.062264,0.040819
0.509480,0.339896,0.656196,0.352185,0.350470
0.399170,0.377669,0.730037,0.393607,0.368490
0.354150,0.388065,0.755345,0.394964,0.374790
-0.214280,0.411692,0.811235,0.409084,0.389990
-0.996190,0.241501,0.472965,0.235915,0.242950
-0.767550,0.292064,0.575419,0.292633,0.297230
-1.265300,0.176874,0.332498,0.186914,0.179210
0.683720,0.269233,0.539716,0.247054,0.315870
1.243900,0.173976,0.333676,0.181843,0.184090
0.063832,0.434174,0.850835,0.445418,0.398230
0.565600,0.315688,0.615944,0.311701,0.340060
1.225700,0.177210,0.340797,0.185396,0.188280
0.495210,0.345712,0.666388,0.361038,0.352990
0.448760,0.362888,0.698546,0.382847,0.360820
-0.330630,0.386648,0.763175,0.387794,0.377820
-0.428780,0.363094,0.718086,0.363686,0.364000
-1.514800,0.103954,0.207216,0.096268,0.126690
0.514010,0.338009,0.652945,0.349201,0.349660
1.169400,0.186009,0.361421,0.190515,0.201410
0.511840,0.338915,0.654503,0.350640,0.350050
-0.399870,0.370239,0.731506,0.371866,0.368380
2.280300,0.039782,0.071296,0.037104,0.029644
1.143300,0.189603,0.370317,0.190684,0.207580
0.673400,0.272615,0.545622,0.249953,0.318090
-0.411710,0.367329,0.726012,0.368591,0.366620
-1.278700,0.173105,0.324803,0.181872,0.176180
0.219380,0.411227,0.813094,0.401116,0.389560
-0.802110,0.286122,0.561318,0.290624,0.289280
1.190700,0.182876,0.353862,0.189530,0.196400
0.330800,0.392599,0.767193,0.394165,0.377800
-0.036863,0.436707,0.853459,0.448585,0.398770
0.252690,0.405776,0.801043,0.395451,0.386510
-1.463900,0.116907,0.226513,0.109162,0.136670
-1.386300,0.140093,0.263990,0.133598,0.152650
1.598100,0.095573,0.183544,0.091452,0.111280
0.603770,0.299212,0.589476,0.284388,0.332550
0.743080,0.252802,0.508796,0.239414,0.302770
-0.898590,0.266162,0.519219,0.273791,0.266490
-2.123900,0.054188,0.104093,0.046533,0.041828
1.656800,0.084743,0.164816,0.079912,0.101140
-0.631600,0.315428,0.629205,0.306664,0.326890
0.636460,0.285979,0.568057,0.265083,0.325880
-1.347500,0.152314,0.285328,0.150421,0.160970
0.865540,0.229882,0.458523,0.233849,0.274370
-0.118040,0.428678,0.840637,0.432533,0.396270
-0.754390,0.294234,0.580686,0.293214,0.300220
-1.962800,0.075626,0.140099,0.083493,0.058135
-0.779470,0.290062,0.570603,0.292052,0.294500
0.161090,0.420888,0.831046,0.417839,0.393900
0.328610,0.393002,0.768261,0.394078,0.378070
-0.157820,0.422325,0.830053,0.422481,0.394100
2.567900,0.016936,0.033681,0.013925,0.014760
1.417600,0.135403,0.257641,0.131102,0.146090
-0.041736,0.436460,0.853058,0.447974,0.398700
-0.936850,0.256781,0.501420,0.260634,0.257290
0.260210,0.404554,0.798137,0.394669,0.385760
-0.202430,0.414038,0.815500,0.411709,0.390950
-1.223500,0.187897,0.356148,0.198146,0.188780
-0.325290,0.387867,0.765558,0.388790,0.378480
-0.342700,0.383868,0.757747,0.385437,0.376290
-0.216350,0.411277,0.810474,0.408638,0.389810
0.625670,0.290221,0.574976,0.270894,0.328110
-0.044246,0.436320,0.852833,0.447636,0.398650
0.167350,0.419862,0.829313,0.415801,0.393490
0.043490,0.435825,0.852992,0.448594,0.398670
0.187240,0.416565,0.823491,0.409584,0.392110
-1.218300,0.189192,0.359040,0.199040,0.189990
1.898100,0.058175,0.121565,0.050711,0.065868
-0.145040,0.424494,0.833723,0.425721,0.394870
-1.250000,0.181038,0.341227,0.191858,0.182690
1.487500,0.119052,0.226731,0.116306,0.131980
0.383670,0.381539,0.739119,0.394743,0.370730
0.073676,0.433194,0.849519,0.443455,0.397960
-1.410300,0.132632,0.251516,0.124810,0.147610
0.794270,0.242066,0.485912,0.238905,0.291090
0.317090,0.395070,0.773757,0.393647,0.379480
0.781690,0.244482,0.491249,0.238980,0.293990
1.962900,0.056757,0.116129,0.050635,0.058126
-0.073890,0.434027,0.849198,0.442586,0.397960
0.083684,0.432089,0.848007,0.441196,0.397650
1.433200,0.131691,0.250605,0.127660,0.142880
-0.870590,0.272545,0.531875,0.281014,0.273170
2.217100,0.047316,0.084471,0.051842,0.034169
-1.423500,0.128614,0.244961,0.120520,0.144870
-0.740980,0.296420,0.586010,0.293809,0.303250
-1.639900,0.083992,0.177842,0.070522,0.104010
-0.011738,0.437440,0.854743,0.450711,0.399020
-0.422430,0.364674,0.721034,0.365531,0.364980
-0.498420,0.345621,0.686104,0.343042,0.352430
-0.227540,0.409011,0.806289,0.406294,0.388850
-1.369400,0.145414,0.273136,0.140572,0.156250
0.673660,0.272528,0.545471,0.249873,0.318040
0.145410,0.423416,0.835166,0.423001,0.394850
-0.535830,0.336447,0.669447,0.332130,0.345680
0.364350,0.385924,0.749898,0.395111,0.373420
-0.671110,0.308088,0.613470,0.299647,0.318580
1.457800,0.125899,0.239644,0.122500,0.137900
-1.954800,0.076404,0.141628,0.084852,0.059057
0.472360,0.354533,0.682452,0.373200,0.356920
-1.323800,0.159689,0.298817,0.161651,0.166150
-0.605190,0.320774,0.639962,0.312871,0.332270
2.408700,0.025184,0.048491,0.018632,0.021935
0.068875,0.433686,0.850183,0.444445,0.398100
1.102800,0.194886,0.383459,0.190419,0.217240
0.361810,0.386467,0.751270,0.395092,0.373760
-0.409470,0.367882,0.727052,0.369220,0.366950
0.333310,0.392133,0.765960,0.394265,0.377480
-0.763780,0.292689,0.576933,0.292803,0.298090
0.448880,0.362848,0.698466,0.382805,0.360800
-0.659880,0.310100,0.617909,0.301333,0.320970
0.931500,0.219394,0.436305,0.219614,0.258580
-0.049851,0.435976,0.852282,0.446826,0.398550
-0.059269,0.435302,0.851212,0.445304,0.398340
-0.756840,0.293833,0.579709,0.293108,0.299670
-1.827700,0.081514,0.158767,0.085563,0.075097
0.318530,0.394816,0.773081,0.393697,0.379300
-0.252430,0.403844,0.796564,0.401470,0.386530
2.149200,0.053234,0.096889,0.061690,0.039627
-2.810800,0.006848,0.011552,0.007403,0.007680
1.521200,0.111531,0.212648,0.108931,0.125460
-0.752280,0.294580,0.581526,0.293306,0.300700
-0.599570,0.321959,0.642282,0.314312,0.333400
1.719000,0.074834,0.148694,0.070020,0.091059
-0.727330,0.298638,0.591394,0.294493,0.306300
-0.001431,0.437474,0.854889,0.451046,0.399040
1.553200,0.104672,0.199972,0.101597,0.119450
-1.476300,0.113542,0.221389,0.105986,0.134190
-0.270580,0.399978,0.789155,0.398239,0.384700
-0.126920,0.427368,0.838494,0.430314,0.395840
0.152030,0.422358,0.833465,0.420819,0.394460
0.857250,0.231224,0.461496,0.235003,0.276340
0.623460,0.291106,0.576412,0.272157,0.328560
0.894850,0.225194,0.448367,0.228507,0.267390
0.978260,0.212143,0.421631,0.207057,0.247290
-0.617090,0.318320,0.635087,0.309949,0.329860
-0.262380,0.401734,0.792533,0.399675,0.385540
1.462800,0.124734,0.237443,0.121466,0.136890
0.227210,0.409937,0.810379,0.399468,0.388870
1.033100,0.204139,0.404929,0.195448,0.234020
-0.604750,0.320866,0.640144,0.312983,0.332360
-0.394150,0.371635,0.734157,0.373401,0.369220
-0.062340,0.435057,0.850825,0.444767,0.398270
-1.135800,0.208230,0.403257,0.203889,0.209370
-0.680520,0.306442,0.609765,0.298422,0.316560
-2.352700,0.034570,0.063300,0.035561,0.025066
0.107290,0.429097,0.843779,0.434950,0.396750
1.658000,0.084535,0.164468,0.079701,0.100950
-0.464820,0.354050,0.701423,0.352996,0.358180
0.773510,0.246122,0.494815,0.238997,0.295870
0.025354,0.436835,0.854246,0.450356,0.398920
-0.370870,0.377245,0.744902,0.379261,0.372520
1.272300,0.168521,0.322128,0.174527,0.177630
-2.311900,0.037104,0.069818,0.036226,0.027567
1.714400,0.075505,0.149753,0.070696,0.091790
0.293360,0.399125,0.784466,0.393209,0.382240
-0.723080,0.297072,0.589053,0.290744,0.307250
-0.518600,0.340630,0.677059,0.337136,0.348830
0.246420,0.406796,0.803412,0.396244,0.387110
0.301980,0.397678,0.780669,0.393266,0.381260
-0.511710,0.342325,0.680132,0.339147,0.350080
0.393440,0.379138,0.733439,0.394129,0.369320
0.842900,0.233574,0.466761,0.236613,0.279730
-0.659690,0.310134,0.617984,0.301364,0.321010
-0.999050,0.240765,0.471575,0.234726,0.242260
0.010153,0.437326,0.854791,0.451028,0.399020
0.817710,0.237839,0.476407,0.238324,0.285640
1.258400,0.171252,0.327845,0.178353,0.180780
-0.463960,0.354267,0.701818,0.353252,0.358330
-0.949610,0.253533,0.495375,0.255562,0.254220
0.150640,0.422581,0.833827,0.421277,0.394540
-1.752900,0.080588,0.165083,0.075067,0.085865
0.836750,0.234596,0.469066,0.237156,0.281180
-0.410980,0.367510,0.726351,0.368796,0.366730
1.010700,0.207325,0.411723,0.199469,0.239440
-0.994190,0.242017,0.473937,0.236752,0.243440
0.665340,0.275366,0.550346,0.252613,0.319810
1.819500,0.063077,0.130522,0.056837,0.076235
-0.547690,0.333622,0.664272,0.328706,0.343470
-0.588660,0.324306,0.646820,0.317200,0.335560
-0.224100,0.409712,0.807589,0.407003,0.389150
0.745430,0.252249,0.507674,0.239338,0.302250
-0.018021,0.437342,0.854545,0.450349,0.398980
-0.909260,0.263613,0.514310,0.270482,0.263930
0.219170,0.411262,0.813166,0.401162,0.389570
1.281100,0.166734,0.318447,0.171902,0.175650
0.191980,0.415776,0.822033,0.408189,0.391760
-2.052200,0.064276,0.120480,0.062355,0.048580
0.570870,0.313380,0.612219,0.307764,0.339040
-0.340230,0.384440,0.758862,0.385932,0.376600
-0.387200,0.373322,0.737373,0.375218,0.370220
-0.910420,0.263332,0.513773,0.270104,0.263650
-0.508900,0.343019,0.681390,0.339969,0.350580
1.877100,0.059108,0.123630,0.051776,0.068530
-0.072165,0.434192,0.849458,0.442927,0.398010
-0.182340,0.417889,0.822367,0.416413,0.392460
0.334680,0.391877,0.765283,0.394319,0.377310
0.625110,0.290445,0.575339,0.271212,0.328220
-0.032256,0.436910,0.853793,0.449106,0.398840
0.118730,0.427484,0.841415,0.431544,0.396240
-0.106870,0.430224,0.843140,0.435261,0.396770
-0.465850,0.353791,0.700949,0.352689,0.358010
0.760380,0.248883,0.500705,0.239062,0.298860
2.647500,0.015249,0.028179,0.015041,0.011995
-0.582840,0.325582,0.649259,0.318782,0.336710
-0.537820,0.335970,0.668575,0.331554,0.345310
0.982900,0.211441,0.420205,0.205874,0.246170
-0.791190,0.288049,0.565821,0.291380,0.291800
0.392590,0.379352,0.733939,0.394196,0.369450
-0.773080,0.291141,0.573191,0.292373,0.295970
0.812470,0.238758,0.478485,0.238524,0.286870
1.086000,0.197056,0.388729,0.190720,0.221280
0.503090,0.342526,0.660771,0.356257,0.351610
0.372870,0.384046,0.745219,0.395070,0.372250
-0.549690,0.333151,0.663405,0.328131,0.343090
-0.525500,0.338945,0.673998,0.335128,0.347580
0.044715,0.435740,0.852884,0.448438,0.398640
-2.282700,0.038957,0.074518,0.036327,0.029479
0.537660,0.327908,0.635923,0.332564,0.345340
0.320670,0.394436,0.772070,0.393774,0.379050
-1.069500,0.223298,0.436889,0.211324,0.225250
-2.855600,0.006049,0.009172,0.007650,0.006766
0.251320,0.405999,0.801565,0.395613,0.386640
0.167470,0.419842,0.829280,0.415762,0.393490
1.305000,0.161672,0.308233,0.164228,0.170300
1.776000,0.067452,0.137285,0.062120,0.082429
-0.491450,0.347361,0.689258,0.345094,0.353650
-0.895280,0.266940,0.520733,0.274756,0.267280
1.222900,0.177690,0.341873,0.185857,0.188910
-0.959840,0.250903,0.490497,0.251331,0.251750
-0.574910,0.327348,0.652603,0.320974,0.338260
-0.190910,0.416268,0.819497,0.414370,0.391840
-0.309150,0.391511,0.772686,0.391669,0.380420
-0.534570,0.336750,0.670000,0.332495,0.345910
0.412970,0.373934,0.721633,0.391797,0.366430
0.958040,0.215246,0.427901,0.212434,0.252180
-0.284520,0.396956,0.783307,0.395857,0.383210
-0.553040,0.332365,0.661955,0.327169,0.342460
2.203500,0.048731,0.087176,0.054622,0.035213
-0.495580,0.346329,0.687387,0.343877,0.352930
0.999920,0.208901,0.415002,0.201792,0.242050
-1.217200,0.189464,0.359651,0.199215,0.190250
-1.208000,0.191713,0.364734,0.200503,0.192370
0.905260,0.223541,0.444877,0.226186,0.264890
0.329090,0.392914,0.768027,0.394097,0.378010
-1.991800,0.072405,0.134161,0.077523,0.054892
-0.014688,0.437401,0.854660,0.450555,0.399000
-0.013027,0.437425,0.854709,0.450646,0.399010
-0.932650,0.257840,0.503399,0.262240,0.258310
1.833400,0.061927,0.128667,0.055371,0.074315
0.669870,0.273808,0.547679,0.251074,0.318850
0.827560,0.236145,0.472570,0.237812,0.283340
0.830200,0.235697,0.471556,0.237642,0.282720
1.225200,0.177296,0.340990,0.185480,0.188380
1.703200,0.077181,0.152419,0.072371,0.093569
1.367000,0.147479,0.280627,0.144190,0.156760
2.839600,0.008194,0.011019,0.007087,0.007082
-2.008000,0.070372,0.130621,0.073653,0.053150
-1.704800,0.080732,0.169604,0.070034,0.093303
0.891360,0.225750,0.449550,0.229240,0.268220
-0.233020,0.407888,0.804195,0.405187,0.388360
-0.553660,0.332220,0.661688,0.326991,0.342340
0.937000,0.218529,0.434543,0.218147,0.257260
0.104610,0.429461,0.844304,0.435716,0.396870
0.938400,0.218310,0.434097,0.217771,0.256920
0.838910,0.234236,0.468253,0.236975,0.280670
-0.523240,0.339496,0.674998,0.335785,0.347990
1.578500,0.097007,0.186273,0.091807,0.114800
-0.093819,0.431872,0.845781,0.438317,0.397290
1.917700,0.057533,0.119798,0.050161,0.063448
0.223720,0.410511,0.811598,0.400180,0.389180
-0.204820,0.413569,0.814652,0.411170,0.390760
1.382900,0.143697,0.273405,0.139699,0.153370
-1.501500,0.107109,0.211813,0.099634,0.129250
-0.444780,0.359090,0.710670,0.358967,0.361460
1.169000,0.186065,0.361560,0.190525,0.201500
-0.933750,0.257563,0.502881,0.261823,0.258040
-0.120170,0.428370,0.840135,0.432004,0.396170
1.272800,0.168421,0.321920,0.174382,0.177510
0.485060,0.349712,0.673571,0.366767,0.354760
0.905570,0.223492,0.444773,0.226114,0.264820
1.303000,0.162107,0.309099,0.164891,0.170740
-0.085606,0.432816,0.847281,0.440143,0.397580
-0.127770,0.427239,0.838282,0.430100,0.395800
0.130610,0.425718,0.838756,0.427816,0.395650
1.198300,0.181704,0.351095,0.188921,0.194640
1.306800,0.161280,0.307451,0.163630,0.169900
0.147300,0.423115,0.834687,0.422378,0.394740
-1.263800,0.177289,0.333357,0.187438,0.179550
1.389900,0.142025,0.270221,0.137837,0.151880
-0.882490,0.269889,0.526538,0.278205,0.270340
0.107380,0.429085,0.843761,0.434924,0.396750
0.120170,0.427274,0.841103,0.431101,0.396170
0.479810,0.351731,0.677259,0.369529,0.355660
-0.913590,0.262562,0.512305,0.269054,0.262890
-0.114240,0.429217,0.841513,0.433470,0.396450
-0.459520,0.355384,0.703862,0.354576,0.359060
-0.543850,0.334532,0.665941,0.329812,0.344190
1.647500,0.086370,0.167561,0.081577,0.102710
0.828340,0.236012,0.472270,0.237763,0.283160
0.621240,0.292001,0.577861,0.273449,0.329010
0.494580,0.345964,0.666836,0.361408,0.353100
0.304330,0.397278,0.779616,0.393305,0.380990
1.287000,0.165512,0.315954,0.170071,0.174310
0.669500,0.273934,0.547896,0.251196,0.318920
0.304190,0.397302,0.779678,0.393302,0.381000
-0.209790,0.412587,0.812869,0.410064,0.390360
1.341100,0.153549,0.292305,0.152225,0.162370
0.599180,0.301150,0.592586,0.287465,0.333470
0.408810,0.375090,0.724197,0.392429,0.367050
-1.381200,0.141696,0.266722,0.135637,0.153740
0.007644,0.437374,0.854835,0.451068,0.399030
1.193600,0.182432,0.352810,0.189315,0.195740
-1.106500,0.214773,0.418279,0.205593,0.216360
-0.328550,0.387124,0.764104,0.388185,0.378080
-0.336090,0.385395,0.760726,0.386747,0.377130
-0.119360,0.428488,0.840327,0.432205,0.396210
-0.555760,0.331730,0.660782,0.326390,0.341940
-1.108500,0.214323,0.417262,0.205411,0.215880
-0.021025,0.437276,0.854422,0.450134,0.398960
0.470700,0.355147,0.683603,0.373978,0.357200
0.157180,0.421525,0.832103,0.419122,0.394140
-0.933640,0.257591,0.502933,0.261865,0.258070
-0.876140,0.271318,0.529394,0.279752,0.271850
0.032390,0.436497,0.853836,0.449795,0.398830
-0.723080,0.297072,0.589053,0.290744,0.307250
1.049900,0.201830,0.399824,0.193226,0.229980
-0.651320,0.311671,0.621308,0.302786,0.322780
0.349910,0.388925,0.757561,0.394855,0.375350
-0.485770,0.348784,0.691838,0.346772,0.354630
-1.978800,0.073922,0.136894,0.080380,0.056331
0.060308,0.434497,0.851264,0.446055,0.398320
2.006100,0.056594,0.112804,0.053289,0.053346
0.181380,0.417540,0.825256,0.411361,0.392530
-1.845400,0.081530,0.157082,0.087532,0.072696
-1.091700,0.218136,0.425764,0.207322,0.219910
-2.856900,0.006024,0.009101,0.007627,0.006741
0.525970,0.332946,0.644340,0.340981,0.347490
0.414220,0.373582,0.720857,0.391592,0.366240
1.111300,0.193790,0.380757,0.190406,0.215210
0.480990,0.351280,0.676432,0.368920,0.355450
-2.459000,0.026799,0.046071,0.028391,0.019411
1.535400,0.108451,0.206931,0.105701,0.122770
-0.167310,0.420647,0.827175,0.420101,0.393500
0.934380,0.218941,0.435381,0.218849,0.257890
0.617870,0.293369,0.580073,0.275455,0.329700
-1.087600,0.219077,0.427827,0.207928,0.220880
0.988970,0.210528,0.418344,0.204368,0.244700
0.281960,0.401009,0.789331,0.393378,0.383490
0.311330,0.396076,0.776431,0.393468,0.380170
-0.364870,0.378672,0.747655,0.380662,0.373350
1.017500,0.206345,0.409660,0.198127,0.237800
-1.004100,0.239468,0.469116,0.232652,0.241030
-0.214960,0.411556,0.810985,0.408937,0.389930
-0.041279,0.436485,0.853098,0.448034,0.398700
0.299360,0.398120,0.781834,0.393234,0.381560
-0.600910,0.321675,0.641728,0.313965,0.333130
0.157620,0.421454,0.831985,0.418978,0.394120
-0.373850,0.376534,0.743532,0.378549,0.372110
-0.409050,0.367985,0.727247,0.369337,0.367020
-1.509200,0.105261,0.209113,0.097688,0.127780
1.053700,0.201316,0.398667,0.192820,0.229050
-1.159000,0.203062,0.391134,0.203376,0.203860
-0.337050,0.385174,0.760294,0.386560,0.377010
1.130000,0.191362,0.374713,0.190557,0.210750
-0.474660,0.351574,0.696908,0.350066,0.356530
-0.522720,0.339622,0.675229,0.335936,0.348090
0.211990,0.412449,0.815591,0.402835,0.390180
0.891950,0.225656,0.449349,0.229118,0.268080
-0.877930,0.270917,0.528591,0.279327,0.271430
1.420600,0.134687,0.256284,0.130425,0.145470
-0.372050,0.376964,0.744360,0.378981,0.372360
-1.255500,0.179559,0.338098,0.190187,0.181440
-0.739770,0.296617,0.586488,0.293865,0.303520
-0.792090,0.287892,0.565452,0.291323,0.291590
0.410200,0.374707,0.723343,0.392227,0.366840
1.827300,0.062416,0.129464,0.055998,0.075152
0.739010,0.253774,0.510756,0.239572,0.303690
-0.335700,0.385484,0.760901,0.386823,0.377180
0.468760,0.355860,0.684944,0.374868,0.357520
-0.363480,0.379001,0.748292,0.380980,0.373530
-2.371900,0.033329,0.060218,0.034906,0.023951
-0.248010,0.404773,0.798330,0.402290,0.386960
-0.574060,0.327539,0.652963,0.321211,0.338420
-0.401030,0.369955,0.730968,0.371551,0.368210
-0.428940,0.363054,0.718012,0.363639,0.363970
2.746600,0.012418,0.020081,0.013813,0.009182
-1.664800,0.082224,0.174299,0.069099,0.099808
-1.547000,0.097079,0.197380,0.088089,0.120600
-1.231600,0.185847,0.351617,0.196535,0.186920
1.294200,0.163996,0.312886,0.167772,0.172700
-0.003974,0.437480,0.854873,0.450994,0.399040
1.256500,0.171616,0.328617,0.178841,0.181210
1.114500,0.193377,0.379733,0.190419,0.214450
-1.516700,0.103518,0.206586,0.095785,0.126320
0.097073,0.430453,0.845719,0.437798,0.397170
-0.363960,0.378887,0.748072,0.380870,0.373470
-0.156600,0.422537,0.830413,0.422789,0.394180
-0.169760,0.420206,0.826411,0.419492,0.393330
-0.023959,0.437198,0.854283,0.449900,0.398930
-0.534320,0.336810,0.670110,0.332568,0.345960
-0.636000,0.314573,0.627434,0.305737,0.325980
0.152390,0.422300,0.833371,0.420700,0.394440
2.206200,0.048458,0.086646,0.054095,0.035005
0.161180,0.420874,0.831021,0.417810,0.393890
-0.260350,0.402166,0.793362,0.400036,0.385750
0.277260,0.401779,0.791286,0.393542,0.384000
-1.798300,0.081207,0.161312,0.081577,0.079216
2.069100,0.056243,0.107255,0.059302,0.046923
0.577510,0.310480,0.607553,0.302850,0.337750
0.161700,0.420789,0.830879,0.417639,0.393860
1.254100,0.172073,0.329588,0.179445,0.181760
0.594140,0.303296,0.596027,0.290927,0.334480
-0.367540,0.378038,0.746431,0.380044,0.372980
-0.171970,0.419805,0.825716,0.418945,0.393190
0.737750,0.254080,0.511368,0.239628,0.303970
0.010081,0.437327,0.854792,0.451029,0.399020
-0.870250,0.272620,0.532027,0.281089,0.273250
-0.168300,0.420469,0.826867,0.419854,0.393430
2.148900,0.053253,0.096937,0.061708,0.039657
-1.091400,0.218204,0.425915,0.207364,0.219970
-0.048595,0.436057,0.852411,0.447014,0.398570
0.658590,0.277743,0.554376,0.255115,0.321240
-0.213430,0.411862,0.811546,0.409268,0.390060
0.627050,0.289671,0.574082,0.270118,0.327820
-0.929810,0.258552,0.504734,0.263307,0.258990
-0.999610,0.240621,0.471302,0.234495,0.242130
-0.610870,0.319593,0.637629,0.311453,0.331120
-0.219270,0.410690,0.809394,0.408016,0.389570
-0.949460,0.253571,0.495447,0.255623,0.254250
-1.057700,0.226110,0.442759,0.214179,0.228080
-1.501900,0.107012,0.211670,0.099533,0.129190
0.116360,0.427825,0.841921,0.432266,0.396350
-2.543300,0.019409,0.033260,0.017029,0.015721
-2.445700,0.027899,0.048225,0.029780,0.020054
0.355560,0.387776,0.754602,0.394995,0.374600
-1.003800,0.239545,0.469262,0.232774,0.241110
0.392700,0.379325,0.733874,0.394187,0.369430
-0.466460,0.353637,0.700669,0.352507,0.357910
-0.272050,0.399661,0.788545,0.397985,0.384550
0.275810,0.402016,0.791883,0.393605,0.384150
-1.228200,0.186712,0.353522,0.197244,0.187690
-0.440680,0.360118,0.712568,0.360183,0.362120
-0.060557,0.435201,0.851052,0.445081,0.398310
-0.208150,0.412912,0.813460,0.410427,0.390490
0.633300,0.287207,0.570067,0.266723,0.326530
-0.253200,0.403681,0.796255,0.401329,0.386460
-0.717780,0.300196,0.595148,0.295059,0.308420
-0.365170,0.378600,0.747518,0.380593,0.373300
0.302680,0.397559,0.780356,0.393276,0.381180
-0.075357,0.433885,0.848973,0.442292,0.397910
-0.510350,0.342661,0.680741,0.339544,0.350320
-0.153170,0.423127,0.831416,0.423657,0.394390
-0.971550,0.247876,0.484880,0.246375,0.248920
-1.347100,0.152439,0.285553,0.150607,0.161040
-2.356200,0.034348,0.062740,0.035461,0.024860
-1.538500,0.098784,0.199803,0.090236,0.122200
-0.023238,0.437218,0.854319,0.449960,0.398940
0.044185,0.435777,0.852931,0.448506,0.398650
-1.964400,0.075464,0.139787,0.083204,0.057952
-2.234100,0.042462,0.082636,0.036714,0.032902
-0.074928,0.433927,0.849039,0.442378,0.397920
-0.682780,0.306052,0.608877,0.298153,0.316070
-0.651400,0.311657,0.621276,0.302772,0.322760
-0.119530,0.428463,0.840287,0.432163,0.396200
0.225090,0.410286,0.811121,0.399896,0.389060
0.179340,0.417879,0.825860,0.411992,0.392680
0.173020,0.418926,0.827702,0.413980,0.393120
-0.198750,0.414756,0.816794,0.412548,0.391240
-0.161170,0.421739,0.829051,0.421637,0.393890
0.086668,0.431739,0.847523,0.440474,0.397550
-1.922100,0.079018,0.147316,0.088810,0.062919
0.786080,0.243625,0.489367,0.238964,0.292980
-0.056612,0.435504,0.851532,0.445753,0.398400
-0.778380,0.290247,0.571046,0.292109,0.294750
1.375800,0.145389,0.276633,0.141659,0.154870
-1.186400,0.196826,0.376511,0.202421,0.197420
-0.013525,0.437418,0.854695,0.450620,0.399010
0.197450,0.414865,0.820318,0.406635,0.391340
-1.646000,0.083494,0.176922,0.070022,0.102960
0.006544,0.437393,0.854851,0.451079,0.399030
0.719330,0.258781,0.520558,0.240936,0.308080
-0.311260,0.391038,0.771761,0.391302,0.380170
-0.477930,0.350752,0.695413,0.349095,0.355980
-0.419310,0.365449,0.722483,0.366429,0.365460
0.474610,0.353695,0.680889,0.372122,0.356540
-0.861440,0.274527,0.535935,0.282917,0.275350
0.099511,0.430137,0.845271,0.437137,0.397070
1.962600,0.056760,0.116152,0.050624,0.058154
-1.152400,0.204537,0.394606,0.203504,0.205430
0.425150,0.370398,0.713976,0.389481,0.364560
-0.187270,0.416960,0.820727,0.415232,0.392110
0.516160,0.337107,0.651399,0.347758,0.349280
1.534100,0.108731,0.207449,0.105999,0.123010
-0.094560,0.431784,0.845639,0.438148,0.397260
-1.892300,0.080573,0.151674,0.089989,0.066601
-0.184070,0.417565,0.821795,0.415997,0.392340
-1.167500,0.201149,0.386635,0.203183,0.201850
-0.729300,0.298318,0.590619,0.294386,0.305860
0.123490,0.426786,0.840374,0.430070,0.396010
-0.279590,0.398030,0.785390,0.396694,0.383750
-0.604300,0.320961,0.640329,0.313097,0.332450
-0.169300,0.420289,0.826555,0.419606,0.393370
-0.205260,0.413482,0.814495,0.411071,0.390730
-0.705240,0.302260,0.600066,0.295958,0.311190
-1.223700,0.187847,0.356036,0.198110,0.188730
0.822890,0.236943,0.474378,0.238078,0.284430
0.100810,0.429967,0.845029,0.436780,0.397020
0.895690,0.225061,0.448083,0.228327,0.267180
0.356530,0.387575,0.754089,0.395015,0.374470
-0.449210,0.357977,0.708620,0.357649,0.360750
-0.850820,0.276760,0.540598,0.284857,0.277860
1.280700,0.166817,0.318616,0.172024,0.175740
0.096999,0.430463,0.845733,0.437818,0.397170
0.331670,0.392438,0.766767,0.394200,0.377690
-0.256360,0.403013,0.794981,0.400754,0.386140
-0.658640,0.310325,0.618400,0.301535,0.321230
-1.689700,0.081118,0.171252,0.069255,0.095731
-1.292500,0.166723,0.312675,0.172112,0.173080
-0.774200,0.290952,0.572738,0.292319,0.295710
0.282960,0.400845,0.788911,0.393350,0.383380
-0.154550,0.422890,0.831014,0.423307,0.394310
-1.939600,0.077735,0.144388,0.087026,0.060827
-0.761920,0.292997,0.577678,0.292886,0.298510
-0.019259,0.437317,0.854497,0.450263,0.398970
0.065784,0.433988,0.850588,0.445050,0.398180
1.454300,0.126717,0.241191,0.123225,0.138590
0.720110,0.258572,0.520159,0.240860,0.307910
0.527140,0.332445,0.643497,0.340153,0.347280
0.492010,0.346987,0.668660,0.362898,0.353550
-0.321310,0.388771,0.767327,0.389517,0.378970
-0.742250,0.296214,0.585507,0.293750,0.302960
1.234600,0.175654,0.337343,0.183779,0.186210
1.002400,0.208536,0.414247,0.201238,0.241460
-1.163400,0.202074,0.388809,0.203283,0.202810
0.411950,0.374220,0.722264,0.391959,0.366580
1.511500,0.113666,0.216630,0.111100,0.127320
0.737710,0.254089,0.511387,0.239630,0.303980
0.184410,0.417036,0.824348,0.410435,0.392320
-0.347900,0.382660,0.755393,0.384372,0.375610
0.300900,0.397860,0.781150,0.393251,0.381380
-0.318920,0.389312,0.768385,0.389948,0.379260
0.066303,0.433938,0.850521,0.444950,0.398170
1.044700,0.202538,0.401407,0.193838,0.231210
-0.572930,0.327794,0.653442,0.321527,0.338640
0.139140,0.424403,0.836723,0.425056,0.395200
-1.187300,0.196617,0.376025,0.202367,0.197210
0.081372,0.432354,0.848372,0.441740,0.397720
0.597040,0.302059,0.594044,0.288925,0.333900
0.096034,0.430586,0.845907,0.438076,0.397210
-0.020959,0.437277,0.854425,0.450139,0.398960
0.074549,0.433102,0.849394,0.443268,0.397940
-1.275100,0.174129,0.326874,0.183286,0.177000
-0.135780,0.425995,0.836227,0.428074,0.395380
-0.697760,0.303507,0.602999,0.296598,0.312820
0.192930,0.415617,0.821738,0.407915,0.391690
0.140140,0.424247,0.836479,0.424730,0.395140
-0.035923,0.436751,0.853531,0.448696,0.398790
0.732620,0.255344,0.513880,0.239896,0.305120
0.827490,0.236157,0.472597,0.237817,0.283360
-0.109320,0.429895,0.842610,0.434670,0.396670
0.537730,0.327877,0.635873,0.332513,0.345330
-1.499100,0.107697,0.212676,0.100239,0.129730
0.557130,0.319403,0.621966,0.318062,0.341680
0.008271,0.437363,0.854826,0.451059,0.399030
0.214430,0.412045,0.814773,0.402250,0.389970
0.680210,0.270365,0.541707,0.247977,0.316630
0.141330,0.424060,0.836185,0.424340,0.395080
-0.829540,0.281020,0.549783,0.287946,0.282870
0.597910,0.301689,0.593451,0.288329,0.333730
-0.671820,0.307963,0.613190,0.299548,0.318430
0.861720,0.230499,0.459887,0.234401,0.275280
-1.291900,0.169287,0.317195,0.176363,0.173230
-1.000400,0.240418,0.470918,0.234169,0.241930
-0.256740,0.402933,0.794828,0.400685,0.386110
-0.392880,0.371944,0.734745,0.373737,0.369400
-1.218000,0.189266,0.359207,0.199088,0.190060
-1.937800,0.077880,0.144702,0.087246,0.061035
-0.145830,0.424363,0.833503,0.425520,0.394820
0.346180,0.389666,0.759486,0.394741,0.375830
-2.090400,0.058795,0.111608,0.053172,0.044889
0.098427,0.430278,0.845472,0.437432,0.397120
2.040600,0.056512,0.109951,0.056509,0.049756
0.565980,0.315521,0.615675,0.311417,0.339990
0.039358,0.436095,0.853334,0.449086,0.398730
-2.193300,0.046111,0.089984,0.038369,0.036012
0.816250,0.238094,0.476984,0.238385,0.285990
0.032792,0.436476,0.853810,0.449759,0.398830
-0.269670,0.400173,0.789532,0.398397,0.384790
1.137000,0.190441,0.372410,0.190631,0.209070
0.395830,0.378531,0.732026,0.393926,0.368980
-0.128670,0.427102,0.838057,0.429873,0.395750
0.202450,0.414033,0.818720,0.405270,0.390950
-1.628800,0.085010,0.179610,0.071682,0.105920
-0.362210,0.379301,0.748873,0.381268,0.373710
0.396170,0.378444,0.731824,0.393896,0.368930
0.261380,0.404364,0.797679,0.394563,0.385640
0.196960,0.414946,0.820473,0.406771,0.391380
0.183480,0.417191,0.824628,0.410718,0.392380
1.966600,0.056728,0.115844,0.050783,0.057704
-0.059183,0.435309,0.851223,0.445319,0.398350
1.147500,0.189039,0.368911,0.190706,0.206570
-0.680720,0.306408,0.609687,0.298398,0.316520
0.847520,0.232813,0.465049,0.236147,0.278640
-0.877300,0.271059,0.528874,0.279478,0.271580
-0.451060,0.357512,0.707765,0.357098,0.360450
-0.532340,0.337287,0.670980,0.333142,0.346320
0.418910,0.372238,0.717926,0.390756,0.365520
