0.748530,0.484731,0.482667,0.484560,0.534300
2.477100,0.035256,0.020648,0.034229,0.022653
1.522200,0.353638,0.342032,0.353034,0.378260
0.839740,0.501377,0.500616,0.502214,0.556380
0.286240,0.369827,0.361159,0.370683,0.343280
1.560300,0.338280,0.326823,0.337764,0.355870
-1.598700,0.021606,0.019690,0.021485,0.023046
1.749200,0.264886,0.251860,0.264939,0.246770
0.093537,0.294178,0.281434,0.293474,0.265480
1.057600,0.512589,0.515622,0.516031,0.564980
1.484300,0.369243,0.357499,0.368623,0.400140
0.000922,0.259936,0.247824,0.259107,0.233310
1.050100,0.515009,0.518209,0.518505,0.565840
1.115500,0.505946,0.507468,0.509339,0.555620
0.104420,0.298378,0.285630,0.297717,0.269500
0.554460,0.447509,0.446160,0.448203,0.462680
0.859100,0.504532,0.504250,0.505669,0.559800
1.219900,0.477521,0.473399,0.479713,0.526740
1.358400,0.422799,0.412206,0.422935,0.467810
0.389470,0.405644,0.401425,0.407206,0.389220
1.082300,0.511454,0.514071,0.514974,0.561590
0.868640,0.506003,0.505975,0.507293,0.561310
0.484490,0.431920,0.430195,0.433253,0.432060
-0.871700,0.057011,0.053026,0.056265,0.069552
1.552200,0.341519,0.330035,0.340980,0.360640
1.334700,0.432851,0.422972,0.433280,0.479310
2.212600,0.095107,0.074017,0.094004,0.064012
2.223800,0.091827,0.070882,0.090711,0.061488
0.741920,0.483476,0.481382,0.483267,0.532350
1.445400,0.385590,0.373839,0.385058,0.422030
1.720800,0.275840,0.263379,0.275851,0.262520
1.866200,0.219405,0.203137,0.219364,0.186370
0.742330,0.483554,0.481462,0.483347,0.532470
0.639860,0.464173,0.462367,0.464075,0.497370
0.884850,0.508353,0.508779,0.509907,0.563600
0.956600,0.515746,0.518157,0.518417,0.569420
0.151300,0.316777,0.304290,0.316377,0.287370
0.750180,0.485044,0.482989,0.484883,0.534780
1.459500,0.379630,0.367857,0.379052,0.414150
0.310030,0.378650,0.371023,0.379730,0.353690
1.168400,0.493481,0.492413,0.496390,0.542850
0.374650,0.400938,0.396136,0.402451,0.382530
1.238300,0.471060,0.465838,0.472963,0.520140
0.120200,0.304521,0.291807,0.303934,0.275410
0.529460,0.442226,0.440860,0.443174,0.451910
1.069900,0.513032,0.515931,0.516560,0.563410
1.666900,0.296604,0.284885,0.296471,0.293250
1.400800,0.404632,0.393217,0.404359,0.446180
2.061700,0.144948,0.123818,0.144211,0.106440
-0.442240,0.130966,0.120061,0.130465,0.125550
-0.420680,0.136232,0.125369,0.135752,0.129340
1.445700,0.385463,0.373711,0.384930,0.421840
1.082500,0.511426,0.514038,0.514946,0.561560
1.843500,0.228266,0.212700,0.228274,0.197440
1.690900,0.287356,0.275361,0.287296,0.279430
1.492700,0.364006,0.352160,0.363309,0.395320
0.557080,0.448048,0.446694,0.448715,0.463800
0.091320,0.293326,0.280586,0.292615,0.264670
1.018900,0.516784,0.520095,0.520122,0.568470
1.759900,0.260751,0.247484,0.260814,0.240900
-0.617640,0.092630,0.082614,0.091813,0.098701
0.458270,0.425328,0.423155,0.426814,0.420300
1.044900,0.515418,0.518667,0.518897,0.566380
-1.040300,0.045373,0.043711,0.045064,0.054829
0.666470,0.469189,0.467213,0.468945,0.507290
0.762900,0.487453,0.485483,0.487382,0.538380
0.453540,0.424087,0.421814,0.425595,0.418170
0.385230,0.404315,0.399933,0.405864,0.387300
0.891300,0.509230,0.509841,0.510890,0.564410
1.924800,0.196568,0.178495,0.196348,0.159430
0.369870,0.399386,0.394388,0.400878,0.380380
0.741140,0.483328,0.481231,0.483115,0.532120
-0.135720,0.214811,0.203894,0.214177,0.192470
0.675660,0.470921,0.468896,0.470644,0.510590
1.732100,0.271485,0.258812,0.271515,0.256200
-0.051879,0.241758,0.230174,0.240983,0.216610
2.213400,0.094871,0.073791,0.093766,0.063831
0.369340,0.399213,0.394193,0.400703,0.380140
1.549600,0.342561,0.331068,0.342015,0.362200
-1.298200,0.033905,0.032671,0.033820,0.037452
1.940300,0.190562,0.172036,0.190286,0.152720
-0.293150,0.169300,0.158715,0.168843,0.154340
0.132380,0.309301,0.296649,0.308780,0.280050
1.821000,0.237038,0.222146,0.237082,0.208740
2.009800,0.164047,0.143781,0.163503,0.124870
1.113100,0.506406,0.508022,0.509813,0.556110
0.493610,0.434106,0.432493,0.435371,0.436120
1.159100,0.495982,0.495428,0.498998,0.545370
0.541490,0.444802,0.443457,0.445630,0.457120
0.220680,0.344388,0.333308,0.344581,0.315350
1.048200,0.515163,0.518383,0.518654,0.566040
1.324800,0.437005,0.427480,0.437568,0.483950
1.422200,0.395468,0.383833,0.395048,0.434720
1.047200,0.515242,0.518472,0.518729,0.566130
1.621700,0.314107,0.302673,0.313811,0.319670
1.006500,0.517048,0.520286,0.520286,0.569110
0.051161,0.278154,0.265599,0.277346,0.250310
0.769830,0.488760,0.486849,0.488746,0.540280
-0.756690,0.069903,0.062983,0.068972,0.081554
1.760600,0.260481,0.247197,0.260544,0.240520
0.982960,0.516887,0.519831,0.519890,0.569710
0.582050,0.453068,0.451629,0.453477,0.474290
0.580620,0.452785,0.451354,0.453209,0.473700
0.998320,0.517088,0.520246,0.520252,0.569410
1.078600,0.511952,0.514661,0.515477,0.562150
1.667400,0.296412,0.284688,0.296280,0.292990
1.174000,0.491915,0.490530,0.494756,0.541260
0.934240,0.514056,0.515896,0.516402,0.568380
-0.698170,0.078507,0.070075,0.077582,0.088386
0.735960,0.482344,0.480229,0.482106,0.530550
1.705700,0.281656,0.269448,0.281634,0.271040
1.367900,0.418740,0.407914,0.418771,0.463100
1.068600,0.513182,0.516107,0.516710,0.563580
1.639900,0.307040,0.295526,0.306812,0.308990
1.039100,0.515820,0.519109,0.519275,0.566920
-0.142260,0.212799,0.201919,0.212176,0.190700
1.011400,0.516973,0.520247,0.520253,0.568880
1.614600,0.316874,0.305458,0.316551,0.323890
0.467400,0.427677,0.425681,0.429117,0.424410
-1.573100,0.022642,0.020787,0.022541,0.024073
0.860930,0.504819,0.504585,0.505985,0.560100
-0.581940,0.099673,0.089211,0.098926,0.103650
1.078200,0.512005,0.514723,0.515530,0.562220
1.278700,0.455777,0.448311,0.457032,0.504240
1.196000,0.485348,0.482669,0.487894,0.534660
0.844300,0.502139,0.501485,0.503045,0.557230
1.624500,0.313018,0.301574,0.312732,0.318020
0.734910,0.482144,0.480027,0.481902,0.530240
1.728900,0.272719,0.260108,0.272744,0.257990
0.856340,0.504096,0.503742,0.505189,0.559340
2.019900,0.160273,0.139806,0.159690,0.121120
-0.110980,0.222535,0.211456,0.221859,0.199290
2.054000,0.147732,0.126703,0.147022,0.109050
0.441120,0.420753,0.418186,0.422305,0.412570
1.668600,0.295949,0.284213,0.295821,0.292310
2.026500,0.157821,0.137231,0.157213,0.118720
-0.190220,0.198392,0.187719,0.197841,0.178260
0.306800,0.377469,0.369698,0.378520,0.352270
1.049100,0.515091,0.518302,0.518584,0.565940
0.223320,0.345434,0.334432,0.345652,0.316450
0.816820,0.497405,0.496160,0.497916,0.551730
0.421510,0.415255,0.412139,0.416843,0.403710
0.996620,0.517084,0.520222,0.520231,0.569460
1.102800,0.508271,0.510268,0.511731,0.558110
0.650230,0.466129,0.464254,0.465966,0.501290
-1.291100,0.034195,0.032967,0.034108,0.037860
0.935000,0.514123,0.515984,0.516481,0.568430
0.868940,0.506049,0.506029,0.507343,0.561350
0.621300,0.460656,0.458978,0.460698,0.490170
-1.947900,0.010968,0.010037,0.010835,0.012103
1.065900,0.513485,0.516460,0.517011,0.563940
0.550940,0.446781,0.445436,0.447512,0.461180
1.567100,0.335571,0.324134,0.335077,0.351860
0.953630,0.515558,0.517898,0.518188,0.569320
0.426950,0.416809,0.413855,0.418391,0.406160
0.059876,0.281403,0.268791,0.280609,0.253370
0.676110,0.469256,0.467150,0.468905,0.510750
0.968860,0.514648,0.517256,0.517408,0.569680
-0.062740,0.238139,0.226658,0.237381,0.213320
1.452200,0.382711,0.370945,0.382155,0.418230
1.580600,0.330219,0.318811,0.329770,0.343940
0.624270,0.461220,0.459523,0.461239,0.491340
-0.392090,0.143365,0.132572,0.142906,0.134540
0.947500,0.515134,0.517323,0.517677,0.569080
-1.869900,0.012675,0.011487,0.012474,0.014096
0.524030,0.441041,0.439655,0.442041,0.449540
0.949750,0.515295,0.517540,0.517871,0.569180
-0.571730,0.101768,0.091208,0.101041,0.105110
1.323900,0.437381,0.427890,0.437957,0.484380
1.430400,0.391968,0.380279,0.391503,0.430300
0.046575,0.276454,0.263933,0.275640,0.248710
1.474700,0.373248,0.361485,0.372639,0.405570
1.004400,0.517068,0.520288,0.520288,0.569200
0.516220,0.439310,0.437886,0.440383,0.446120
-0.775270,0.067469,0.061054,0.066552,0.079493
2.047500,0.150097,0.129160,0.149410,0.111280
1.869100,0.216523,0.199965,0.216402,0.184960
-0.546410,0.107107,0.096359,0.106433,0.108820
2.011100,0.163560,0.143267,0.163011,0.124380
0.107930,0.299739,0.286995,0.299094,0.270810
1.039500,0.515794,0.519081,0.519251,0.566890
1.491900,0.366087,0.354365,0.365463,0.395750
1.058700,0.514232,0.517324,0.517749,0.564850
-0.525490,0.111666,0.100816,0.111033,0.111980
1.964300,0.181317,0.162129,0.180950,0.142700
0.797840,0.493973,0.492404,0.494246,0.547400
0.538940,0.444262,0.442915,0.445115,0.456010
1.758000,0.261486,0.248262,0.261547,0.241920
-0.877890,0.056454,0.052602,0.055724,0.068953
0.894950,0.509711,0.510428,0.511431,0.564850
1.637400,0.308009,0.296509,0.307772,0.310470
0.829120,0.499564,0.498567,0.500246,0.554300
1.114200,0.506196,0.507770,0.509597,0.555900
0.882480,0.508022,0.508380,0.509538,0.563290
0.651800,0.466425,0.464539,0.466253,0.501880
0.037982,0.273289,0.260835,0.272466,0.245750
0.392150,0.406478,0.402360,0.408046,0.390420
0.347530,0.391917,0.385964,0.393288,0.370350
1.028300,0.516419,0.519742,0.519818,0.567830
0.448160,0.422657,0.420262,0.424185,0.415750
1.362800,0.420920,0.410216,0.421007,0.465640
0.863070,0.505152,0.504974,0.506352,0.560440
1.943900,0.189171,0.170542,0.188882,0.151210
1.965200,0.180972,0.161760,0.180601,0.142340
1.921500,0.197849,0.179875,0.197641,0.160890
1.739300,0.268708,0.255891,0.268749,0.252180
1.138400,0.501085,0.501593,0.504308,0.550590
-0.301020,0.167167,0.156572,0.166713,0.152660
0.618610,0.460143,0.458485,0.460208,0.489110
1.211300,0.480415,0.476813,0.482738,0.529650
0.185190,0.330266,0.318304,0.330129,0.300820
0.765660,0.487974,0.486026,0.487925,0.539140
1.141200,0.500433,0.500805,0.503631,0.549910
0.865900,0.505587,0.505485,0.506832,0.560890
1.015900,0.516871,0.520170,0.520186,0.568650
1.126900,0.503632,0.504673,0.506948,0.553220
1.410400,0.400517,0.388988,0.400173,0.441050
1.633600,0.309483,0.298002,0.309232,0.312700
1.120900,0.504876,0.506176,0.508235,0.554500
0.113900,0.302062,0.289328,0.301443,0.273040
0.661020,0.468162,0.466219,0.467942,0.505300
0.464380,0.426906,0.424855,0.428362,0.423050
1.671800,0.294715,0.282947,0.294598,0.290430
0.354060,0.394136,0.388467,0.395547,0.373270
2.307200,0.069465,0.050073,0.068306,0.045079
0.981310,0.516845,0.519760,0.519829,0.569720
1.177100,0.491029,0.489465,0.493831,0.540380
1.068300,0.513217,0.516147,0.516744,0.563630
1.681700,0.290899,0.279021,0.290813,0.284710
0.705290,0.476521,0.474392,0.476206,0.520800
0.657860,0.467567,0.465643,0.467363,0.504130
-0.112380,0.222093,0.211024,0.221420,0.198900
1.681900,0.290822,0.278942,0.290736,0.284600
2.164600,0.109869,0.088364,0.108844,0.075778
0.794630,0.493383,0.491767,0.493619,0.546630
0.473970,0.429332,0.427449,0.430733,0.427360
0.335160,0.387637,0.381135,0.388922,0.364830
1.636500,0.308358,0.296863,0.308118,0.311010
-0.095599,0.227430,0.216234,0.226727,0.203660
0.837620,0.501020,0.500210,0.501825,0.555980
0.422740,0.415608,0.412529,0.417196,0.404260
1.019200,0.516775,0.520087,0.520114,0.568450
0.696720,0.474898,0.472790,0.474583,0.517920
0.498560,0.435271,0.433710,0.436497,0.438320
0.499230,0.435428,0.433873,0.436648,0.438620
0.431150,0.417994,0.415160,0.419569,0.408070
1.182800,0.489366,0.487471,0.492093,0.538710
1.377800,0.414499,0.403461,0.414429,0.458110
0.102670,0.297700,0.284952,0.297032,0.268850
0.841040,0.501595,0.500865,0.502452,0.556620
1.181300,0.489808,0.488000,0.492555,0.539140
0.427020,0.416829,0.413877,0.418411,0.406200
1.584400,0.328718,0.317315,0.328283,0.341650
0.545040,0.445550,0.444207,0.446341,0.458650
1.464800,0.377399,0.365626,0.376809,0.411170
0.879250,0.507564,0.507831,0.509027,0.562850
0.130440,0.306788,0.293982,0.306183,0.279310
0.002677,0.260558,0.248427,0.259727,0.233890
0.905860,0.511074,0.512109,0.512973,0.566040
1.264500,0.461300,0.454586,0.462782,0.510050
0.187650,0.331247,0.319335,0.331131,0.301810
-0.026080,0.250517,0.238676,0.249708,0.224620
1.557200,0.339518,0.328051,0.338993,0.357730
0.376560,0.401554,0.396829,0.403074,0.383390
1.125700,0.503885,0.504979,0.507211,0.553480
1.597000,0.323760,0.312364,0.323371,0.334230
0.236190,0.350512,0.339920,0.350860,0.321840
-0.493700,0.118829,0.107902,0.118254,0.116980
-0.114110,0.221548,0.210491,0.220877,0.198420
0.458480,0.425382,0.423214,0.426868,0.420400
0.069558,0.285041,0.272376,0.284267,0.256800
-1.188500,0.038464,0.037248,0.038340,0.044182
1.549800,0.342481,0.330988,0.341936,0.362050
0.996040,0.515331,0.518390,0.518400,0.569480
1.500000,0.362738,0.351044,0.362114,0.391130
1.336100,0.432261,0.422335,0.432672,0.478640
1.031400,0.516267,0.519585,0.519684,0.567580
0.288770,0.370778,0.362219,0.371660,0.344380
1.974500,0.177412,0.157960,0.177006,0.138540
1.571000,0.334021,0.322594,0.333540,0.349570
1.329800,0.434911,0.425204,0.435406,0.481630
0.546780,0.445915,0.444571,0.446688,0.459390
-0.059957,0.239062,0.227556,0.238300,0.214160
0.234680,0.349918,0.339276,0.350251,0.321210
2.132700,0.120278,0.098697,0.119326,0.084480
1.379800,0.413642,0.402564,0.413552,0.457060
2.097800,0.132165,0.110697,0.131309,0.094817
0.224910,0.346063,0.335110,0.346297,0.317110
2.164700,0.109837,0.088333,0.108812,0.075746
1.956000,0.184506,0.165540,0.184171,0.146100
1.824200,0.235791,0.220806,0.235831,0.207080
1.071200,0.512879,0.515752,0.516407,0.563220
-0.722690,0.074728,0.066907,0.073792,0.085460
0.021989,0.267467,0.255152,0.266635,0.240310
0.950890,0.515375,0.517648,0.517966,0.569220
0.734070,0.481984,0.479865,0.481738,0.529980
2.264400,0.080482,0.060195,0.079333,0.052978
1.283200,0.453997,0.446303,0.455181,0.502380
0.602610,0.457077,0.455523,0.457285,0.482710
0.144290,0.314001,0.301443,0.313553,0.284640
1.479200,0.371368,0.359613,0.370753,0.403040
1.394500,0.407335,0.396007,0.407113,0.449480
-2.167100,0.006662,0.005218,0.006623,0.007663
0.772070,0.489181,0.487292,0.489187,0.540880
-0.008784,0.256520,0.244505,0.255697,0.230150
1.913500,0.200959,0.183226,0.200778,0.164430
1.325100,0.436880,0.427344,0.437439,0.483780
0.343130,0.390406,0.384258,0.391748,0.368380
0.613660,0.459199,0.457573,0.459306,0.487150
1.164500,0.494545,0.493695,0.497500,0.543920
1.269100,0.459527,0.452564,0.460936,0.508220
1.132700,0.502374,0.503152,0.505645,0.551910
0.736380,0.482423,0.480310,0.482187,0.530680
1.862000,0.221045,0.204908,0.221014,0.188350
1.167200,0.493811,0.492810,0.496734,0.543200
0.509150,0.437714,0.436244,0.438851,0.443000
0.749590,0.484932,0.482874,0.484767,0.534610
0.387520,0.405035,0.400741,0.406590,0.388330
0.500630,0.435754,0.434213,0.436963,0.439240
0.317540,0.381374,0.374083,0.382520,0.357010
1.010200,0.516995,0.520261,0.520265,0.568940
0.398800,0.408523,0.404649,0.410103,0.393430
1.449400,0.383895,0.372135,0.383349,0.419830
0.747820,0.484596,0.482529,0.484421,0.534090
1.080900,0.511645,0.514298,0.515167,0.561810
1.120500,0.504957,0.506274,0.508319,0.554590
0.956710,0.515753,0.518166,0.518426,0.569420
1.814700,0.239491,0.224783,0.239542,0.211950
0.247780,0.355055,0.344865,0.355521,0.326740
-0.116420,0.220821,0.209781,0.220155,0.197770
1.756100,0.262220,0.249040,0.262280,0.242960
0.900980,0.510478,0.511370,0.512297,0.565530
1.351700,0.425653,0.415243,0.425868,0.471140
-0.324180,0.160961,0.150329,0.160514,0.147820
1.892500,0.209140,0.192052,0.209026,0.173990
2.510600,0.030210,0.016662,0.029226,0.019626
0.652940,0.466640,0.464747,0.466462,0.502310
0.130440,0.306788,0.293982,0.306183,0.279310
1.137200,0.501361,0.501926,0.504594,0.550870
0.516120,0.439287,0.437863,0.440361,0.446070
-0.980910,0.048775,0.046591,0.048325,0.059665
1.982700,0.174286,0.154631,0.173847,0.135310
0.955210,0.515660,0.518037,0.518312,0.569370
1.771900,0.256108,0.242553,0.256176,0.234400
0.632990,0.462874,0.461115,0.462825,0.494730
0.665240,0.468957,0.466989,0.468719,0.506840
0.555530,0.447730,0.446378,0.448413,0.463140
0.411280,0.412271,0.408829,0.413863,0.399080
1.525700,0.352213,0.340623,0.351615,0.376180
0.234490,0.349843,0.339195,0.350174,0.321130
2.417400,0.045587,0.029151,0.044491,0.029085
1.525600,0.352254,0.340663,0.351655,0.376260
-0.490770,0.119503,0.108573,0.118933,0.117450
-0.773060,0.067751,0.061276,0.066832,0.079735
1.310100,0.443106,0.434167,0.443879,0.490660
1.819700,0.237544,0.222691,0.237590,0.209360
0.884530,0.508309,0.508725,0.509858,0.563560
0.916220,0.512262,0.513597,0.514328,0.567030
0.912340,0.511830,0.513052,0.513833,0.566680
1.428200,0.392906,0.381230,0.392453,0.431490
0.373490,0.400563,0.395714,0.402071,0.382010
-1.220000,0.037133,0.035927,0.037024,0.042155
0.389060,0.405516,0.401282,0.407076,0.389030
0.102810,0.297755,0.285006,0.297087,0.268900
1.428400,0.391071,0.379270,0.390544,0.431350
1.078700,0.511939,0.514645,0.515464,0.562150
-0.624540,0.091321,0.081410,0.090492,0.097773
0.898130,0.510120,0.510929,0.511892,0.565210
0.817250,0.497482,0.496244,0.497998,0.551820
1.746000,0.266122,0.253165,0.266171,0.248480
1.208600,0.481306,0.477868,0.483669,0.530560
1.706000,0.281541,0.269328,0.281520,0.270840
1.284500,0.453480,0.445721,0.454644,0.501810
-0.738040,0.072490,0.065070,0.071553,0.083674
1.891800,0.209413,0.192347,0.209302,0.174290
1.161800,0.495269,0.494567,0.498255,0.544650
1.236400,0.469993,0.464784,0.471854,0.520830
1.344500,0.428710,0.418513,0.429013,0.474640
1.842300,0.228734,0.213205,0.228745,0.198020
0.639370,0.464080,0.462278,0.463986,0.497180
0.581730,0.453005,0.451568,0.453417,0.474160
0.435380,0.419174,0.416456,0.420740,0.409980
0.616970,0.459831,0.458183,0.459910,0.488460
-0.268890,0.175953,0.165384,0.175482,0.159660
1.791900,0.248354,0.234282,0.248421,0.223790
0.761870,0.487258,0.485280,0.487179,0.538100
1.597400,0.323603,0.312207,0.323215,0.334000
0.612760,0.459026,0.457407,0.459142,0.486780
1.828200,0.234232,0.219128,0.234267,0.205080
-0.202810,0.194707,0.184069,0.194171,0.175130
1.049600,0.515050,0.518256,0.518545,0.565890
1.811900,0.240580,0.225953,0.240635,0.213350
1.417100,0.397648,0.386056,0.397260,0.437470
1.236200,0.470065,0.464868,0.471929,0.520920
0.455880,0.424703,0.422480,0.426200,0.419230
1.492100,0.366004,0.354283,0.365380,0.395670
0.491030,0.433493,0.431850,0.434778,0.434970
-0.741730,0.071966,0.064645,0.071030,0.083251
1.132900,0.502329,0.503098,0.505599,0.551870
1.883700,0.212573,0.195760,0.212486,0.178050
1.014600,0.516903,0.520196,0.520209,0.568710
0.137270,0.311228,0.298610,0.310736,0.281930
0.165190,0.322296,0.309987,0.321996,0.292820
1.203600,0.482933,0.479797,0.485370,0.532220
-0.416500,0.137264,0.126411,0.136788,0.130090
1.274600,0.457387,0.450133,0.458707,0.505980
0.894420,0.509642,0.510343,0.511353,0.564790
0.823230,0.498538,0.497418,0.499136,0.553090
1.000900,0.517087,0.520273,0.520275,0.569330
0.473690,0.429262,0.427374,0.430665,0.427230
0.773730,0.489493,0.487620,0.489514,0.541320
0.962750,0.516099,0.518649,0.518853,0.569580
1.161600,0.495322,0.494632,0.498311,0.544700
0.815530,0.497175,0.495906,0.497669,0.551450
1.578400,0.331089,0.319677,0.330632,0.345190
0.384940,0.404223,0.399830,0.405772,0.387170
1.939600,0.190833,0.172327,0.190560,0.153030
-0.968880,0.049540,0.047213,0.049058,0.060690
0.834050,0.500412,0.499522,0.501165,0.555280
2.610900,0.018063,0.007776,0.017212,0.012586
0.226720,0.346778,0.335881,0.347031,0.317870
-0.090244,0.229151,0.217913,0.228439,0.205210
0.604860,0.457510,0.455943,0.457697,0.483620
-0.460590,0.126566,0.115638,0.126042,0.122420
2.354800,0.058364,0.040156,0.057218,0.037440
-0.509960,0.115131,0.104233,0.114528,0.114390
1.564000,0.336805,0.325359,0.336301,0.353700
1.598400,0.323211,0.311814,0.322826,0.333390
-0.144090,0.212238,0.201368,0.211618,0.190210
0.924870,0.513168,0.514749,0.515370,0.567730
1.554100,0.340758,0.329280,0.340224,0.359560
0.225770,0.346403,0.335476,0.346646,0.317470
1.401600,0.404289,0.392863,0.404010,0.445730
0.337600,0.388489,0.382096,0.389792,0.365920
-1.084300,0.043153,0.041722,0.042924,0.051465
0.491940,0.433710,0.432078,0.434988,0.435380
1.244000,0.468989,0.463434,0.470801,0.518030
2.292100,0.073240,0.053512,0.072082,0.047754
0.372260,0.400164,0.395264,0.401667,0.381460
1.271200,0.458712,0.451638,0.460087,0.507340
-0.473170,0.123595,0.112660,0.123053,0.120320
0.919740,0.512641,0.514076,0.514762,0.567330
1.333500,0.433356,0.423519,0.433801,0.479850
0.379100,0.402369,0.397745,0.403898,0.384540
1.171000,0.492760,0.491545,0.495637,0.542130
0.469260,0.428148,0.426186,0.429578,0.425240
0.968860,0.514648,0.517256,0.517408,0.569680
1.077900,0.512044,0.514769,0.515569,0.562270
0.682640,0.472237,0.470180,0.471942,0.513060
0.932230,0.513874,0.515659,0.516190,0.568250
1.759300,0.260983,0.247730,0.261045,0.241220
0.049559,0.277559,0.265016,0.276749,0.249750
1.164200,0.494626,0.493792,0.497585,0.544020
0.548850,0.446347,0.445003,0.447099,0.460280
0.949210,0.515257,0.517489,0.517825,0.569150
0.966440,0.516285,0.518916,0.519087,0.569650
0.062506,0.282388,0.269761,0.281599,0.254300
-0.258420,0.178862,0.168293,0.178383,0.162010
-0.086076,0.230497,0.219224,0.229778,0.206420
0.850930,0.503227,0.502735,0.504235,0.558410
-0.204470,0.194223,0.183589,0.193690,0.174730
1.133200,0.502263,0.503017,0.505530,0.551800
1.869100,0.216523,0.199965,0.216402,0.184960
1.117600,0.505535,0.506972,0.508916,0.555190
1.072100,0.512771,0.515626,0.516299,0.563100
0.470860,0.428552,0.426617,0.429972,0.425960
1.462000,0.378577,0.366803,0.377993,0.412750
1.547300,0.343484,0.331983,0.342933,0.363560
-1.030300,0.045909,0.044177,0.045578,0.055616
-0.296270,0.168453,0.157864,0.167997,0.153670
0.625840,0.461519,0.459810,0.461524,0.491950
1.561400,0.337841,0.326388,0.337329,0.355220
0.758310,0.486585,0.484580,0.486479,0.537100
0.434260,0.418862,0.416115,0.420432,0.409470
0.502920,0.436285,0.434764,0.437475,0.440250
0.209890,0.340106,0.328722,0.340194,0.310890
1.456000,0.381106,0.369335,0.380538,0.416150
0.316810,0.381111,0.373787,0.382250,0.356690
1.722400,0.275224,0.262734,0.275237,0.261630
-0.389550,0.144007,0.133220,0.143549,0.135020
0.708780,0.477182,0.475049,0.476870,0.521950
1.260900,0.462676,0.456160,0.464216,0.511480
0.357940,0.395441,0.389939,0.396873,0.375020
0.702050,0.475907,0.473785,0.475591,0.519720
0.192290,0.333097,0.321284,0.333022,0.303690
0.700390,0.475592,0.473475,0.475276,0.519160
-0.365050,0.150263,0.139540,0.149815,0.139670
1.841400,0.229085,0.213583,0.229098,0.198480
0.903370,0.510773,0.511735,0.512631,0.565790
0.557680,0.448171,0.446816,0.448832,0.464050
-3.251500,0.000249,0.000027,0.000220,0.000404
0.737930,0.482718,0.480610,0.482489,0.531150
0.804060,0.495109,0.493638,0.495456,0.548870
0.139500,0.312108,0.299508,0.311630,0.282780
0.997930,0.517087,0.520241,0.520247,0.569430
0.864910,0.505435,0.505307,0.506665,0.560730
0.483300,0.431631,0.429889,0.432972,0.431530
0.915840,0.512221,0.513544,0.514280,0.566990
0.420820,0.415056,0.411919,0.416645,0.403400
0.025082,0.268586,0.256243,0.267755,0.241350
-1.055400,0.044588,0.043018,0.044309,0.053652
0.481720,0.431246,0.429482,0.432597,0.430820
1.184000,0.489010,0.487044,0.491722,0.538330
-0.024653,0.251008,0.239153,0.250198,0.225080
0.368750,0.399020,0.393975,0.400507,0.379870
1.802100,0.244392,0.230041,0.244454,0.218450
1.234800,0.472315,0.467301,0.474275,0.521410
0.147180,0.315145,0.302614,0.314716,0.285760
1.334000,0.433146,0.423291,0.433584,0.479640
-0.491230,0.119397,0.108468,0.118826,0.117370
1.116300,0.505790,0.507280,0.509179,0.555470
0.190830,0.332515,0.320670,0.332427,0.303100
-0.078971,0.232805,0.221471,0.232074,0.208490
0.895140,0.509735,0.510458,0.511459,0.564870
1.150700,0.498132,0.498023,0.501237,0.547560
-0.335920,0.157855,0.147200,0.157409,0.145430
1.146900,0.499069,0.499156,0.502213,0.548510
-0.040936,0.245444,0.233753,0.244654,0.219970
0.020342,0.266873,0.254573,0.266041,0.239760
-0.152090,0.209796,0.198969,0.209189,0.188080
1.466200,0.376811,0.365038,0.376217,0.410370
0.937410,0.514333,0.516259,0.516727,0.568570
0.844970,0.502250,0.501613,0.503166,0.557350
1.873300,0.216633,0.200144,0.216574,0.182950
0.594400,0.455487,0.453983,0.455773,0.479380
0.478460,0.430445,0.428633,0.431819,0.429370
1.564400,0.336645,0.325201,0.336143,0.353490
0.802980,0.494913,0.493424,0.495247,0.548620
0.824940,0.498837,0.497752,0.499459,0.553450
0.631530,0.462597,0.460849,0.462559,0.494160
0.908840,0.511427,0.512548,0.513374,0.566340
1.087800,0.510670,0.513139,0.514179,0.560720
1.188300,0.487719,0.485500,0.490373,0.537040
1.205200,0.482416,0.479183,0.484829,0.531690
-1.531600,0.024343,0.022612,0.024268,0.025808
1.321500,0.438382,0.428983,0.438991,0.485470
0.352370,0.393565,0.387823,0.394965,0.372520
1.359500,0.422329,0.411708,0.422453,0.467270
1.084400,0.511161,0.513723,0.514677,0.561260
1.199600,0.484213,0.481318,0.486708,0.533510
0.589700,0.454570,0.453093,0.454903,0.477450
-0.501180,0.117119,0.106203,0.116531,0.115780
0.813510,0.496815,0.495507,0.497282,0.551000
0.187360,0.331131,0.319213,0.331013,0.301690
0.273530,0.365006,0.355808,0.365736,0.337770
1.080700,0.511672,0.514330,0.515194,0.561840
0.396590,0.407847,0.403893,0.409424,0.392430
2.087300,0.135835,0.114442,0.135012,0.098099
0.771090,0.488997,0.487098,0.488994,0.540620
1.440300,0.387754,0.376020,0.387244,0.424820
1.535400,0.348281,0.336731,0.347701,0.370500
1.955400,0.184737,0.165788,0.184404,0.146380
0.364000,0.397458,0.392214,0.398922,0.377740
0.676110,0.469256,0.467150,0.468905,0.510750
1.270800,0.458868,0.451814,0.460249,0.507500
1.627500,0.311852,0.300397,0.311577,0.316260
1.189000,0.487507,0.485246,0.490151,0.536830
-0.037782,0.246515,0.234792,0.245721,0.220950
-0.235370,0.185346,0.174765,0.184847,0.167320
2.011000,0.163598,0.143307,0.163049,0.124420
0.084969,0.290893,0.278168,0.290161,0.262350
1.037200,0.515939,0.519238,0.519386,0.567100
-0.205850,0.193822,0.183192,0.193291,0.174390
1.445800,0.385420,0.373668,0.384887,0.421800
-0.385160,0.145119,0.134344,0.144664,0.135840
0.587070,0.454055,0.452592,0.454414,0.476370
0.578000,0.452266,0.450847,0.452717,0.472610
-1.421900,0.028859,0.027447,0.028801,0.030867
2.190100,0.101887,0.080560,0.100816,0.069334
0.493850,0.434163,0.432552,0.435426,0.436230
-0.415630,0.137479,0.126628,0.137004,0.130240
0.796410,0.493711,0.492121,0.493967,0.547060
1.015400,0.516884,0.520180,0.520195,0.568670
0.940510,0.514592,0.516601,0.517033,0.568740
-2.265900,0.004582,0.002573,0.004498,0.006146
1.005000,0.517063,0.520289,0.520289,0.569180
-0.023014,0.251573,0.239702,0.250762,0.225590
0.702800,0.476049,0.473926,0.475733,0.519970
1.198900,0.484435,0.481582,0.486940,0.533740
0.536060,0.443648,0.442296,0.444530,0.454770
0.760100,0.486924,0.484932,0.486831,0.537610
1.343000,0.429345,0.419195,0.429667,0.475350
1.345500,0.428286,0.418059,0.428577,0.474130
1.585000,0.328482,0.317079,0.328048,0.341300
1.048600,0.515131,0.518347,0.518623,0.565990
0.953320,0.515538,0.517870,0.518164,0.569310
1.689500,0.287895,0.275919,0.287831,0.280240
0.231430,0.348638,0.337889,0.348938,0.319840
-0.251800,0.180713,0.170142,0.180228,0.163520
1.360800,0.421774,0.411120,0.421883,0.466640
2.127000,0.122185,0.100609,0.121247,0.086109
0.383030,0.403619,0.399152,0.405162,0.386310
0.649720,0.466033,0.464161,0.465873,0.501100
1.626200,0.312357,0.300907,0.312078,0.317060
2.061300,0.145092,0.123967,0.144357,0.106580
0.976540,0.516700,0.519531,0.519628,0.569730
1.295500,0.449067,0.440777,0.450060,0.497090
1.990300,0.171399,0.151563,0.170931,0.132310
1.580500,0.330258,0.318850,0.329809,0.343960
1.132000,0.502528,0.503339,0.505805,0.552060
2.155400,0.112824,0.091280,0.111818,0.078216
0.575670,0.451803,0.450393,0.452278,0.471630
-0.957420,0.050296,0.047822,0.049782,0.061679
0.491900,0.433701,0.432068,0.434979,0.435360
0.096072,0.295153,0.282407,0.294459,0.266410
0.913880,0.512003,0.513270,0.514031,0.566820
1.236400,0.469993,0.464784,0.471854,0.520850
0.645090,0.465160,0.463318,0.465028,0.499360
1.615100,0.316679,0.305262,0.316358,0.323590
0.925670,0.513248,0.514851,0.515463,0.567790
1.196300,0.485254,0.482557,0.487796,0.534540
2.494800,0.032525,0.018474,0.031520,0.021001
0.458430,0.425369,0.423200,0.426855,0.420380
1.653500,0.301778,0.290174,0.301599,0.301070
0.755230,0.486002,0.483976,0.485874,0.536230
1.043600,0.515513,0.518772,0.518987,0.566500
0.923450,0.513025,0.514566,0.515205,0.567620
1.260300,0.462904,0.456421,0.464454,0.511750
0.911570,0.511742,0.512943,0.513733,0.566600
-0.495130,0.118501,0.107576,0.117924,0.116750
1.066500,0.513419,0.516383,0.516946,0.563870
1.384400,0.411669,0.400506,0.411535,0.454710
0.936250,0.514233,0.516128,0.516610,0.568500
0.576350,0.451939,0.450526,0.452406,0.471920
0.916590,0.512303,0.513648,0.514374,0.567060
-0.208110,0.193166,0.182541,0.192638,0.173840
-0.162180,0.206742,0.195963,0.206150,0.185430
-1.232300,0.036619,0.035414,0.036515,0.041389
1.655300,0.301082,0.289465,0.300910,0.300040
0.767520,0.488325,0.486393,0.488291,0.539650
-0.101950,0.225400,0.214254,0.224708,0.201850
0.682680,0.472245,0.470188,0.471950,0.513080
1.665800,0.297029,0.285320,0.296892,0.293910
1.146100,0.499264,0.499391,0.502415,0.548710
1.076200,0.512263,0.515028,0.515790,0.562510
0.447650,0.422520,0.420113,0.424050,0.415520
0.593870,0.455384,0.453883,0.455675,0.479160
1.420000,0.396408,0.384791,0.396002,0.435920
1.266600,0.460493,0.453664,0.461941,0.509220
1.518300,0.355228,0.343606,0.354619,0.380520
0.959160,0.515899,0.518369,0.518605,0.569490
1.634300,0.309211,0.297727,0.308963,0.312310
0.321220,0.382698,0.375571,0.383874,0.358630
0.797970,0.493997,0.492430,0.494271,0.547430
1.050000,0.515017,0.518219,0.518513,0.565840
-0.484100,0.121045,0.110110,0.120486,0.118530
1.152600,0.497655,0.497447,0.500741,0.547070
1.012500,0.516951,0.520232,0.520240,0.568830
1.519200,0.354861,0.343243,0.354253,0.379960
1.873200,0.216672,0.200186,0.216613,0.183000
0.161360,0.320772,0.308410,0.320444,0.291310
-0.202550,0.194782,0.184144,0.194247,0.175200
-0.304760,0.166158,0.155558,0.165705,0.151870
1.143200,0.499960,0.500233,0.503140,0.549430
1.533600,0.349009,0.337452,0.348425,0.371600
1.232100,0.473276,0.468422,0.475278,0.522390
0.855630,0.503983,0.503610,0.505064,0.559220
0.850700,0.503189,0.502692,0.504194,0.558370
-0.632360,0.089860,0.080076,0.089017,0.096730
0.112190,0.301396,0.288658,0.300769,0.272400
0.395910,0.407638,0.403660,0.409214,0.392130
0.353400,0.393913,0.388216,0.395320,0.372980
0.343850,0.390654,0.384538,0.392001,0.368700
0.088474,0.292234,0.279500,0.291514,0.263630
-0.008762,0.256528,0.244512,0.255704,0.230160
1.281200,0.454790,0.447196,0.456005,0.503230
2.237800,0.087818,0.067077,0.086687,0.058443
0.190650,0.332443,0.320595,0.332354,0.303020
0.656170,0.467248,0.465335,0.467053,0.503510
1.745200,0.266431,0.253491,0.266479,0.248950
-1.117900,0.041574,0.040253,0.041391,0.049016
0.149610,0.316107,0.303602,0.315695,0.286710
1.794900,0.247189,0.233036,0.247255,0.222230
-0.377090,0.147174,0.136420,0.146722,0.137370
-0.170750,0.204168,0.193426,0.203590,0.183200
1.645200,0.304988,0.293442,0.304779,0.305920
1.142100,0.500221,0.500549,0.503411,0.549690
1.892800,0.209023,0.191926,0.208908,0.173820
1.450000,0.383641,0.371880,0.383093,0.419460
1.161900,0.495243,0.494535,0.498227,0.544630
0.716990,0.478740,0.476600,0.478440,0.524620
1.839100,0.229982,0.214551,0.229999,0.199610
0.632950,0.462866,0.461108,0.462818,0.494710
2.450800,0.039591,0.024166,0.038531,0.025315
-0.047910,0.243090,0.231468,0.242310,0.217820
-0.573090,0.101487,0.090939,0.100757,0.104910
0.908900,0.511434,0.512557,0.513382,0.566350
-1.212000,0.037469,0.036262,0.037356,0.042663
0.350580,0.392957,0.387137,0.394347,0.371710
0.181610,0.328838,0.316806,0.328671,0.299380
-0.303280,0.166557,0.155959,0.166104,0.152180
1.204100,0.482772,0.479605,0.485202,0.532050
0.654510,0.466936,0.465033,0.466749,0.502890
1.018600,0.516794,0.520103,0.520129,0.568490
1.529200,0.350792,0.339216,0.350200,0.374160
0.758470,0.486615,0.484612,0.486510,0.537150
0.731730,0.481540,0.479415,0.481284,0.529260
0.711820,0.477759,0.475622,0.477450,0.522950
0.449720,0.423074,0.420715,0.424596,0.416450
0.318510,0.381724,0.374476,0.382877,0.357440
1.219800,0.477555,0.473439,0.479749,0.526760
0.976030,0.516682,0.519504,0.519604,0.569730
1.052500,0.514805,0.517978,0.518308,0.565570
2.181900,0.104419,0.083024,0.103362,0.071370
1.455500,0.381317,0.369547,0.380751,0.416410
0.448860,0.422844,0.420465,0.424370,0.416060
0.253990,0.357474,0.347512,0.358005,0.329380
-0.950220,0.050786,0.048213,0.050252,0.062308
1.746100,0.266083,0.253124,0.266133,0.248450
0.200840,0.336504,0.324889,0.336507,0.307170
1.297300,0.448338,0.439964,0.449303,0.496350
0.064355,0.283082,0.270444,0.282297,0.254950
-0.950260,0.050783,0.048211,0.050250,0.062305
0.472350,0.428926,0.427017,0.430338,0.426630
0.300250,0.375057,0.366996,0.376048,0.349390
1.178900,0.490509,0.488841,0.493287,0.539850
0.476810,0.430038,0.428200,0.431421,0.428630
0.941650,0.514685,0.516723,0.517142,0.568800
-0.695260,0.078972,0.070471,0.078049,0.088740
1.281400,0.454711,0.447107,0.455923,0.503140
-3.701700,0.000249,0.000027,0.000220,0.000084
1.781000,0.252582,0.238797,0.252652,0.229530
1.500600,0.362491,0.350798,0.361867,0.390760
1.075900,0.512301,0.515073,0.515828,0.562560
1.094300,0.509677,0.511954,0.513169,0.559620
-1.446200,0.027863,0.026391,0.027806,0.029684
1.369700,0.417969,0.407102,0.417981,0.462170
0.851440,0.503309,0.502831,0.504325,0.558500
0.866840,0.505730,0.505654,0.506991,0.561030
1.226800,0.475139,0.470603,0.477225,0.524310
0.521880,0.440567,0.439173,0.441588,0.448590
1.373600,0.416299,0.405347,0.416271,0.460240
0.392990,0.406738,0.402651,0.408308,0.390800
0.903460,0.510784,0.511748,0.512643,0.565800
1.270900,0.458829,0.451770,0.460209,0.507470
-1.943400,0.011060,0.010120,0.010923,0.012212
1.235500,0.472065,0.467009,0.474013,0.521190
-0.119270,0.219927,0.208906,0.219265,0.196980
0.786970,0.491967,0.490246,0.492118,0.544740
-0.075485,0.233943,0.222579,0.233206,0.209520
1.437700,0.388859,0.377135,0.388360,0.426270
0.463960,0.426799,0.424739,0.428257,0.422860
0.306090,0.377209,0.369406,0.378254,0.351960
0.218090,0.343362,0.332206,0.343529,0.314280
0.826090,0.499038,0.497977,0.499676,0.553690
0.592130,0.455045,0.453554,0.455353,0.478440
2.101200,0.130985,0.109497,0.130120,0.093772
0.283390,0.368751,0.359963,0.369580,0.342040
1.722900,0.275031,0.262532,0.275046,0.261320
1.350200,0.426291,0.415924,0.426523,0.471850
1.487900,0.367747,0.356013,0.367124,0.398090
-0.399090,0.141603,0.130792,0.141140,0.133250
-0.416420,0.137284,0.126431,0.136808,0.130100
2.048100,0.149878,0.128932,0.149189,0.111080
0.050945,0.278073,0.265521,0.277265,0.250230
0.561730,0.448998,0.447635,0.449617,0.465770
0.528200,0.441952,0.440582,0.442912,0.451360
-1.694200,0.017939,0.016005,0.017739,0.019508
1.199200,0.484340,0.481469,0.486841,0.533640
1.090700,0.510236,0.512622,0.513738,0.560240
-0.446590,0.129916,0.119005,0.129410,0.124800
1.895900,0.207814,0.190621,0.207690,0.172410
1.207900,0.481535,0.478140,0.483909,0.530780
-0.975200,0.049135,0.046884,0.048669,0.060150
1.532400,0.349495,0.337933,0.348909,0.372270
0.495900,0.434647,0.433059,0.435894,0.437140
0.218650,0.343584,0.332444,0.343756,0.314510
0.138580,0.311745,0.299137,0.311261,0.282430
1.234300,0.472494,0.467509,0.474461,0.521630
2.207100,0.096741,0.075587,0.095645,0.065296
0.712520,0.477891,0.475754,0.477584,0.523170
1.755100,0.262607,0.249449,0.262665,0.243500
0.052879,0.278792,0.266226,0.277987,0.250910
-0.133600,0.215466,0.204537,0.214829,0.193040
0.655370,0.467098,0.465189,0.466906,0.503210
0.373970,0.400719,0.395889,0.402228,0.382220
-0.428690,0.134264,0.123384,0.133777,0.127920
-0.467580,0.124911,0.113977,0.124377,0.121250
0.699940,0.475507,0.473391,0.475191,0.519010
0.395100,0.407389,0.403381,0.408963,0.391760
0.450720,0.423340,0.421004,0.424859,0.416900
-0.047083,0.243368,0.231738,0.242587,0.218080
2.189700,0.102010,0.080679,0.100939,0.069444
0.374780,0.400980,0.396183,0.402493,0.382590
-0.281480,0.172486,0.161910,0.172022,0.156880
-1.087300,0.043008,0.041589,0.042784,0.051244
0.229490,0.347872,0.337062,0.348153,0.319030
2.361800,0.056833,0.038813,0.055692,0.036420
-0.341120,0.156488,0.145821,0.156042,0.144380
0.872220,0.506539,0.506610,0.507887,0.561840
-0.006897,0.257182,0.245147,0.256357,0.230770
1.137600,0.501269,0.501816,0.504499,0.550760
0.801470,0.494638,0.493125,0.494953,0.548260
1.624700,0.312940,0.301496,0.312655,0.317950
1.315900,0.440709,0.431531,0.441398,0.488030
0.249340,0.355664,0.345530,0.356146,0.327400
0.880240,0.507705,0.508000,0.509184,0.562980
0.710470,0.477502,0.475367,0.477192,0.522500
1.185700,0.488503,0.486437,0.491192,0.537810
0.194280,0.333890,0.322122,0.333833,0.304500
0.727110,0.480662,0.478528,0.480389,0.527830
0.395650,0.407559,0.403570,0.409133,0.392010
0.363760,0.397378,0.392124,0.398841,0.377630
0.008266,0.262544,0.250358,0.261712,0.235730
-0.210590,0.192448,0.181828,0.191922,0.173230
-1.433700,0.028376,0.026935,0.028319,0.030284
0.893740,0.509553,0.510235,0.511253,0.564710
2.244100,0.086047,0.065406,0.084911,0.057120
1.522100,0.353678,0.342073,0.353074,0.378310
1.057500,0.514348,0.517457,0.517863,0.564990
-0.381130,0.146144,0.135379,0.145690,0.136600
1.161000,0.495482,0.494824,0.498477,0.544860
0.430700,0.417867,0.415021,0.419444,0.407860
1.371700,0.417113,0.406202,0.417104,0.461180
0.810620,0.496296,0.494937,0.496725,0.550360
0.367890,0.398738,0.393658,0.400222,0.379490
0.992780,0.517057,0.520147,0.520165,0.569560
0.260890,0.360148,0.350448,0.360750,0.332330
0.899160,0.510250,0.511089,0.512039,0.565330
0.289320,0.370984,0.362449,0.371871,0.344610
1.092100,0.510021,0.512365,0.513519,0.560000
1.630700,0.310609,0.299140,0.310346,0.314420
-0.161600,0.206917,0.196135,0.206324,0.185580
-1.211400,0.037494,0.036287,0.037381,0.042704
1.101000,0.508579,0.510638,0.512046,0.558420
-0.240840,0.183797,0.173221,0.183303,0.166040
1.169500,0.493177,0.492047,0.496073,0.542560
1.665700,0.297067,0.285360,0.296930,0.294000
0.005339,0.261502,0.249346,0.260671,0.234760
-0.266100,0.176726,0.166157,0.176253,0.160280
0.325920,0.384376,0.377460,0.385590,0.360720
0.267140,0.362557,0.353102,0.363223,0.335010
1.026600,0.516496,0.519819,0.519884,0.567950
0.520190,0.440194,0.438791,0.441230,0.447860
0.977140,0.516720,0.519562,0.519655,0.569730
0.582170,0.453092,0.451653,0.453500,0.474340
1.922100,0.197616,0.179624,0.197406,0.160620
-0.280380,0.172788,0.162213,0.172323,0.157120
1.776800,0.254210,0.240532,0.254279,0.231800
0.955380,0.515670,0.518052,0.518325,0.569380
0.452560,0.423828,0.421534,0.425340,0.417730
-0.164510,0.206040,0.195272,0.205453,0.184820
-0.101850,0.225432,0.214285,0.224740,0.201880
0.217440,0.343104,0.331929,0.343265,0.314010
1.718100,0.276881,0.264467,0.276886,0.264020
0.030848,0.270681,0.258287,0.269853,0.243310
0.727070,0.480654,0.478521,0.480381,0.527820
1.143000,0.500008,0.500291,0.503189,0.549480
0.550320,0.446652,0.445307,0.447390,0.460910
0.411470,0.412327,0.408891,0.413919,0.399160
1.717500,0.277112,0.264709,0.277116,0.264330
1.907200,0.203411,0.185870,0.203251,0.167280
0.325060,0.384070,0.377115,0.385277,0.360340
1.358000,0.422969,0.412387,0.423110,0.468040
0.976220,0.516689,0.519514,0.519613,0.569730
0.463820,0.426763,0.424701,0.428222,0.422800
0.893110,0.509470,0.510134,0.511160,0.564630
1.914900,0.200415,0.182639,0.200229,0.163810
1.072500,0.512723,0.515569,0.516251,0.563040
1.175400,0.491517,0.490051,0.494340,0.540850
-0.862840,0.057830,0.053648,0.057063,0.070414
2.091700,0.134292,0.112865,0.133455,0.096711
0.603910,0.457327,0.455766,0.457523,0.483240
0.315530,0.380648,0.373267,0.381777,0.356120
0.299390,0.374739,0.366640,0.375722,0.349020
1.206100,0.482123,0.478836,0.484524,0.531390
1.013900,0.516920,0.520209,0.520220,0.568750
0.780690,0.490797,0.488999,0.490884,0.543140
0.188730,0.331677,0.319788,0.331571,0.302250
1.434100,0.390391,0.378683,0.389909,0.428250
0.809760,0.496141,0.494767,0.496560,0.550170
0.042331,0.274888,0.262399,0.274069,0.247240
0.742070,0.483505,0.481411,0.483297,0.532390
1.557100,0.339558,0.328091,0.339033,0.357750
1.359900,0.422159,0.411527,0.422278,0.467090
0.687470,0.473149,0.471072,0.472845,0.514750
-1.651100,0.019544,0.017570,0.019379,0.021050
1.957800,0.183813,0.164799,0.183471,0.145360
-0.005755,0.257583,0.245537,0.256757,0.231140
0.580220,0.452706,0.451276,0.453134,0.473530
0.168580,0.323645,0.311388,0.323372,0.294170
1.187600,0.487931,0.485753,0.490594,0.537260
1.416800,0.397776,0.386187,0.397390,0.437670
1.660400,0.299113,0.287453,0.298958,0.297040
1.574600,0.332593,0.321174,0.332124,0.347460
-0.642230,0.088048,0.078435,0.087189,0.095432
1.430200,0.392053,0.380366,0.391590,0.430360
1.126400,0.503738,0.504801,0.507058,0.553320
-0.238020,0.184595,0.174016,0.184098,0.166700
1.612300,0.317771,0.306360,0.317440,0.325200
0.809170,0.496035,0.494650,0.496446,0.550040
1.428400,0.391071,0.379270,0.390544,0.431380
0.172780,0.325318,0.313129,0.325078,0.295840
1.363600,0.420578,0.409854,0.420656,0.465250
1.688000,0.288473,0.276516,0.288404,0.281100
-2.045100,0.009079,0.008150,0.009023,0.009937
0.782380,0.491112,0.489335,0.491216,0.543580
0.431940,0.418215,0.415404,0.419789,0.408420
0.434970,0.419060,0.416332,0.420627,0.409790
0.910980,0.511675,0.512858,0.513656,0.566550
0.915860,0.512223,0.513547,0.514282,0.567000
-0.208000,0.193198,0.182572,0.192669,0.173860
1.287300,0.452364,0.444466,0.453484,0.500630
1.492700,0.364006,0.352160,0.363309,0.395300
-0.045643,0.243854,0.232209,0.243070,0.218520
0.268730,0.363168,0.353776,0.363849,0.335700
1.796700,0.246490,0.232288,0.246555,0.221240
0.001529,0.260151,0.248032,0.259321,0.233510
0.733020,0.481785,0.479663,0.481534,0.529660
0.239900,0.351970,0.341503,0.352356,0.323410
1.248000,0.467517,0.461731,0.469265,0.516520
-0.686480,0.080396,0.071691,0.079481,0.089815
0.675230,0.470840,0.468817,0.470564,0.510440
0.043181,0.275201,0.262706,0.274383,0.247540
1.757400,0.261718,0.248508,0.261778,0.242250
1.080200,0.511739,0.514409,0.515262,0.561920
0.083249,0.290237,0.277516,0.289499,0.261730
1.084600,0.511132,0.513689,0.514648,0.561240
3.099700,0.000417,0.000011,0.000332,0.001234
0.353950,0.394099,0.388425,0.395509,0.373220
0.228980,0.347671,0.336845,0.347946,0.318820
0.996040,0.515331,0.518390,0.518400,0.569480
0.807860,0.495798,0.494391,0.496193,0.549740
0.317930,0.381515,0.374241,0.382664,0.357180
1.027000,0.516478,0.519802,0.519869,0.567920
1.694700,0.285892,0.273846,0.285843,0.277310
1.454100,0.381908,0.370140,0.381346,0.417210
0.638570,0.463929,0.462132,0.463840,0.496880
1.137400,0.501315,0.501871,0.504547,0.550810
1.289700,0.451403,0.443389,0.452485,0.499630
-1.584100,0.022195,0.020312,0.022086,0.023627
0.096605,0.295358,0.282612,0.294666,0.266610
1.232000,0.473311,0.468463,0.475315,0.522460
1.236200,0.470065,0.464868,0.471929,0.520930
1.057600,0.512589,0.515622,0.516031,0.564980
1.222700,0.476561,0.472270,0.478710,0.525750
0.951030,0.515384,0.517661,0.517978,0.569230
1.517900,0.355391,0.343768,0.354782,0.380720
1.263900,0.461530,0.454849,0.463022,0.510290
-0.229960,0.186885,0.176297,0.186380,0.168590
0.769780,0.488750,0.486839,0.488736,0.540270
0.213580,0.341572,0.330288,0.341695,0.312410
1.077800,0.512057,0.514785,0.515582,0.562280
0.736340,0.482416,0.480303,0.482180,0.530670
1.097700,0.509129,0.511298,0.512609,0.559020
0.636380,0.463515,0.461733,0.463442,0.496030
1.189600,0.487324,0.485028,0.489960,0.536650
0.894210,0.509614,0.510310,0.511322,0.564760
0.524520,0.441148,0.439765,0.442144,0.449750
-0.748300,0.071049,0.063903,0.070114,0.082502
0.543060,0.445133,0.443790,0.445945,0.457790
1.315400,0.440916,0.431758,0.441613,0.488250
-1.352900,0.031675,0.030386,0.031604,0.034413
-0.475540,0.123039,0.112104,0.122494,0.119930
1.401300,0.404418,0.392996,0.404141,0.445880
0.968430,0.516378,0.519050,0.519206,0.569670
1.366700,0.419253,0.408455,0.419297,0.463680
-0.252620,0.180483,0.169913,0.179999,0.163330
0.422570,0.415559,0.412475,0.417147,0.404180
1.268800,0.459643,0.452696,0.461056,0.508330
0.447040,0.422356,0.419935,0.423889,0.415240
-0.132950,0.215667,0.204734,0.215029,0.193220
1.183100,0.489277,0.487364,0.492001,0.538620
0.869390,0.506116,0.506109,0.507418,0.561420
1.308700,0.443682,0.434802,0.444476,0.491280
-0.636070,0.089175,0.079453,0.088325,0.096241
0.298350,0.374353,0.366209,0.375327,0.348560
1.848500,0.226315,0.210596,0.226313,0.194930
-0.242020,0.183464,0.172888,0.182971,0.165770
0.973910,0.516606,0.519387,0.519502,0.569720
0.427540,0.416976,0.414040,0.418558,0.406430
1.036100,0.516006,0.519310,0.519447,0.567200
1.225400,0.475627,0.471174,0.477734,0.524790
1.045600,0.515365,0.518609,0.518847,0.566300
1.309700,0.443270,0.434348,0.444050,0.490850
0.521980,0.440589,0.439195,0.441609,0.448640
0.869750,0.506170,0.506173,0.507478,0.561480
0.766830,0.488195,0.486257,0.488155,0.539460
-0.115010,0.221265,0.210214,0.220596,0.198170
0.474060,0.429354,0.427473,0.430755,0.427400
0.422660,0.415585,0.412504,0.417173,0.404230
0.582320,0.453121,0.451681,0.453528,0.474400
1.342100,0.429726,0.419605,0.430060,0.475790
1.454500,0.381739,0.369970,0.381176,0.416950
0.484740,0.431981,0.430259,0.433312,0.432170
-1.413800,0.029191,0.027796,0.029132,0.031268
1.183700,0.489099,0.487151,0.491815,0.538420
0.690310,0.473686,0.471598,0.473377,0.515730
1.862400,0.220889,0.204739,0.220857,0.188170
-0.410980,0.138633,0.127793,0.138162,0.131080
1.986800,0.172727,0.152973,0.172273,0.133680
1.307100,0.444339,0.435528,0.445157,0.491980
-0.172740,0.203574,0.192839,0.202998,0.182690
1.947800,0.187665,0.168927,0.187361,0.149530
1.506900,0.359897,0.348229,0.359277,0.387090
1.241600,0.469864,0.464449,0.471715,0.518910
2.195800,0.100145,0.078872,0.099065,0.067973
1.163500,0.494815,0.494019,0.497781,0.544210
-0.105680,0.224213,0.213096,0.223528,0.200790
0.561190,0.448888,0.447526,0.449513,0.465540
