-1.195700,0.288333,0.291583,0.291792,0.299380
-0.367030,0.213351,0.211450,0.212039,0.178390
-1.058200,0.286753,0.288707,0.289473,0.291320
1.594300,0.218332,0.214577,0.219531,0.241160
0.078460,0.205473,0.205536,0.205553,0.235030
-0.671940,0.241491,0.236290,0.240569,0.209790
0.133590,0.205057,0.205040,0.205065,0.225370
-0.825510,0.262412,0.258305,0.262810,0.248000
-0.853580,0.266174,0.262633,0.266864,0.254660
-0.853750,0.266197,0.262660,0.266889,0.254700
-2.117700,0.086566,0.063982,0.084924,0.092919
-1.212100,0.287654,0.290748,0.291148,0.299320
1.028500,0.244557,0.245218,0.245880,0.287640
-1.427100,0.260947,0.255094,0.263759,0.278610
-0.512610,0.223610,0.219977,0.222111,0.179860
-0.745880,0.251436,0.246334,0.251075,0.228160
-0.685300,0.243238,0.238002,0.242405,0.213030
0.554470,0.210354,0.208426,0.209149,0.185580
-1.193900,0.288395,0.291658,0.291850,0.299370
1.644000,0.211130,0.206160,0.212244,0.227620
-1.707600,0.189581,0.165482,0.189611,0.209260
0.753720,0.224197,0.221856,0.223830,0.230150
0.447070,0.206200,0.204900,0.205062,0.175360
1.406200,0.239198,0.239143,0.240739,0.282150
-1.176200,0.288888,0.292227,0.292290,0.299170
0.871810,0.233997,0.232631,0.234434,0.258830
-1.645400,0.207226,0.186332,0.207889,0.227220
0.089557,0.205390,0.205443,0.205462,0.233400
-1.508000,0.243298,0.231754,0.245400,0.262350
-0.891170,0.271003,0.268364,0.272093,0.263120
0.194890,0.204623,0.204435,0.204461,0.211430
0.335060,0.204434,0.203687,0.203688,0.182240
-0.224940,0.208482,0.207662,0.207734,0.204230
1.141800,0.248228,0.249826,0.249879,0.298030
-1.062200,0.286969,0.289012,0.289720,0.291760
-1.566100,0.228765,0.213038,0.230273,0.248450
1.011500,0.243672,0.244128,0.244920,0.285250
-0.037617,0.206284,0.206245,0.206250,0.239300
1.156500,0.248391,0.250042,0.250064,0.298630
1.055100,0.245780,0.246734,0.247206,0.290950
1.153300,0.248362,0.250003,0.250031,0.298520
-1.714900,0.187493,0.163080,0.187453,0.207100
-0.011759,0.206106,0.206121,0.206128,0.240490
1.754900,0.191761,0.183614,0.192641,0.195150
1.210900,0.248322,0.250013,0.250039,0.299330
-0.500210,0.222498,0.219028,0.220992,0.178570
0.942610,0.239357,0.238905,0.240245,0.273610
0.633870,0.215067,0.212742,0.214062,0.200980
0.650650,0.216221,0.213842,0.215285,0.204780
1.332300,0.244263,0.245181,0.245914,0.292130
-1.210100,0.287747,0.290864,0.291237,0.299330
1.477900,0.232524,0.231239,0.233936,0.268850
-0.875700,0.269051,0.266023,0.269975,0.259710
-1.218200,0.287352,0.290367,0.290855,0.299230
-0.611180,0.233955,0.229159,0.232707,0.196090
-0.967660,0.279644,0.279157,0.281536,0.278190
-0.181690,0.207707,0.207121,0.207153,0.214580
-1.338700,0.275824,0.275087,0.279161,0.291430
0.247820,0.204357,0.203977,0.203993,0.198900
-1.085900,0.288053,0.290580,0.290980,0.294150
-2.538600,0.030993,0.019852,0.030125,0.024846
-0.448490,0.218346,0.215537,0.216859,0.175390
-0.862760,0.267379,0.264045,0.268166,0.256780
-1.379300,0.269622,0.266738,0.272756,0.286240
-0.044565,0.206332,0.206276,0.206282,0.238780
0.730350,0.222287,0.219872,0.221772,0.224240
-1.498700,0.245495,0.234626,0.247687,0.264410
-1.689400,0.194777,0.171521,0.194987,0.214600
1.508000,0.229236,0.227365,0.230592,0.262340
-0.546820,0.226903,0.222830,0.225453,0.184390
1.330500,0.244362,0.245300,0.246015,0.292320
0.811400,0.229015,0.227034,0.229037,0.244570
-0.723540,0.248372,0.243161,0.247825,0.222530
1.240400,0.247833,0.249442,0.249553,0.298680
-0.927610,0.275356,0.273709,0.276833,0.270700
-1.984800,0.115024,0.088679,0.113411,0.127210
-1.608700,0.217382,0.198761,0.218437,0.237330
-1.705500,0.190181,0.166175,0.190232,0.209880
-0.148950,0.207264,0.206834,0.206850,0.222090
2.016800,0.140816,0.123396,0.141139,0.118490
1.121600,0.247881,0.249378,0.249494,0.296910
-0.995760,0.282273,0.282598,0.284442,0.282860
-0.521900,0.224471,0.220717,0.222982,0.180960
-1.284300,0.282332,0.283806,0.285827,0.296400
-0.589620,0.231475,0.226897,0.230143,0.191780
0.904100,0.236531,0.235566,0.237181,0.265880
-1.391200,0.267597,0.264014,0.270659,0.284490
-1.352200,0.273886,0.272479,0.277163,0.289840
1.600000,0.217539,0.213649,0.218728,0.239650
-1.037300,0.285481,0.286931,0.288028,0.288790
-0.959080,0.278776,0.278038,0.280580,0.276670
1.364500,0.242291,0.242825,0.243897,0.288280
-0.183590,0.207736,0.207141,0.207173,0.214130
1.214000,0.248285,0.249971,0.250004,0.299290
0.143380,0.204984,0.204944,0.204970,0.223300
-0.440440,0.217769,0.215059,0.216292,0.175240
0.947470,0.239695,0.239309,0.240611,0.274530
-0.909550,0.273246,0.271096,0.274531,0.267030
-1.343400,0.275163,0.274198,0.278480,0.290890
1.313000,0.245268,0.246383,0.246941,0.294070
-1.315600,0.278845,0.279146,0.282266,0.293830
0.372380,0.204771,0.203853,0.203871,0.177890
0.424780,0.205657,0.204477,0.204578,0.175230
1.842400,0.176697,0.165833,0.177467,0.168720
1.888400,0.167631,0.155144,0.168304,0.154960
-1.004000,0.282977,0.283535,0.285224,0.284140
0.516100,0.208569,0.206869,0.207345,0.180260
1.208800,0.248344,0.250039,0.250061,0.299350
0.283290,0.204290,0.203767,0.203773,0.191240
-2.488100,0.035449,0.023289,0.034505,0.029872
-1.501500,0.244838,0.233765,0.247003,0.263800
1.538000,0.225687,0.223194,0.226988,0.255380
1.321700,0.244832,0.245861,0.246495,0.293230
0.729010,0.222178,0.219760,0.221656,0.223900
0.591890,0.212411,0.210276,0.211274,0.192210
-0.494140,0.221971,0.218579,0.220462,0.178000
-1.674600,0.198988,0.176476,0.199347,0.218880
-1.604600,0.218499,0.200146,0.219597,0.238420
0.874460,0.234209,0.232875,0.234665,0.259430
1.714200,0.199918,0.193062,0.200914,0.207300
1.910000,0.163261,0.149980,0.163885,0.148590
-1.693500,0.193608,0.170155,0.193777,0.213390
1.536100,0.225919,0.223468,0.227224,0.255820
2.050400,0.133545,0.114795,0.133752,0.109610
-2.554300,0.029702,0.018863,0.028855,0.023426
0.917050,0.237508,0.236713,0.238241,0.268570
-1.137700,0.289200,0.292421,0.292440,0.297830
-0.804700,0.259567,0.255110,0.259755,0.242920
-1.311600,0.279330,0.279796,0.282763,0.294190
-0.587900,0.231282,0.226723,0.229944,0.191450
-1.541300,0.235128,0.221169,0.236895,0.254590
1.007300,0.243441,0.243845,0.244670,0.284630
1.366600,0.242149,0.242656,0.243753,0.288000
0.884110,0.234977,0.233759,0.235496,0.261570
-0.771410,0.254966,0.250080,0.254834,0.234610
0.265670,0.204309,0.203858,0.203869,0.194920
-0.290610,0.210214,0.208965,0.209180,0.189790
2.073000,0.128622,0.108988,0.128745,0.103850
-0.095093,0.206721,0.206508,0.206515,0.232530
-0.032488,0.206248,0.206221,0.206227,0.239640
-1.441500,0.258063,0.251243,0.260762,0.276020
-2.028400,0.105043,0.079766,0.103378,0.115390
0.595980,0.212654,0.210498,0.211528,0.193010
-1.463800,0.253366,0.244998,0.255878,0.271730
-1.640500,0.208596,0.187991,0.209312,0.228570
-1.832400,0.154266,0.126789,0.153272,0.171740
1.905200,0.164238,0.151135,0.164873,0.149990
1.245900,0.246562,0.248100,0.248233,0.298480
-1.173700,0.288940,0.292283,0.292334,0.299120
1.732000,0.196895,0.189527,0.197862,0.202020
1.339000,0.243883,0.244727,0.245525,0.291400
-1.457000,0.254827,0.246937,0.257398,0.273070
0.915980,0.237428,0.236619,0.238154,0.268350
0.999720,0.243013,0.243321,0.244207,0.283480
1.837300,0.177681,0.166991,0.178460,0.170260
-1.099600,0.288524,0.291286,0.291544,0.295330
-1.638900,0.209043,0.188533,0.209775,0.229040
-1.383500,0.268918,0.265791,0.272027,0.285630
-1.393300,0.267230,0.263521,0.270278,0.284180
-0.798930,0.258772,0.254229,0.258903,0.241490
1.362100,0.242450,0.243015,0.244061,0.288590
0.218880,0.204483,0.204213,0.204235,0.205680
-0.256080,0.209208,0.208197,0.208322,0.197030
2.071000,0.129059,0.109502,0.129189,0.104340
-0.692380,0.244175,0.238929,0.243392,0.214760
1.421700,0.237898,0.237598,0.239412,0.279550
-0.931260,0.275770,0.274227,0.277286,0.271420
1.195200,0.248452,0.250157,0.250162,0.299380
1.217400,0.248241,0.249921,0.249961,0.299250
-1.400300,0.265987,0.261850,0.268990,0.283080
1.982700,0.148111,0.132039,0.148541,0.127800
0.646620,0.215940,0.213572,0.214986,0.203850
-1.462600,0.253626,0.245342,0.256148,0.271970
1.910300,0.163200,0.149908,0.163823,0.148520
-1.322900,0.277931,0.277919,0.281328,0.293120
-0.867020,0.267933,0.264698,0.268765,0.257750
-1.023200,0.284489,0.285573,0.286913,0.286920
1.110800,0.247638,0.249068,0.249228,0.296180
-0.045512,0.206339,0.206280,0.206286,0.238700
-0.120000,0.206949,0.206642,0.206652,0.228090
1.737000,0.196034,0.188519,0.196992,0.200510
0.816190,0.229416,0.227476,0.229471,0.245740
1.111100,0.247645,0.249078,0.249236,0.296210
0.914140,0.237291,0.236457,0.238005,0.267980
-1.058500,0.286770,0.288730,0.289492,0.291350
-0.402650,0.215310,0.213038,0.213902,0.175840
1.712600,0.200187,0.193375,0.201185,0.207780
-0.897540,0.271790,0.269318,0.272948,0.264490
2.220200,0.096618,0.072048,0.096106,0.070515
-0.033743,0.206257,0.206227,0.206232,0.239560
1.546500,0.224634,0.221959,0.225919,0.253330
0.991520,0.242534,0.242737,0.243688,0.282190
0.187220,0.204672,0.204510,0.204536,0.213260
0.267810,0.204305,0.203846,0.203856,0.194460
-1.914700,0.132309,0.104843,0.130891,0.147210
1.183600,0.248490,0.250192,0.250192,0.299280
-1.091300,0.288252,0.290876,0.291217,0.294630
0.738960,0.222985,0.220593,0.222524,0.226410
0.491190,0.207591,0.206039,0.206380,0.177750
-0.299960,0.210527,0.209208,0.209455,0.188010
2.072700,0.128688,0.109065,0.128811,0.103910
1.058800,0.245934,0.246926,0.247373,0.291380
0.243790,0.204371,0.204007,0.204024,0.199820
0.337940,0.204452,0.203693,0.203694,0.181840
0.740260,0.223091,0.220703,0.222639,0.226740
-0.639810,0.237413,0.232382,0.236303,0.202310
-0.719390,0.247807,0.242583,0.247227,0.221480
0.995600,0.242775,0.243030,0.243948,0.282840
-1.477800,0.250282,0.240919,0.252669,0.268890
1.394700,0.240111,0.240228,0.241670,0.283960
-0.891500,0.271044,0.268414,0.272137,0.263190
0.085406,0.205421,0.205478,0.205497,0.234030
0.031533,0.205810,0.205876,0.205886,0.239700
-1.657100,0.203938,0.182374,0.204479,0.223900
-1.435300,0.259320,0.252919,0.262068,0.277140
1.528700,0.226815,0.224520,0.228133,0.257600
0.937340,0.238985,0.238462,0.239842,0.272600
-0.526140,0.224872,0.221063,0.223389,0.181490
0.431800,0.205817,0.204600,0.204718,0.175190
1.176300,0.248489,0.250184,0.250185,0.299170
1.966900,0.151455,0.136002,0.151931,0.132230
-0.436860,0.217519,0.214852,0.216047,0.175210
-0.553340,0.227568,0.223413,0.226132,0.185400
-1.407400,0.264695,0.260115,0.267649,0.281950
0.866210,0.233545,0.232115,0.233945,0.257570
1.995300,0.145427,0.128858,0.145819,0.124320
-0.833640,0.263512,0.259559,0.263994,0.249950
1.233500,0.247976,0.249611,0.249696,0.298900
-0.318420,0.211200,0.209735,0.210055,0.184790
-1.151300,0.289207,0.292512,0.292512,0.298440
0.789060,0.227141,0.224992,0.227010,0.239040
2.020100,0.140105,0.122554,0.140417,0.117600
1.977700,0.149172,0.133296,0.149617,0.129200
-0.833130,0.263443,0.259480,0.263920,0.249830
0.119590,0.205163,0.205174,0.205197,0.228170
2.182700,0.104682,0.081161,0.104341,0.078267
-0.771040,0.254915,0.250025,0.254779,0.234520
-1.308400,0.279709,0.280305,0.283151,0.294480
1.323700,0.244727,0.245736,0.246388,0.293030
-1.111700,0.288841,0.291782,0.291937,0.296250
0.208720,0.204539,0.204305,0.204329,0.208110
1.320600,0.244888,0.245928,0.246553,0.293350
1.755100,0.192870,0.184817,0.193798,0.195100
1.868300,0.171634,0.159868,0.172351,0.160940
1.162500,0.248436,0.250103,0.250116,0.298830
-0.026136,0.206204,0.206191,0.206197,0.239980
-0.629560,0.236155,0.231200,0.234992,0.200020
-1.171000,0.288991,0.292336,0.292375,0.299060
-1.134200,0.289178,0.292370,0.292401,0.297650
-1.323300,0.277880,0.277851,0.281275,0.293070
1.309000,0.245459,0.246612,0.247137,0.294430
1.975500,0.149638,0.133849,0.150089,0.129830
-0.132370,0.207076,0.206718,0.206730,0.225620
2.040300,0.135738,0.117386,0.135980,0.112250
-0.843730,0.264866,0.261115,0.265453,0.252350
2.056400,0.132240,0.113254,0.132425,0.108060
-0.479470,0.220740,0.217539,0.219231,0.176850
1.513800,0.228570,0.226582,0.229916,0.261030
-1.419200,0.262478,0.257143,0.265349,0.279990
1.432500,0.236945,0.236468,0.238440,0.277660
-1.457900,0.254635,0.246682,0.257198,0.272890
1.752400,0.193346,0.185375,0.194278,0.195890
0.893730,0.235731,0.234634,0.236314,0.263670
1.051300,0.245618,0.246533,0.247030,0.290520
-0.125360,0.207003,0.206674,0.206685,0.227040
0.369760,0.204740,0.203834,0.203850,0.178130
0.395630,0.205101,0.204069,0.204114,0.176190
-1.450200,0.256263,0.248845,0.258891,0.274380
-1.700500,0.191610,0.167829,0.191709,0.211350
1.239200,0.247859,0.249473,0.249579,0.298720
-0.241620,0.208851,0.207931,0.208029,0.200320
-1.157500,0.289168,0.292496,0.292500,0.298670
-1.209600,0.287770,0.290893,0.291259,0.299340
1.336100,0.244049,0.244926,0.245695,0.291730
-0.364050,0.213202,0.211330,0.211899,0.178690
-0.639130,0.237329,0.232303,0.236215,0.202150
-1.793400,0.165140,0.138259,0.164420,0.183520
-1.139800,0.289209,0.292446,0.292460,0.297930
-0.614270,0.234319,0.229495,0.233085,0.196730
1.579700,0.220324,0.216908,0.221549,0.244970
0.984470,0.242109,0.242220,0.243227,0.281050
0.925800,0.238154,0.237475,0.238941,0.270340
-1.123500,0.289059,0.292146,0.292224,0.297030
0.092177,0.205371,0.205421,0.205440,0.232990
0.327160,0.204390,0.203678,0.203678,0.183410
-0.503480,0.222787,0.219273,0.221283,0.178890
0.178790,0.204729,0.204593,0.204620,0.215260
0.830240,0.230589,0.228777,0.230742,0.249140
0.999950,0.243026,0.243337,0.244221,0.283510
1.530800,0.226563,0.224223,0.227877,0.257090
0.989250,0.242399,0.242572,0.243541,0.281830
-0.767790,0.254465,0.249542,0.254299,0.233700
0.446900,0.206195,0.204896,0.205058,0.175360
-1.270200,0.283671,0.285581,0.287185,0.297300
-1.205100,0.287967,0.291137,0.291448,0.299370
1.127800,0.248002,0.249534,0.249628,0.297290
0.672850,0.217822,0.215393,0.216988,0.210010
-1.661500,0.202697,0.180888,0.203192,0.222660
0.471320,0.206911,0.205474,0.205726,0.176330
-0.420810,0.216441,0.213964,0.214996,0.175290
-1.911100,0.133234,0.105736,0.131831,0.148270
1.636600,0.212243,0.207459,0.213369,0.229670
0.776490,0.226089,0.223861,0.225872,0.235890
1.129300,0.248030,0.249569,0.249659,0.297380
0.897790,0.236046,0.235000,0.235464,0.264540
-1.336300,0.276155,0.275533,0.279502,0.291700
1.678600,0.205750,0.199875,0.206805,0.217720
-0.874890,0.268947,0.265900,0.269863,0.259530
-1.259800,0.284565,0.286760,0.288088,0.297870
2.061900,0.131043,0.111841,0.131207,0.106660
-1.307900,0.279768,0.280383,0.283211,0.294530
1.850800,0.175067,0.163914,0.175820,0.166190
-2.245500,0.064652,0.046199,0.063227,0.065572
-1.063500,0.287037,0.289109,0.289798,0.291900
1.936500,0.157813,0.143533,0.158371,0.140900
-1.514700,0.241692,0.229661,0.243728,0.260820
1.538500,0.225626,0.223122,0.226926,0.255260
0.396930,0.205122,0.204084,0.204131,0.176120
-1.095500,0.288395,0.291091,0.291388,0.294990
-1.671900,0.199754,0.177384,0.200141,0.219670
1.737100,0.196016,0.188499,0.196974,0.200490
0.651600,0.216288,0.213906,0.215356,0.205000
-1.541100,0.235178,0.221233,0.236948,0.254630
1.574600,0.221006,0.217707,0.222240,0.246300
0.926010,0.238169,0.237494,0.238957,0.270380
-0.916270,0.274042,0.272078,0.275400,0.268410
-1.100000,0.288535,0.291305,0.291558,0.295350
1.872200,0.170862,0.158958,0.171571,0.159780
-0.146080,0.207230,0.206813,0.206828,0.222720
-0.807150,0.259903,0.255484,0.260116,0.243520
1.689000,0.204077,0.197920,0.205114,0.214720
1.363400,0.242364,0.242913,0.243972,0.288420
0.817120,0.229494,0.227562,0.229556,0.245970
-0.318230,0.211192,0.209729,0.210048,0.184820
-1.481400,0.249472,0.239852,0.251827,0.268120
0.692500,0.219302,0.216852,0.218569,0.214790
-1.607800,0.217628,0.199065,0.218692,0.237580
-1.233300,0.286487,0.289263,0.290006,0.298900
1.118800,0.247822,0.249303,0.249429,0.296730
-0.228370,0.208554,0.207714,0.207791,0.203420
-2.355300,0.049660,0.034374,0.048471,0.046877
-0.445070,0.218098,0.215332,0.216615,0.175320
-0.992330,0.281971,0.282198,0.284106,0.282320
1.777700,0.188825,0.180078,0.189713,0.188270
1.905800,0.164116,0.150991,0.164750,0.149820
1.701800,0.201983,0.195474,0.202999,0.210960
-1.217800,0.287372,0.290394,0.290875,0.299240
0.965640,0.240917,0.240777,0.241936,0.277840
-0.743850,0.251156,0.246041,0.250778,0.227650
0.029513,0.205824,0.205888,0.205899,0.239810
-0.338490,0.212019,0.210383,0.210800,0.181760
1.739600,0.195584,0.187993,0.196537,0.199740
1.920000,0.161216,0.147561,0.161816,0.145680
0.163410,0.204837,0.204746,0.204773,0.218840
0.623260,0.214363,0.212080,0.213319,0.198650
-1.945700,0.124485,0.097409,0.122963,0.138250
-0.326560,0.211521,0.209988,0.210345,0.183500
-1.349900,0.274225,0.272935,0.277513,0.290120
0.695220,0.219511,0.217060,0.218792,0.215460
-2.346600,0.050732,0.035215,0.049525,0.048206
-1.217000,0.287413,0.290445,0.290915,0.299250
0.975890,0.241576,0.241573,0.242650,0.279610
-0.954950,0.278347,0.277489,0.280110,0.275920
0.071027,0.205528,0.205595,0.205611,0.236010
1.802400,0.184287,0.174756,0.185132,0.180790
1.142800,0.248241,0.249844,0.249894,0.298080
-0.238850,0.208787,0.207884,0.207977,0.200960
-1.008300,0.283331,0.284009,0.285618,0.284780
0.674940,0.217977,0.215544,0.217153,0.210510
0.201980,0.204579,0.204368,0.204393,0.209730
0.781050,0.226470,0.224269,0.226284,0.237030
-1.110400,0.288811,0.291735,0.291900,0.296160
1.017800,0.244009,0.244542,0.245286,0.286160
-0.979590,0.280802,0.280662,0.282813,0.280240
0.915270,0.237375,0.236557,0.238097,0.268210
-1.696300,0.192809,0.169223,0.192950,0.212560
1.023300,0.244295,0.244894,0.245595,0.286930
2.174700,0.106416,0.083142,0.106111,0.079998
-1.971000,0.118309,0.091679,0.116723,0.131060
-1.647200,0.206721,0.185722,0.207366,0.226710
1.114100,0.247716,0.249168,0.249314,0.296420
-0.805780,0.259715,0.255275,0.259914,0.243180
0.408200,0.205320,0.204226,0.204291,0.175620
-0.976200,0.280479,0.280240,0.282456,0.279670
0.926670,0.238217,0.237551,0.239009,0.270510
-1.761300,0.174234,0.148157,0.173774,0.193210
-1.164500,0.287948,0.291243,0.291260,0.298890
0.189950,0.204654,0.204483,0.204509,0.212610
-1.547100,0.233659,0.219283,0.235367,0.253170
-0.529910,0.225234,0.221376,0.223755,0.181980
-0.518780,0.224179,0.220465,0.222686,0.180580
2.524100,0.040363,0.017365,0.038821,0.026215
-1.337900,0.275934,0.275236,0.279275,0.291520
-2.856900,0.012019,0.006103,0.011482,0.006610
0.426150,0.205688,0.204501,0.204604,0.175220
0.159840,0.204862,0.204781,0.204808,0.219660
1.216100,0.248259,0.249941,0.249978,0.299270
0.710120,0.220672,0.218225,0.220037,0.219160
-1.620700,0.214091,0.194701,0.215017,0.234070
-0.773200,0.255214,0.250347,0.255099,0.235060
-1.287400,0.282018,0.283388,0.285508,0.296180
0.011958,0.205945,0.205994,0.206002,0.240490
-1.731100,0.182858,0.157798,0.182666,0.202280
-0.873780,0.268805,0.265731,0.269709,0.259280
1.636100,0.212317,0.207546,0.213444,0.229810
-1.259000,0.284631,0.286847,0.288154,0.297910
-1.946700,0.124237,0.097177,0.122712,0.137970
0.190040,0.204654,0.204482,0.204509,0.212590
1.219000,0.248219,0.249895,0.249939,0.299220
0.040379,0.205748,0.205818,0.205830,0.239110
1.056600,0.245843,0.246812,0.247274,0.291130
0.156740,0.204885,0.204812,0.204839,0.220360
1.578800,0.220444,0.217049,0.221672,0.245210
-1.033200,0.285204,0.286549,0.287715,0.288270
0.334620,0.204431,0.203686,0.203687,0.182310
-0.659810,0.239929,0.234780,0.238932,0.206920
0.004804,0.205994,0.206034,0.206042,0.240600
-0.898020,0.271849,0.269389,0.273012,0.264590
-1.472600,0.251439,0.242448,0.253873,0.269940
1.716100,0.199599,0.192688,0.200592,0.206740
-0.179640,0.207676,0.207100,0.207131,0.215060
-1.365400,0.271870,0.269765,0.275082,0.288150
-0.670790,0.241342,0.236145,0.240412,0.209520
2.396000,0.061465,0.035389,0.060214,0.041051
-1.993700,0.112937,0.086791,0.111309,0.124770
-1.669500,0.200434,0.178191,0.200846,0.220350
-1.591800,0.221959,0.204458,0.223194,0.241810
-1.329300,0.277098,0.276801,0.280472,0.292450
2.352000,0.069710,0.043396,0.068619,0.047384
-1.399800,0.266077,0.261971,0.269083,0.283160
1.056100,0.245822,0.246787,0.247251,0.291080
-1.408400,0.264510,0.259867,0.267458,0.281790
2.038900,0.136041,0.117745,0.136289,0.112610
-1.421000,0.262133,0.256681,0.264990,0.279670
-1.748700,0.177827,0.152144,0.177476,0.197010
-1.582000,0.224577,0.207745,0.225917,0.244390
-1.404000,0.265317,0.260951,0.268295,0.282500
1.421900,0.237881,0.237578,0.239394,0.279510
1.838100,0.177527,0.166810,0.178305,0.170010
-0.292630,0.210280,0.209016,0.209238,0.189400
0.145360,0.204969,0.204925,0.204951,0.222870
-0.136020,0.207116,0.206742,0.206755,0.224870
1.402300,0.239513,0.239516,0.241060,0.282780
-1.049800,0.286271,0.288029,0.288923,0.290340
-1.156900,0.289173,0.292499,0.292502,0.298650
-2.197200,0.072332,0.052342,0.070810,0.075216
0.172580,0.204772,0.204654,0.204681,0.216720
1.384600,0.240875,0.241137,0.242451,0.285480
-0.444520,0.218059,0.215299,0.216577,0.175310
-0.519880,0.224282,0.220554,0.222790,0.180710
1.480400,0.232261,0.230930,0.233669,0.268330
0.101660,0.205299,0.205338,0.205359,0.231430
-1.678500,0.197880,0.175167,0.198200,0.217750
0.069541,0.205539,0.205607,0.205622,0.236200
-0.743800,0.251150,0.246034,0.250771,0.227640
-0.322780,0.211370,0.209869,0.210209,0.184090
0.974020,0.241458,0.241430,0.242521,0.279290
-0.405720,0.215495,0.213189,0.214080,0.175710
-0.928410,0.275447,0.273823,0.276933,0.270860
2.194000,0.102240,0.078383,0.101848,0.075881
0.997800,0.242903,0.243186,0.244087,0.283180
-0.331220,0.211711,0.210139,0.210519,0.182800
-1.372800,0.270689,0.268175,0.273860,0.287160
-1.422300,0.261882,0.256345,0.264730,0.279450
1.754900,0.191761,0.183614,0.192641,0.195130
0.065598,0.205567,0.205637,0.205652,0.236670
0.370980,0.204755,0.203843,0.203860,0.178010
1.212000,0.248309,0.249999,0.250027,0.299320
-0.772930,0.255177,0.250307,0.255059,0.234990
2.240400,0.092329,0.067281,0.091724,0.066548
1.583500,0.219811,0.216308,0.221029,0.244010
-0.295750,0.210384,0.209096,0.209329,0.188800
2.442900,0.053205,0.027863,0.051814,0.035015
0.246730,0.204361,0.203985,0.204001,0.199140
1.711700,0.200337,0.193551,0.201337,0.208040
1.587900,0.219212,0.215607,0.220423,0.242860
0.601560,0.212992,0.210807,0.211880,0.194120
-0.895370,0.271523,0.268994,0.272658,0.264030
-1.218500,0.287336,0.290348,0.290840,0.299230
1.525600,0.227186,0.224955,0.228510,0.258310
-1.037100,0.285468,0.286913,0.288013,0.288760
1.591900,0.218663,0.214965,0.219867,0.241800
-1.174500,0.288924,0.292266,0.292320,0.299130
-1.495500,0.246241,0.235604,0.248464,0.265110
-0.659000,0.239826,0.234680,0.238824,0.206720
-2.025900,0.105599,0.080254,0.103935,0.116060
2.180800,0.105093,0.081630,0.104761,0.078683
0.108140,0.205250,0.205279,0.205301,0.230300
-0.078719,0.206586,0.206430,0.206436,0.234990
1.404400,0.239344,0.239316,0.240888,0.282430
-1.107300,0.288736,0.291616,0.291806,0.295930
-1.668000,0.200859,0.178696,0.201286,0.220800
0.808810,0.228798,0.226795,0.228802,0.243930
-0.774180,0.255350,0.250493,0.255244,0.235310
-0.303470,0.210649,0.209303,0.209563,0.187370
-0.217440,0.208329,0.207552,0.207615,0.206020
1.180900,0.248492,0.250192,0.250192,0.299250
1.587800,0.219226,0.215623,0.220437,0.242860
2.249800,0.090350,0.065101,0.089701,0.064763
-2.554600,0.029678,0.018845,0.028832,0.023399
-1.014100,0.283795,0.284633,0.286136,0.285620
-0.968550,0.279732,0.279271,0.281633,0.278350
-0.166810,0.207493,0.206980,0.207003,0.218060
-0.712460,0.246868,0.241628,0.246233,0.219740
1.665300,0.207852,0.202331,0.208930,0.221570
-1.433900,0.259600,0.253294,0.262360,0.277400
-1.406400,0.264879,0.260362,0.267840,0.282110
1.870000,0.171298,0.159472,0.172012,0.160440
-1.753000,0.176600,0.150778,0.176211,0.195710
1.817200,0.181513,0.171497,0.182330,0.176310
2.031000,0.136608,0.118439,0.136835,0.114710
-1.849200,0.149662,0.122053,0.148564,0.166680
-0.222140,0.208424,0.207620,0.207689,0.204900
-1.927200,0.129121,0.101790,0.127658,0.143570
0.759680,0.224689,0.222374,0.224361,0.231650
1.034400,0.244846,0.245575,0.246193,0.288420
0.295180,0.204295,0.203721,0.203724,0.188910
-0.950360,0.277864,0.276872,0.279579,0.275070
1.206400,0.248368,0.250066,0.250084,0.299360
0.977370,0.241669,0.241686,0.242751,0.279860
0.413820,0.205428,0.204305,0.204381,0.175440
0.461310,0.206602,0.205222,0.205434,0.175830
0.613000,0.213703,0.211465,0.212625,0.196470
0.105880,0.205267,0.205300,0.205321,0.230700
-0.436280,0.217479,0.214819,0.216007,0.175200
-0.352890,0.212666,0.210900,0.211398,0.179920
-0.416350,0.216155,0.213729,0.214718,0.175380
1.547800,0.224471,0.221767,0.225754,0.253000
2.351700,0.069768,0.043453,0.068678,0.047424
2.105600,0.121496,0.100619,0.121490,0.095816
0.842130,0.231576,0.229881,0.231810,0.251980
-1.075100,0.287600,0.289918,0.290450,0.293110
2.199100,0.101141,0.077138,0.100726,0.074813
-1.338000,0.275921,0.275217,0.279260,0.291510
-3.634000,0.000574,0.000075,0.000508,0.000080
-0.894860,0.271460,0.268917,0.272589,0.263920
0.252160,0.204343,0.203946,0.203961,0.197910
0.989740,0.242428,0.242607,0.243573,0.281910
0.164660,0.204828,0.204733,0.204760,0.218550
0.021073,0.205882,0.205940,0.205950,0.240210
2.229500,0.094638,0.069840,0.094083,0.068682
0.305180,0.204311,0.203695,0.203696,0.187060
0.897780,0.236045,0.234999,0.235463,0.264540
-1.990600,0.113661,0.087445,0.112038,0.125610
1.623200,0.214222,0.209772,0.215371,0.233370
-0.853930,0.266221,0.262687,0.266914,0.254740
-1.606500,0.217982,0.199505,0.219060,0.237910
1.708000,0.200955,0.194273,0.201961,0.209150
1.652700,0.209805,0.204611,0.210904,0.225160
0.915930,0.237425,0.236615,0.238150,0.268340
0.321590,0.204364,0.203676,0.203677,0.184280
0.342090,0.204481,0.203702,0.203705,0.181270
-0.770580,0.254851,0.249957,0.254711,0.234400
-2.003400,0.110691,0.084773,0.109049,0.122110
-0.700280,0.245229,0.239979,0.244502,0.216710
0.021588,0.205879,0.205937,0.205947,0.240190
-0.603390,0.233046,0.228325,0.231766,0.194490
1.433500,0.236855,0.236361,0.238348,0.277470
-0.032461,0.206248,0.206221,0.206227,0.239640
0.238680,0.204391,0.204047,0.204065,0.201000
-0.221940,0.208420,0.207617,0.207685,0.204950
0.407400,0.205305,0.204215,0.204279,0.175650
-1.968900,0.118815,0.092143,0.117233,0.131680
-0.693920,0.244380,0.239132,0.243607,0.215140
1.077600,0.246649,0.247821,0.248150,0.293360
1.656400,0.209236,0.203946,0.210328,0.224110
1.109700,0.247611,0.249034,0.249198,0.296100
0.019794,0.205891,0.205948,0.205957,0.240260
1.567300,0.221969,0.218835,0.223217,0.248150
-0.796860,0.258487,0.253914,0.258597,0.240980
-0.095286,0.206722,0.206509,0.206516,0.232500
-1.277600,0.282986,0.284675,0.286492,0.296850
-1.497500,0.245775,0.234993,0.247979,0.264680
-1.229500,0.286720,0.289563,0.290237,0.299010
2.096600,0.123465,0.102926,0.123495,0.097993
-1.719400,0.186206,0.161605,0.186123,0.205750
1.413400,0.238604,0.238437,0.240132,0.280970
-0.974880,0.280352,0.280075,0.282316,0.279440
1.863800,0.172522,0.160915,0.173248,0.162280
1.684200,0.204852,0.198826,0.205898,0.216110
-0.932400,0.275899,0.274388,0.277426,0.271640
-0.266620,0.209491,0.208411,0.208559,0.194720
-0.468210,0.219837,0.216781,0.218333,0.176160
0.513730,0.208470,0.206784,0.207246,0.179990
-1.468700,0.252298,0.243584,0.254767,0.270730
-1.085400,0.288033,0.290551,0.290957,0.294090
0.158880,0.204869,0.204791,0.204818,0.219870
0.331500,0.204413,0.203682,0.203682,0.182760
-1.163900,0.289100,0.292442,0.292457,0.298870
-0.603250,0.233030,0.228311,0.231749,0.194460
1.437400,0.236500,0.235940,0.237986,0.276770
-1.275200,0.283213,0.284975,0.286721,0.297000
-1.454400,0.255379,0.247670,0.257972,0.273580
1.374700,0.241590,0.241989,0.243181,0.286890
-1.290500,0.281697,0.282961,0.285182,0.295950
-1.394700,0.266984,0.263190,0.270023,0.283960
-0.273830,0.209697,0.208567,0.208733,0.193190
1.520000,0.227848,0.225733,0.229182,0.259620
-0.878350,0.269389,0.266426,0.270342,0.260300
0.222310,0.204466,0.204183,0.204204,0.204860
0.695820,0.219557,0.217106,0.218842,0.215610
1.242400,0.247788,0.249390,0.249507,0.298610
1.419700,0.238070,0.237803,0.239588,0.279890
0.718420,0.221329,0.218892,0.220743,0.221240
-0.429340,0.217005,0.214428,0.215544,0.175200
-1.082900,0.287934,0.290405,0.290840,0.293870
-0.747290,0.251631,0.246538,0.251282,0.228520
-1.196500,0.288304,0.291549,0.291765,0.299380
1.930200,0.159116,0.145076,0.159690,0.142720
-1.411400,0.263953,0.259120,0.266880,0.281290
-0.331990,0.211743,0.210164,0.210548,0.182690
1.768400,0.190502,0.182044,0.191407,0.191080
-1.232600,0.286531,0.289320,0.290050,0.298920
1.280200,0.246666,0.248054,0.248368,0.296680
-1.510700,0.242653,0.230913,0.244729,0.261740
-2.202800,0.071405,0.051597,0.069894,0.074039
-0.974070,0.280273,0.279973,0.282230,0.279300
-0.262080,0.209367,0.208317,0.208454,0.195710
-1.758100,0.175146,0.149165,0.174713,0.194180
0.165600,0.204821,0.204724,0.204751,0.218340
-0.687850,0.243575,0.238334,0.242760,0.213650
-0.830820,0.263131,0.259124,0.263584,0.249280
1.262000,0.247272,0.248777,0.248985,0.297760
-1.351900,0.273930,0.272538,0.277209,0.289880
1.185300,0.248488,0.250191,0.250191,0.299310
0.541200,0.209699,0.207849,0.208482,0.183560
-1.054000,0.286517,0.288374,0.289203,0.290840
1.573400,0.221165,0.217893,0.222402,0.246600
1.179000,0.248492,0.250190,0.250190,0.299220
1.204700,0.248384,0.250083,0.250099,0.299370
1.179800,0.248492,0.250191,0.250191,0.299230
0.556660,0.210466,0.208525,0.209264,0.185930
1.597500,0.217888,0.214058,0.219082,0.240310
0.051902,0.205666,0.205738,0.205751,0.238130
0.205560,0.204557,0.204334,0.204359,0.208870
-1.483900,0.248906,0.239106,0.251238,0.267600
-0.960630,0.278935,0.278242,0.280755,0.276950
1.243600,0.247761,0.249357,0.249480,0.298570
-1.336900,0.276072,0.275422,0.279417,0.291630
-0.265670,0.209465,0.208391,0.208537,0.194930
1.940100,0.157065,0.142648,0.157614,0.139850
1.297900,0.245960,0.247211,0.247648,0.295380
-0.757060,0.252980,0.247960,0.252717,0.230990
-0.221040,0.208401,0.207604,0.207671,0.205160
-2.395300,0.044966,0.030700,0.043858,0.041145
-1.126000,0.289094,0.292207,0.292273,0.297190
1.446200,0.235681,0.234970,0.237151,0.275130
2.109300,0.120686,0.099672,0.120665,0.094927
-1.155100,0.289186,0.292507,0.292508,0.298590
0.570490,0.211197,0.209177,0.210016,0.188260
-0.963940,0.279271,0.278675,0.281125,0.277540
-2.080500,0.093940,0.070177,0.092270,0.101970
2.201300,0.100668,0.076602,0.100242,0.074348
-1.433600,0.259660,0.253374,0.262422,0.277460
-1.009100,0.283396,0.284096,0.285691,0.284900
-0.039359,0.206296,0.206252,0.206258,0.239180
-1.902900,0.135356,0.107793,0.133986,0.150690
1.117700,0.247798,0.249272,0.249403,0.296660
0.836120,0.231078,0.229323,0.231271,0.250550
-1.252700,0.285131,0.287502,0.288656,0.298200
0.784640,0.226771,0.224592,0.226609,0.237930
-1.415200,0.263239,0.258163,0.266139,0.280650
0.838900,0.231308,0.229581,0.231521,0.251210
2.108900,0.120774,0.099774,0.120754,0.095021
-1.895000,0.137417,0.109805,0.136081,0.153000
-1.331100,0.276859,0.276479,0.280226,0.292260
-0.682690,0.242895,0.237664,0.242044,0.212390
0.133790,0.205056,0.205038,0.205063,0.225330
0.689050,0.219038,0.216590,0.218287,0.213950
0.312730,0.204331,0.203682,0.203683,0.185740
-0.707390,0.246183,0.240937,0.245510,0.218480
-1.612000,0.216481,0.197645,0.217499,0.236420
-0.981930,0.281022,0.280949,0.283056,0.280630
-1.924900,0.129704,0.102346,0.128249,0.144260
1.287300,0.246397,0.247732,0.248093,0.296190
2.074500,0.128295,0.108602,0.128412,0.103460
-1.442600,0.257838,0.250942,0.260528,0.275810
0.022015,0.205876,0.205935,0.205944,0.240170
1.733000,0.196723,0.189326,0.197688,0.201720
-1.820900,0.157447,0.130103,0.156529,0.175190
-2.221100,0.068443,0.049222,0.066968,0.070343
-1.642600,0.208009,0.187280,0.208702,0.227990
-1.130300,0.289143,0.292300,0.292346,0.297440
0.487920,0.207472,0.205940,0.206265,0.177480
-0.345320,0.212319,0.210623,0.211077,0.180850
0.676810,0.218116,0.215680,0.217301,0.210970
-1.183500,0.288712,0.292030,0.292138,0.299280
1.126200,0.247972,0.249495,0.249595,0.297200
-0.642480,0.237745,0.232696,0.236648,0.202910
0.839800,0.231383,0.229665,0.231602,0.251420
1.428800,0.237276,0.236860,0.238777,0.278320
2.155100,0.110678,0.088041,0.110461,0.084311
-1.489800,0.247559,0.237334,0.249835,0.266350
2.044400,0.134848,0.116335,0.135076,0.111170
1.265800,0.247155,0.248638,0.248866,0.297550
-1.919300,0.131131,0.103711,0.129695,0.145890
1.648500,0.210447,0.205361,0.211553,0.226350
0.670030,0.217615,0.215190,0.216767,0.209340
-0.486420,0.221315,0.218024,0.219806,0.177360
2.139600,0.114060,0.091953,0.113911,0.087824
0.959890,0.240538,0.240320,0.241525,0.276810
-1.717600,0.186721,0.162195,0.186655,0.206300
-1.691000,0.194321,0.170987,0.194515,0.214130
-1.970400,0.118454,0.091812,0.116869,0.131260
-0.821430,0.261857,0.257677,0.262213,0.247010
-2.194300,0.072815,0.052732,0.071288,0.075809
-1.174000,0.288934,0.292276,0.292329,0.299120
0.385050,0.204939,0.203959,0.203990,0.176860
-0.260660,0.209328,0.208288,0.208422,0.196020
-1.051600,0.286378,0.288178,0.289044,0.290550
-1.434100,0.259560,0.253240,0.262318,0.277370
-1.228900,0.286756,0.289609,0.290272,0.299020
-1.396300,0.266701,0.262810,0.269730,0.283720
1.185900,0.248487,0.250190,0.250190,0.299310
2.222600,0.096106,0.071476,0.095583,0.070042
-0.886140,0.270374,0.267606,0.271410,0.262020
-0.679050,0.242417,0.237195,0.241542,0.211510
-0.993160,0.282044,0.282295,0.284188,0.282450
-2.044400,0.101537,0.076702,0.099864,0.111180
0.318270,0.204350,0.203678,0.203678,0.184820
1.791300,0.186341,0.177166,0.187206,0.184150
1.382100,0.241059,0.241356,0.242638,0.285840
0.803360,0.228341,0.226295,0.228307,0.242590
-0.349200,0.212495,0.210763,0.211240,0.180360
0.380620,0.204877,0.203919,0.203945,0.177190
-0.305820,0.210732,0.209368,0.209637,0.186950
1.224500,0.248136,0.249799,0.249856,0.299120
-1.631800,0.211020,0.190939,0.211827,0.231020
-1.246900,0.285565,0.288069,0.289090,0.298440
-1.537400,0.236108,0.222430,0.237915,0.255530
-0.311120,0.210925,0.209519,0.209808,0.186020
-0.315480,0.211087,0.209646,0.209954,0.185280
-0.904900,0.272687,0.270411,0.273923,0.266050
1.438900,0.236362,0.235777,0.237845,0.276490
1.240500,0.247831,0.249440,0.249550,0.298680
0.890930,0.235513,0.234380,0.236078,0.263070
1.595600,0.218152,0.214366,0.219349,0.240830
1.878600,0.169591,0.157457,0.170286,0.157880
-0.619450,0.234935,0.230065,0.233724,0.197830
-2.186500,0.074130,0.053793,0.072588,0.077467
-0.596080,0.232206,0.227560,0.230898,0.193030
0.784700,0.226776,0.224598,0.226615,0.237950
1.245900,0.246562,0.248100,0.248233,0.298480
-1.302600,0.280379,0.281201,0.283836,0.294990
-0.621600,0.235193,0.230303,0.233991,0.198290
-1.627100,0.212323,0.192532,0.213181,0.232300
0.514480,0.208501,0.206811,0.207277,0.180070
1.048600,0.245500,0.246386,0.246902,0.290190
1.333500,0.244196,0.245101,0.245845,0.292000
0.830950,0.230648,0.228843,0.230806,0.249310
1.326400,0.244584,0.245565,0.246242,0.292760
-0.109220,0.206846,0.206582,0.206590,0.230100
-1.452300,0.255822,0.248259,0.258433,0.273980
-0.876560,0.269161,0.266154,0.270095,0.259900
-1.550600,0.232767,0.218141,0.234438,0.252320
-1.194100,0.288389,0.291650,0.291844,0.299370
2.023000,0.139480,0.121813,0.139782,0.116810
-1.187100,0.288611,0.291913,0.292047,0.299330
-0.370930,0.213549,0.211610,0.212225,0.178020
0.249940,0.204350,0.203962,0.203977,0.198410
-2.266200,0.061572,0.043755,0.060192,0.061708
-1.569300,0.227928,0.211977,0.229403,0.247650
1.746000,0.194469,0.186689,0.195412,0.197810
0.827450,0.230357,0.228518,0.230490,0.248470
0.813550,0.229195,0.227232,0.229232,0.245090
-1.089900,0.288202,0.290802,0.291157,0.294500
0.198420,0.204601,0.204402,0.204427,0.210580
1.313600,0.245239,0.246348,0.246911,0.294020
0.480670,0.207219,0.205729,0.206021,0.176930
1.143400,0.248249,0.249854,0.249903,0.298100
0.119770,0.205162,0.205172,0.205195,0.228130
1.265600,0.247162,0.248645,0.248873,0.297560
-1.149900,0.289212,0.292510,0.292511,0.298390
-1.136200,0.289191,0.292400,0.292424,0.297750
1.374500,0.241604,0.242006,0.243195,0.286930
0.668770,0.217522,0.215100,0.216668,0.209040
0.530960,0.209221,0.207432,0.207998,0.182120
-1.406900,0.264787,0.260239,0.267745,0.282040
-0.626800,0.235820,0.230887,0.234643,0.199420
-0.462940,0.219427,0.216438,0.217927,0.175900
1.484200,0.231859,0.230455,0.233259,0.267540
1.160100,0.248419,0.250081,0.250097,0.298760
1.601200,0.217371,0.213453,0.218558,0.239330
0.114210,0.205204,0.205224,0.205246,0.229190
-0.673050,0.241635,0.236431,0.240720,0.210060
0.860610,0.233091,0.231597,0.233453,0.256290
-0.937890,0.276511,0.275158,0.278097,0.272710
1.070500,0.246392,0.247498,0.247870,0.292640
0.701040,0.219961,0.217510,0.219275,0.216900
1.259200,0.247354,0.248875,0.249068,0.297900
-0.467750,0.219801,0.216751,0.218297,0.176140
1.763200,0.191432,0.183133,0.192346,0.192630
-1.566500,0.228660,0.212906,0.230165,0.248370
1.286100,0.246443,0.247788,0.248141,0.296280
-1.321200,0.278147,0.278210,0.281550,0.293280
-1.453000,0.255675,0.248063,0.258279,0.273840
-1.383000,0.269002,0.265904,0.272114,0.285710
2.031000,0.136608,0.118439,0.136835,0.114680
-0.853320,0.266140,0.262593,0.266827,0.254600
-2.177900,0.075601,0.054983,0.074044,0.079299
-1.122600,0.289046,0.292123,0.292206,0.296980
-0.458810,0.219112,0.216175,0.217615,0.175720
0.077645,0.205479,0.205542,0.205559,0.235140
-1.329500,0.277072,0.276765,0.280445,0.292440
0.098369,0.205324,0.205367,0.205387,0.231990
-0.057624,0.206426,0.206335,0.206340,0.237560
0.815090,0.229324,0.227374,0.229372,0.245470
0.985570,0.242176,0.242301,0.243300,0.281230
0.786840,0.226955,0.224791,0.226809,0.238480
-1.684800,0.196088,0.173057,0.196344,0.215930
0.002489,0.206009,0.206046,0.206054,0.240620
-0.983880,0.281203,0.281187,0.283257,0.280950
-1.829400,0.155093,0.127648,0.154119,0.172630
-2.046700,0.101040,0.076271,0.099366,0.110580
-3.096000,0.005187,0.002115,0.004842,0.002031
2.183100,0.104595,0.081062,0.104253,0.078186
-1.661100,0.202810,0.181023,0.203309,0.222760
-0.088749,0.206667,0.206477,0.206484,0.233530
1.429200,0.237240,0.236818,0.238741,0.278250
-0.350210,0.212541,0.210800,0.211283,0.180240
-1.078100,0.287733,0.290111,0.290605,0.293400
1.685200,0.204691,0.198638,0.205735,0.215810
-0.292750,0.210284,0.209019,0.209241,0.189370
0.194240,0.204627,0.204442,0.204468,0.211590
1.569300,0.221707,0.218528,0.222951,0.247650
1.988600,0.146856,0.130552,0.147268,0.126180
1.624500,0.214032,0.209550,0.215179,0.233010
-1.504200,0.244200,0.232932,0.246340,0.263210
0.378450,0.204848,0.203900,0.203924,0.177370
-1.024100,0.284556,0.285664,0.286987,0.287040
1.833200,0.178468,0.167918,0.179256,0.171500
1.424900,0.237620,0.237268,0.239128,0.279000
-1.057000,0.286687,0.288613,0.289397,0.291180
-1.277100,0.283034,0.284738,0.286540,0.296880
-1.221000,0.287204,0.290180,0.290711,0.299190
-0.656240,0.239474,0.234343,0.238456,0.206080
0.668330,0.217490,0.215068,0.216634,0.208930
-1.638400,0.209183,0.188703,0.209920,0.229170
0.897460,0.236020,0.234970,0.236628,0.264470
0.070444,0.205532,0.205599,0.205616,0.236080
-2.447900,0.039349,0.026318,0.038338,0.034422
-1.402300,0.265626,0.261365,0.268616,0.282780
2.288200,0.082387,0.056489,0.081565,0.057789
-1.209500,0.287775,0.290898,0.291263,0.299340
1.376400,0.241469,0.241846,0.243058,0.286650
-1.303500,0.280277,0.281064,0.283732,0.294910
-0.707960,0.246260,0.241015,0.245591,0.218620
0.949030,0.239803,0.239438,0.240728,0.274820
0.022278,0.205874,0.205933,0.205943,0.240160
-1.349100,0.274342,0.273093,0.277633,0.290220
0.556100,0.210437,0.208499,0.209234,0.185840
-0.801990,0.259194,0.254696,0.259355,0.242250
-0.016278,0.206137,0.206143,0.206150,0.240380
0.248270,0.204356,0.203974,0.203990,0.198790
2.317400,0.076490,0.050293,0.075541,0.052840
0.932370,0.238630,0.238040,0.239457,0.271640
-0.225420,0.208492,0.207669,0.207742,0.204120
-0.028339,0.206219,0.206201,0.206207,0.239870
-0.311560,0.210941,0.209531,0.209823,0.185940
1.532000,0.226418,0.224053,0.227730,0.256810
1.925100,0.160168,0.146321,0.160755,0.144200
0.062301,0.205591,0.205662,0.205677,0.237050
1.301500,0.245803,0.247022,0.247487,0.295090
1.188700,0.248479,0.250184,0.250185,0.299340
-2.048100,0.100738,0.076009,0.099064,0.110220
1.545400,0.224771,0.222120,0.226059,0.253600
0.500390,0.207936,0.206329,0.206718,0.178580
-2.609700,0.025483,0.015661,0.024705,0.018944
0.943840,0.239443,0.239008,0.240338,0.273850
0.859280,0.232983,0.231473,0.233336,0.255980
-0.394960,0.214858,0.212670,0.213468,0.176230
-0.443070,0.217955,0.215213,0.216475,0.175280
-0.074409,0.206552,0.206410,0.206416,0.235570
1.980500,0.148579,0.132592,0.149015,0.128430
-1.801200,0.162947,0.135914,0.162169,0.181170
0.851950,0.232384,0.230794,0.232686,0.254280
-0.997750,0.282446,0.282827,0.284633,0.283170
2.109500,0.120643,0.099620,0.120620,0.094878
0.633060,0.215012,0.212691,0.214004,0.200800
1.116200,0.247764,0.249229,0.249366,0.296560
-1.018900,0.284167,0.285135,0.286551,0.286310
-1.117300,0.288956,0.291970,0.292086,0.296640
-0.637140,0.237083,0.232071,0.235959,0.201710
0.771830,0.225700,0.223445,0.225452,0.234720
-1.541800,0.235002,0.221007,0.236764,0.254470
1.837400,0.177662,0.166968,0.178441,0.170240
-0.833200,0.263453,0.259491,0.263930,0.249850
0.757080,0.224474,0.222148,0.224129,0.230990
1.319400,0.244950,0.246002,0.246616,0.293460
0.202700,0.204574,0.204361,0.204386,0.209560
0.399510,0.205165,0.204115,0.204165,0.175990
0.598490,0.212805,0.210636,0.211685,0.193510
1.060500,0.246003,0.247012,0.247448,0.291570
0.975390,0.241545,0.241535,0.242616,0.279530
1.637000,0.212183,0.207389,0.213308,0.229570
1.000300,0.243046,0.243362,0.244243,0.283570
-1.179200,0.288820,0.292152,0.292233,0.299220
0.053766,0.205653,0.205725,0.205738,0.237950
-0.303910,0.210664,0.209315,0.209577,0.187290
1.601900,0.217272,0.213338,0.218459,0.239140
-1.356800,0.273197,0.271551,0.276452,0.289270
0.073192,0.205512,0.205578,0.205594,0.235730
-1.133400,0.289172,0.292357,0.292390,0.297610
1.200800,0.248416,0.250118,0.250129,0.299380
-1.548500,0.233303,0.218827,0.234996,0.252830
-0.370990,0.213552,0.211612,0.212228,0.178010
-1.355100,0.273453,0.271896,0.276716,0.289480
2.247600,0.090812,0.065609,0.090174,0.065173
1.633600,0.212690,0.207981,0.213821,0.230500
1.393700,0.240188,0.240319,0.241749,0.284110
1.109100,0.247596,0.249015,0.249182,0.296060
2.076100,0.127945,0.108191,0.128056,0.103050
-0.996440,0.282332,0.282677,0.284507,0.282970
-1.108900,0.288776,0.291679,0.291855,0.296040
-0.067386,0.206499,0.206379,0.206384,0.236460
-1.959200,0.121166,0.094314,0.119607,0.134410
1.607100,0.216539,0.212480,0.217716,0.237760
-1.447600,0.256805,0.249567,0.259455,0.274880
0.738360,0.222937,0.220542,0.222472,0.226260
0.125040,0.205122,0.205122,0.205146,0.227100
0.556460,0.210456,0.208516,0.209253,0.185900
1.514300,0.228512,0.226514,0.229857,0.260920
-0.902110,0.272349,0.269998,0.273555,0.265460
-0.408350,0.215655,0.213320,0.214234,0.175610
-0.890290,0.270893,0.268232,0.271974,0.262930
1.523700,0.227412,0.225220,0.228739,0.258750
-0.004125,0.206054,0.206082,0.206089,0.240610
0.620820,0.214204,0.211932,0.213152,0.198130
-0.340690,0.212114,0.210459,0.210888,0.181460
-0.046448,0.206346,0.206285,0.206290,0.238620
-1.415400,0.263201,0.258112,0.266100,0.280630
-2.321000,0.053998,0.037779,0.052736,0.052249
2.018600,0.140429,0.122936,0.140745,0.117990
0.618680,0.214066,0.211802,0.213007,0.197670
-1.238700,0.286137,0.288812,0.289660,0.298740
1.234700,0.247952,0.249583,0.249673,0.298860
1.130200,0.248046,0.249590,0.249676,0.297430
1.444800,0.235813,0.235126,0.237285,0.275390
-0.901610,0.272288,0.269924,0.273489,0.265360
0.029967,0.205821,0.205886,0.205896,0.239780
1.529300,0.226743,0.224435,0.228060,0.257440
0.173730,0.204764,0.204643,0.204670,0.216450
-1.459900,0.254207,0.246114,0.256753,0.272510
1.103600,0.247454,0.248835,0.249027,0.295640
-1.411300,0.263972,0.259145,0.266899,0.281320
1.714100,0.199935,0.193081,0.200931,0.207330
1.377100,0.241419,0.241786,0.243007,0.286560
-0.949120,0.277732,0.276704,0.279434,0.274840
1.327500,0.244525,0.245495,0.246182,0.292640
0.570420,0.211194,0.209174,0.210012,0.188250
-1.101000,0.288565,0.291350,0.291594,0.295440
-2.299600,0.056858,0.040031,0.055551,0.055812
-1.164500,0.287948,0.291243,0.291260,0.298890
0.958000,0.240412,0.240168,0.241388,0.276470
-1.397400,0.266506,0.262547,0.269528,0.283540
-0.485810,0.221264,0.217981,0.219755,0.177310
-1.137400,0.289198,0.292417,0.292437,0.297810
1.804300,0.183933,0.174340,0.184775,0.180230
1.716000,0.199616,0.192708,0.200609,0.206780
1.743400,0.194923,0.187220,0.195870,0.198610
-1.857500,0.147408,0.119760,0.146262,0.164170
1.897400,0.165818,0.153003,0.166472,0.152290
1.374200,0.241625,0.242031,0.243217,0.286960
2.336300,0.072756,0.046463,0.071728,0.049803
-1.201600,0.288111,0.291314,0.291584,0.299380
-0.960000,0.278870,0.278159,0.280684,0.276830
-0.819320,0.261569,0.257352,0.261904,0.246500
1.736900,0.196051,0.188540,0.197009,0.200550
0.520060,0.208738,0.207014,0.207513,0.180730
-0.343690,0.212246,0.210565,0.211010,0.181060
-2.813600,0.013828,0.007292,0.013253,0.008046
0.142290,0.204992,0.204955,0.204981,0.223540
0.259640,0.204323,0.203896,0.203908,0.196240
0.610770,0.213562,0.211334,0.212478,0.196010
-1.028400,0.284867,0.286088,0.287337,0.287620
1.319900,0.244924,0.245971,0.246590,0.293410
-1.527800,0.238495,0.225512,0.240400,0.257800
1.091600,0.247110,0.248400,0.248651,0.294650
-0.858030,0.266760,0.263318,0.267497,0.255690
-0.995970,0.282291,0.282622,0.284462,0.282900
-1.136400,0.289193,0.292403,0.292427,0.297770
-1.120700,0.289016,0.292071,0.292165,0.296860
0.574260,0.211404,0.209363,0.210229,0.188930
1.081300,0.246777,0.247981,0.248289,0.293720
1.416100,0.238377,0.238167,0.239901,0.280520
0.967690,0.241051,0.240938,0.242081,0.278200
-0.037179,0.206281,0.206243,0.206248,0.239340
-0.397370,0.214998,0.212784,0.213602,0.176100
0.422800,0.205614,0.204445,0.204540,0.175250
-1.208900,0.287802,0.290932,0.291290,0.299350
-1.731600,0.182715,0.157636,0.182518,0.202130
0.106430,0.205263,0.205295,0.205317,0.230600
-0.981950,0.281024,0.280952,0.283058,0.280630
1.028000,0.244532,0.245187,0.245853,0.287570
-2.284200,0.058993,0.041716,0.057652,0.058492
0.364740,0.204684,0.203801,0.203814,0.178620
-1.059500,0.286824,0.288807,0.289554,0.291460
-0.273680,0.209692,0.208564,0.208730,0.193220
0.819440,0.229688,0.227776,0.229766,0.246530
1.588100,0.219185,0.215575,0.220395,0.242790
