-2.165800,0.352745,0.294302,0.351439,0.300220
0.643380,0.085868,0.077910,0.085440,0.069227
-0.344160,0.189296,0.190196,0.190419,0.223020
-2.612800,0.554448,0.567616,0.567856,0.723220
-2.761200,0.526370,0.521876,0.539766,1.285400
-2.512300,0.537613,0.537564,0.548086,0.571750
-0.684870,0.181850,0.181637,0.183235,0.211810
-2.857800,0.474574,0.433968,0.484660,1.148700
-0.092374,0.174632,0.173168,0.175492,0.186240
-2.860600,0.472737,0.430915,0.482694,1.111000
-2.335700,0.455870,0.418030,0.459357,0.411340
-2.379900,0.481506,0.452670,0.486727,0.441770
-2.681900,0.549557,0.560936,0.563729,0.916370
-0.667270,0.183107,0.183141,0.184493,0.214400
-2.615600,0.554523,0.567821,0.567986,0.729410
-0.323940,0.188690,0.189478,0.189793,0.221140
-2.610400,0.554365,0.567410,0.567726,0.717880
-2.258500,0.410657,0.360701,0.411635,0.362650
-2.851100,0.477725,0.439849,0.488064,1.230900
-1.173100,0.120260,0.110584,0.119065,0.101440
-2.859300,0.473592,0.432335,0.483609,1.128900
-2.101800,0.313573,0.253013,0.311170,0.257910
-2.048500,0.282390,0.222058,0.279315,0.226010
-2.396400,0.490064,0.464780,0.495941,0.454640
0.127750,0.151285,0.146406,0.151749,0.143820
0.167710,0.146319,0.140786,0.146682,0.136400
-0.364520,0.189796,0.190794,0.190939,0.224650
-0.321410,0.188606,0.189379,0.189708,0.220890
-2.639100,0.554256,0.568001,0.568100,0.787560
-0.267850,0.186457,0.186860,0.187507,0.214740
-2.290100,0.430044,0.384556,0.432002,0.382670
-2.629400,0.554563,0.568265,0.568265,0.762240
-2.394500,0.489096,0.463398,0.494897,0.453090
-0.431910,0.190647,0.191852,0.191857,0.228100
-2.757200,0.527981,0.524633,0.541460,1.260900
-2.616800,0.554549,0.567897,0.568034,0.732210
-2.837700,0.487251,0.455193,0.498213,1.365200
0.367680,0.120072,0.112083,0.119880,0.103180
-0.519210,0.189820,0.190989,0.191117,0.227760
-2.813900,0.501040,0.478549,0.512922,1.481300
-0.257930,0.185980,0.186303,0.187021,0.213440
-2.331300,0.454505,0.415997,0.457882,0.408530
-2.484000,0.528389,0.522549,0.537791,0.539830
-2.715200,0.542093,0.548614,0.556163,1.039700
-2.331800,0.454795,0.416379,0.458189,0.408840
-1.182100,0.119095,0.109528,0.117813,0.099522
-0.101300,0.175397,0.174050,0.176269,0.187900
-2.174500,0.356989,0.298847,0.355812,0.306190
-0.262290,0.186193,0.186551,0.187237,0.214020
1.075400,0.042795,0.033718,0.042367,0.036086
-0.023542,0.168208,0.165768,0.168971,0.173100
-2.392400,0.488022,0.461867,0.493739,0.451440
-0.085881,0.174066,0.172514,0.174917,0.185030
-2.897400,0.447135,0.389050,0.455268,0.595130
-2.740900,0.534070,0.535032,0.547840,1.165200
-0.732100,0.178000,0.176985,0.179358,0.203930
-2.810300,0.503004,0.481894,0.515013,1.484400
-1.170800,0.120561,0.110861,0.119389,0.101950
-2.365300,0.473655,0.441775,0.478306,0.431200
-0.523840,0.189713,0.190869,0.191014,0.227590
-2.765800,0.524461,0.518608,0.537756,1.313600
-2.228800,0.392155,0.338735,0.392305,0.343110
-2.614000,0.554483,0.567709,0.567915,0.725870
-2.615800,0.554528,0.567834,0.567994,0.729790
-2.851100,0.477725,0.439849,0.488064,1.230500
-0.350240,0.189457,0.190388,0.190586,0.223530
0.750420,0.074166,0.066377,0.073846,0.059150
2.812000,0.000784,0.000340,0.000754,0.000958
-2.567600,0.550174,0.559234,0.562475,0.641770
-2.273300,0.419788,0.371825,0.421212,0.372130
-2.405900,0.494825,0.471629,0.501085,0.462470
-0.763290,0.175083,0.173430,0.176402,0.198060
-2.731800,0.537134,0.540241,0.551032,1.116900
-2.288000,0.428770,0.382960,0.430659,0.381350
-2.565800,0.549888,0.558714,0.562137,0.639090
-2.842600,0.484244,0.450136,0.495001,1.321300
-2.184600,0.364471,0.307206,0.363559,0.313120
-0.246080,0.185378,0.185602,0.186407,0.211830
-2.656400,0.551843,0.565093,0.565830,0.836730
-2.472200,0.524038,0.515649,0.532977,0.526940
-1.101800,0.130117,0.120322,0.129593,0.117700
-2.746700,0.531991,0.531488,0.545667,1.198100
-2.151200,0.343689,0.284513,0.342101,0.290310
-2.768900,0.523142,0.516347,0.536365,1.332400
-1.020600,0.142033,0.133484,0.142188,0.137570
-2.708000,0.543989,0.551786,0.558108,1.010400
-0.651700,0.184137,0.184369,0.185521,0.216530
-2.390200,0.486889,0.460259,0.492519,0.449680
0.961460,0.053101,0.044466,0.052828,0.043065
-2.759500,0.525886,0.521796,0.539269,1.274600
-2.861300,0.472276,0.430149,0.482200,1.102500
-0.943680,0.153158,0.146616,0.153830,0.156830
-2.658800,0.552775,0.565960,0.566831,0.843840
-2.491600,0.531037,0.526804,0.540733,0.548180
0.014301,0.164306,0.161284,0.165006,0.165720
-2.681600,0.549609,0.561019,0.563780,0.915390
-2.621000,0.554605,0.568108,0.568167,0.741920
-0.810220,0.170157,0.167394,0.171382,0.188350
-0.937580,0.154012,0.147646,0.154719,0.158350
0.215230,0.140230,0.133958,0.140463,0.127860
-2.578000,0.551657,0.561974,0.564249,0.657620
-2.846900,0.480387,0.444306,0.490910,1.277000
-0.867370,0.163361,0.159043,0.164403,0.175400
-2.580600,0.551982,0.562586,0.564643,0.661810
-0.785210,0.172860,0.170710,0.174141,0.193640
-2.130800,0.331140,0.271193,0.329191,0.276640
-1.983500,0.246849,0.188871,0.243182,0.192120
-2.216300,0.384327,0.329663,0.384157,0.334690
-2.465700,0.521523,0.511706,0.530203,0.519910
-2.660200,0.552626,0.565737,0.566693,0.847990
-1.916200,0.213541,0.160047,0.209452,0.161710
-2.413600,0.498590,0.477104,0.505161,0.469130
-2.336500,0.457504,0.419963,0.461070,0.411860
-0.712480,0.179683,0.179025,0.181056,0.207360
-1.961300,0.235443,0.178730,0.231618,0.181630
-2.851300,0.478772,0.440967,0.489151,1.227600
-2.806300,0.505148,0.485550,0.517294,1.483800
-2.598200,0.553691,0.565934,0.566788,0.693090
-0.187470,0.181909,0.181576,0.182879,0.202960
-0.756370,0.175755,0.174252,0.177085,0.199400
-2.701200,0.545637,0.554526,0.559789,0.984150
0.835100,0.065432,0.057468,0.065181,0.052148
-2.697200,0.546541,0.556020,0.560706,0.969240
-2.550700,0.547152,0.553826,0.558941,0.618340
-2.812200,0.501971,0.480135,0.513914,1.483300
-0.682650,0.182014,0.181833,0.183399,0.212150
0.190480,0.143423,0.137529,0.143725,0.132270
-2.747200,0.531807,0.531174,0.545474,1.200900
-2.427600,0.505203,0.486852,0.512342,0.481750
-2.442500,0.511891,0.496894,0.519636,0.496110
-2.369700,0.476047,0.445073,0.480868,0.434340
-2.752400,0.529853,0.527836,0.543426,1.231600
-1.741600,0.146586,0.112295,0.141995,0.098795
-2.571600,0.550779,0.560343,0.563194,0.647630
-2.507400,0.536143,0.535132,0.546436,0.566030
-2.335700,0.455870,0.418030,0.459357,0.411350
-1.552200,0.108178,0.098307,0.103911,0.063957
-2.801000,0.506750,0.489001,0.519023,1.476800
-0.961930,0.150573,0.143514,0.151135,0.152270
1.073400,0.042967,0.033893,0.042543,0.036202
-1.629000,0.119471,0.100576,0.114956,0.073017
0.148910,0.148676,0.143447,0.149087,0.139860
-2.845400,0.482502,0.447211,0.493139,1.293200
-1.525000,0.105517,0.098046,0.101376,0.062421
-2.204100,0.376681,0.320923,0.376213,0.326420
-2.723200,0.539805,0.544762,0.553803,1.075400
-2.336400,0.457447,0.419886,0.461009,0.411800
-0.915990,0.156986,0.151250,0.157809,0.163680
-2.806100,0.505254,0.485731,0.517407,1.483700
-2.432300,0.507353,0.490060,0.514683,0.486180
-2.680400,0.548641,0.560120,0.562760,0.911610
-0.411620,0.190524,0.191686,0.191713,0.227390
-0.313050,0.188319,0.189041,0.189412,0.220040
-2.352800,0.466746,0.432348,0.470919,0.422610
-1.123500,0.127021,0.117126,0.126298,0.112590
0.776670,0.071414,0.063604,0.071121,0.056894
0.319010,0.126534,0.118953,0.126472,0.110590
-2.770900,0.522276,0.514863,0.535451,1.344100
-2.849600,0.479855,0.442777,0.490309,1.248100
-2.853700,0.477233,0.438397,0.487504,1.199100
-0.217690,0.183799,0.183767,0.184800,0.207710
-2.776200,0.519928,0.510839,0.532971,1.375100
-0.461420,0.190617,0.191852,0.191857,0.228610
-1.061300,0.136027,0.126701,0.135857,0.127480
-0.009086,0.166747,0.164088,0.167486,0.170280
-2.483700,0.528281,0.522378,0.537672,0.539460
0.649350,0.085193,0.077252,0.084770,0.068626
-2.849000,0.480235,0.443414,0.490715,1.254800
-0.215550,0.183672,0.183620,0.184671,0.207380
1.731400,0.011656,0.010303,0.011534,0.011744
-2.022300,0.267701,0.208063,0.264361,0.211710
-2.777800,0.519204,0.509598,0.532205,1.384100
-2.665500,0.550833,0.563571,0.564888,0.863960
-2.045700,0.280798,0.220523,0.277693,0.224440
0.894480,0.059535,0.051290,0.059296,0.047690
-0.653390,0.184028,0.184240,0.185414,0.216310
-2.746500,0.532065,0.531613,0.545743,1.196600
0.715110,0.077936,0.070133,0.077578,0.062313
-2.757000,0.528060,0.524769,0.541543,1.259500
-2.560100,0.548925,0.556977,0.561005,0.630980
-0.712580,0.179675,0.179015,0.181048,0.207350
-2.577900,0.551644,0.561950,0.564233,0.657530
-0.118460,0.176821,0.175694,0.177714,0.191050
-2.237400,0.397530,0.345040,0.397911,0.348880
-2.791000,0.512963,0.498908,0.525596,1.447000
-2.424600,0.503812,0.484787,0.510829,0.479010
-2.039300,0.277179,0.217050,0.274007,0.220900
-0.910220,0.157767,0.152201,0.158619,0.165100
-0.993230,0.146050,0.138154,0.146405,0.144420
-2.828100,0.492978,0.464863,0.504328,1.432600
0.077473,0.157277,0.153231,0.157854,0.153420
-2.073300,0.296699,0.236055,0.293912,0.240420
-2.339800,0.459395,0.422476,0.463082,0.414020
-2.550000,0.547011,0.553578,0.558778,0.617490
-2.653200,0.553314,0.566748,0.567320,0.827200
-0.926790,0.155508,0.149456,0.156275,0.161020
-2.605200,0.554130,0.566867,0.567382,0.707070
0.132610,0.150690,0.145730,0.151142,0.142910
-2.894900,0.448955,0.391981,0.457219,0.628770
-2.317400,0.446383,0.405381,0.449264,0.399710
-2.202400,0.375616,0.319714,0.375108,0.325260
-2.384400,0.483874,0.455997,0.489273,0.445180
-2.823500,0.495644,0.469380,0.507172,1.454900
-2.583100,0.552277,0.563147,0.565004,0.665950
-1.962600,0.236099,0.179307,0.232284,0.182230
-0.218110,0.183824,0.183796,0.184825,0.207770
-2.440900,0.511191,0.495834,0.518871,0.494510
-0.545880,0.189114,0.190190,0.190436,0.226530
-2.545700,0.546116,0.552010,0.557746,0.611870
-2.678100,0.550197,0.561960,0.564360,0.904050
-2.119500,0.324253,0.264001,0.322118,0.269250
0.805550,0.068434,0.060565,0.068165,0.054502
-0.092003,0.174600,0.173131,0.175460,0.186180
-2.734400,0.536283,0.538797,0.550147,1.130400
-2.825900,0.494259,0.467033,0.505695,1.444000
-2.063000,0.290711,0.230154,0.287800,0.234340
-2.364700,0.473327,0.441325,0.477955,0.430800
-2.755600,0.528612,0.525714,0.542123,1.250900
-0.968880,0.149578,0.142326,0.150095,0.150530
-2.890600,0.452059,0.396997,0.460546,0.686480
-2.588300,0.552836,0.564224,0.565695,0.674880
-0.534490,0.189442,0.190563,0.190753,0.227120
0.110230,0.153409,0.148819,0.153914,0.147140
-1.132200,0.125799,0.115897,0.124996,0.110590
-2.854900,0.476458,0.437106,0.486676,1.185200
-2.469200,0.522888,0.513841,0.531707,0.523690
-0.787590,0.172611,0.170404,0.173887,0.193150
-0.893650,0.159975,0.154895,0.160906,0.169130
-0.887090,0.160834,0.155946,0.161795,0.170710
-2.665200,0.552044,0.564855,0.566147,0.863130
-2.816500,0.499601,0.476101,0.511390,1.476800
-2.021300,0.267150,0.207545,0.263800,0.211200
-2.763300,0.525506,0.520397,0.538857,1.297800
-0.229300,0.184468,0.184544,0.185481,0.209430
-0.760240,0.175381,0.173795,0.176705,0.198650
-2.879300,0.460055,0.410011,0.469114,0.847510
0.370240,0.119733,0.111727,0.119535,0.102800
0.174110,0.145509,0.139874,0.145856,0.135230
0.413920,0.113989,0.105755,0.113692,0.096560
0.207830,0.141189,0.135028,0.141443,0.129170
-2.497900,0.533139,0.530211,0.543076,0.555290
0.764730,0.072661,0.064864,0.072356,0.057910
-2.212300,0.381821,0.326785,0.381551,0.332050
-2.840700,0.485417,0.452106,0.496254,1.339200
-2.614100,0.554486,0.567716,0.567919,0.726000
-0.225220,0.184237,0.184275,0.185245,0.208830
-1.565400,0.109717,0.098504,0.105395,0.065014
-2.641500,0.554137,0.567861,0.568013,0.794270
-2.874300,0.463515,0.415684,0.472821,0.920250
0.019980,0.163700,0.160588,0.164389,0.164610
-2.858700,0.473985,0.432989,0.484030,1.137000
-2.451700,0.515829,0.502897,0.523946,0.505390
-0.563480,0.188529,0.189520,0.189865,0.225430
-0.650440,0.184217,0.184464,0.185601,0.216700
-0.659140,0.183654,0.183795,0.185040,0.215530
-1.805200,0.167538,0.125202,0.163044,0.119040
-2.850000,0.478426,0.441021,0.488813,1.243200
-1.188300,0.118306,0.108827,0.116963,0.098198
0.141040,0.149652,0.144553,0.150083,0.141330
-2.551300,0.547272,0.554038,0.559080,0.619200
1.008100,0.048773,0.039892,0.048448,0.040077
-2.287500,0.428466,0.382580,0.430339,0.381060
-2.048100,0.282162,0.221838,0.279083,0.225830
-1.363500,0.102585,0.098192,0.099574,0.068991
-2.252300,0.406811,0.356073,0.407609,0.358660
-2.673600,0.550898,0.563071,0.565045,0.889520
-2.402800,0.493286,0.469405,0.499420,0.459920
-2.756400,0.528297,0.525175,0.541793,1.255500
-2.595700,0.553501,0.565545,0.566540,0.688380
-1.436500,0.101358,0.097759,0.097765,0.062972
-0.328910,0.188848,0.189666,0.189957,0.221630
-2.844700,0.482939,0.447945,0.493606,1.300800
0.118190,0.152448,0.147727,0.152935,0.145630
-2.422600,0.502877,0.483403,0.509813,0.477180
-2.867600,0.468074,0.423192,0.477702,1.016100
-2.873600,0.463996,0.416473,0.473335,0.930640
-2.592600,0.553241,0.565022,0.566206,0.682580
-2.441200,0.511323,0.496033,0.519015,0.494820
-2.826200,0.494085,0.466738,0.505509,1.442600
-1.823400,0.174273,0.129828,0.169824,0.125450
-2.841800,0.484739,0.450967,0.495530,1.328500
0.107890,0.153689,0.149139,0.154200,0.147590
-2.707300,0.544165,0.552080,0.558288,1.007500
-2.848800,0.480362,0.443626,0.490851,1.256600
0.205310,0.141514,0.135392,0.141776,0.129620
0.418170,0.113435,0.105185,0.113129,0.095971
-2.177700,0.360160,0.302432,0.359100,0.308360
-0.747500,0.176596,0.175277,0.177937,0.201100
-2.802800,0.506989,0.488694,0.519253,1.480000
-2.036800,0.275773,0.215707,0.272575,0.219510
-0.855450,0.164845,0.160865,0.165932,0.178180
-0.867010,0.163406,0.159098,0.164449,0.175480
-1.939700,0.224735,0.169459,0.220775,0.171890
-2.174500,0.356989,0.298847,0.355812,0.306150
0.263130,0.133950,0.127010,0.134047,0.119650
0.143850,0.149304,0.144159,0.149728,0.140810
-2.355500,0.468252,0.434391,0.472527,0.424400
0.636700,0.086627,0.078648,0.086194,0.069906
-2.771500,0.522014,0.514414,0.535175,1.347400
-1.184000,0.118852,0.109311,0.117551,0.099115
-0.652570,0.184081,0.184303,0.185466,0.216420
-2.029300,0.271580,0.211721,0.268307,0.215470
-2.373300,0.477988,0.447763,0.482949,0.436910
-2.455200,0.517287,0.505137,0.525545,0.508960
-2.836000,0.488281,0.456929,0.499314,1.379300
-2.230800,0.393406,0.340197,0.393609,0.344480
-2.761300,0.526329,0.521806,0.539723,1.285900
0.221900,0.139362,0.132992,0.139577,0.126700
-0.933160,0.154627,0.148389,0.155359,0.159440
-0.562090,0.188578,0.189577,0.189914,0.225520
-2.532900,0.543178,0.546935,0.554381,0.596060
0.757970,0.073370,0.065578,0.073058,0.058492
-2.277400,0.422303,0.374923,0.423854,0.374680
-2.815700,0.500046,0.476857,0.511863,1.478500
-2.684700,0.549058,0.560131,0.563233,0.925650
-2.814000,0.500985,0.478455,0.512864,1.481200
0.206660,0.141340,0.135197,0.141598,0.129380
-1.001100,0.144899,0.136807,0.145198,0.142440
-1.912900,0.212008,0.158782,0.207902,0.160310
-1.113100,0.128496,0.118636,0.127870,0.115020
-2.767500,0.523741,0.517374,0.536997,1.323500
-2.190300,0.368037,0.311182,0.367251,0.317000
-2.942800,0.412349,0.334539,0.417980,0.168360
-2.550400,0.547092,0.553720,0.558872,0.618040
-2.808100,0.504188,0.483913,0.516273,1.484600
-0.739410,0.177343,0.176186,0.178693,0.202600
-0.546300,0.189101,0.190176,0.190423,0.226510
-2.517200,0.537853,0.538676,0.548455,0.577370
-2.858800,0.472746,0.431542,0.482736,1.135000
0.173790,0.145550,0.139919,0.145897,0.135290
-2.279800,0.423771,0.376740,0.425398,0.376210
-2.840300,0.485662,0.452520,0.496517,1.343200
-0.155210,0.179661,0.178974,0.180596,0.197560
-2.385600,0.484502,0.456881,0.489948,0.446120
-2.795900,0.509353,0.493454,0.521788,1.464300
-2.152000,0.344184,0.285044,0.342611,0.290860
-0.570830,0.188256,0.189205,0.189598,0.224900
-0.033758,0.169218,0.166931,0.169996,0.175080
-0.256130,0.185891,0.186199,0.186930,0.213200
-2.449200,0.514774,0.501282,0.522790,0.502800
-2.731100,0.537359,0.540623,0.551267,1.113400
-2.794300,0.511330,0.496113,0.523863,1.459000
-2.640900,0.554169,0.567899,0.568036,0.792640
-2.782400,0.517083,0.505964,0.529961,1.408100
-0.910580,0.157719,0.152142,0.158569,0.165010
0.712730,0.078193,0.070387,0.077833,0.062532
-1.705400,0.136476,0.107104,0.131873,0.088991
-2.098600,0.311658,0.251064,0.309208,0.255870
0.986020,0.050805,0.042033,0.050507,0.041470
-2.181800,0.362721,0.305264,0.361748,0.311180
-2.244500,0.401958,0.350281,0.402535,0.353510
-0.304770,0.188017,0.188685,0.189102,0.219150
-2.820400,0.497411,0.472380,0.509056,1.466400
-2.126800,0.328697,0.268632,0.326680,0.274040
-2.889300,0.452991,0.398507,0.461545,0.705050
-2.691400,0.547768,0.558033,0.561943,0.948640
0.899810,0.059015,0.050740,0.058775,0.047306
-2.815100,0.500378,0.477423,0.512217,1.479500
-2.890300,0.452275,0.397346,0.460777,0.690870
-2.690200,0.548009,0.558427,0.562185,0.944680
-2.740600,0.534175,0.535211,0.547950,1.163700
-2.881000,0.458868,0.408070,0.467842,0.822690
0.464720,0.107427,0.099080,0.107040,0.089743
-2.770300,0.522537,0.515310,0.535726,1.340900
-2.182900,0.363409,0.306026,0.362459,0.311940
-1.769300,0.155214,0.117304,0.150653,0.107190
-0.257440,0.185956,0.186275,0.186996,0.213380
0.799060,0.069100,0.061247,0.068826,0.055031
-2.040100,0.277630,0.217482,0.274466,0.221340
-2.788500,0.514181,0.500994,0.526888,1.436800
1.802700,0.010408,0.009054,0.010355,0.010251
-2.942500,0.412588,0.334904,0.418236,0.170070
-2.297600,0.434578,0.390266,0.436782,0.387380
0.333500,0.124607,0.116889,0.124505,0.108340
-2.793400,0.511778,0.496880,0.524339,1.456200
-2.594700,0.553420,0.565381,0.566435,0.686460
1.688200,0.012462,0.010991,0.012277,0.012731
-2.388500,0.486010,0.459013,0.491572,0.448370
-2.856400,0.475486,0.435486,0.485635,1.166100
-2.515300,0.538486,0.539016,0.549068,0.575220
1.375000,0.022190,0.016486,0.021485,0.022154
1.533600,0.016105,0.013264,0.015622,0.016845
-0.124100,0.177276,0.176218,0.178175,0.192070
-0.417610,0.190572,0.191749,0.191768,0.227630
0.156040,0.147786,0.142441,0.148179,0.138540
-2.483200,0.528103,0.522092,0.537474,0.538940
-2.369800,0.476101,0.445148,0.480926,0.434420
-0.211710,0.183442,0.183352,0.184437,0.206790
-0.380200,0.190106,0.191168,0.191264,0.225720
-2.859700,0.473329,0.431899,0.483328,1.122700
-2.705500,0.544611,0.552823,0.558744,1.000400
-0.115570,0.176586,0.175422,0.177475,0.190520
-2.523800,0.540844,0.542971,0.551731,0.585160
-0.481170,0.190456,0.191687,0.191715,0.228600
-1.080900,0.133151,0.123555,0.132813,0.122710
-2.463000,0.520454,0.510039,0.529025,0.517150
-0.892930,0.160070,0.155011,0.161004,0.169300
-2.692300,0.547584,0.557733,0.561758,0.951690
-0.208430,0.183243,0.183121,0.184234,0.206290
-2.576100,0.551408,0.561508,0.563948,0.654710
-1.840200,0.180776,0.134475,0.176377,0.131570
-2.033000,0.273644,0.213679,0.270407,0.217490
0.015651,0.164162,0.161119,0.164860,0.165450
-2.107000,0.316696,0.256206,0.314369,0.261150
-2.123900,0.326929,0.266785,0.324865,0.272140
-0.668650,0.183012,0.183028,0.184398,0.214210
-2.451100,0.515577,0.502510,0.523670,0.504750
-2.783400,0.516614,0.505161,0.529465,1.413300
-1.229600,0.113361,0.104713,0.111612,0.089845
-0.126770,0.177489,0.176464,0.178391,0.192550
-2.821900,0.496559,0.470933,0.508147,1.461000
-2.757100,0.528020,0.524701,0.541502,1.260200
-2.846900,0.480387,0.444306,0.490910,1.277900
-2.427500,0.505157,0.486784,0.512292,0.481660
-2.821600,0.496730,0.471223,0.508330,1.462400
-2.367300,0.474745,0.443276,0.479473,0.432610
-2.863600,0.470751,0.427621,0.480568,1.070700
-1.008500,0.143814,0.135543,0.144059,0.140580
-2.665500,0.550833,0.563571,0.564888,0.864080
-0.014944,0.167343,0.164774,0.168092,0.171420
0.372660,0.119413,0.111391,0.119209,0.102450
-0.904050,0.158596,0.153211,0.159478,0.166600
-2.667800,0.551712,0.564343,0.565831,0.871310
-2.741700,0.533789,0.534553,0.547547,1.169600
1.173800,0.034794,0.026032,0.034202,0.030865
-2.801000,0.506750,0.489001,0.519023,1.476900
0.676100,0.082201,0.074331,0.081803,0.065989
-0.534020,0.189455,0.190577,0.190766,0.227140
-0.874800,0.162419,0.157887,0.163431,0.173640
-0.123660,0.177241,0.176178,0.178140,0.191990
-2.674100,0.550823,0.562953,0.564972,0.891010
-2.750900,0.530425,0.528813,0.544026,1.222700
-2.444400,0.512717,0.498147,0.520539,0.498040
-1.961200,0.235392,0.178686,0.231567,0.181570
-2.873300,0.464201,0.416811,0.473555,0.934940
-2.607400,0.554239,0.567113,0.567537,0.711530
-2.554500,0.547896,0.555142,0.559805,0.623450
1.691500,0.012399,0.010940,0.012219,0.012654
-0.725880,0.178547,0.177648,0.179910,0.205050
-2.848000,0.480868,0.444473,0.491392,1.265500
-2.685900,0.548837,0.559773,0.563013,0.929870
0.915010,0.057538,0.049176,0.057294,0.046228
-0.788850,0.172478,0.170242,0.173751,0.192890
-2.710400,0.543374,0.550760,0.557479,1.019700
-2.882600,0.457745,0.406238,0.466639,0.800580
-2.758000,0.527662,0.524088,0.541125,1.265300
-2.877300,0.461445,0.412287,0.470603,0.875950
-1.660200,0.125709,0.102591,0.121139,0.078728
-0.811300,0.170037,0.167246,0.171259,0.188110
-1.900300,0.206244,0.154081,0.202077,0.155080
-2.678900,0.550066,0.561750,0.564231,0.906540
-2.871200,0.464461,0.417821,0.473868,0.964850
-0.281950,0.187093,0.187603,0.188157,0.216510
2.460000,0.001908,0.001264,0.001764,0.002431
-2.608400,0.554284,0.567217,0.567603,0.713560
-1.129600,0.126163,0.116261,0.125384,0.111180
-2.793900,0.511529,0.496454,0.524075,1.457800
0.264440,0.133777,0.126820,0.133870,0.119430
0.224030,0.139085,0.132684,0.139293,0.126330
-2.775200,0.520377,0.511609,0.533445,1.369000
-2.780400,0.518012,0.507556,0.530945,1.398100
-2.691300,0.547788,0.558066,0.561963,0.948400
-0.807840,0.170422,0.167719,0.171653,0.188860
-1.984300,0.247267,0.189248,0.243606,0.192510
-0.273010,0.186696,0.187138,0.187751,0.215400
-2.869900,0.465345,0.419278,0.474814,0.983510
-2.215300,0.383701,0.328942,0.383506,0.334040
-2.866400,0.468880,0.424525,0.478566,1.032500
-0.947530,0.152617,0.145964,0.153266,0.155870
-0.188070,0.181949,0.181621,0.182919,0.203060
-0.738370,0.177437,0.176301,0.178788,0.202790
-2.298400,0.435060,0.390876,0.437290,0.387880
-0.335760,0.189057,0.189912,0.190172,0.222270
0.405540,0.115085,0.106885,0.114805,0.097729
-2.502800,0.534714,0.532783,0.544835,0.560870
-2.341700,0.459305,0.422602,0.463013,0.415250
-2.803400,0.506676,0.488158,0.518920,1.480800
-2.529300,0.542279,0.545401,0.553358,0.591670
-0.734010,0.177830,0.176778,0.179186,0.203590
-0.597170,0.187140,0.187910,0.188501,0.222680
0.077916,0.157225,0.153172,0.157802,0.153340
-1.970100,0.239916,0.182676,0.236152,0.185750
-2.769400,0.522926,0.515978,0.536137,1.335500
0.090316,0.155777,0.151518,0.156327,0.150950
0.026563,0.162990,0.159773,0.163668,0.163320
-0.686300,0.181744,0.181509,0.183128,0.211590
-0.881460,0.161564,0.156840,0.162549,0.172050
-2.705600,0.544586,0.552782,0.558719,1.000900
-2.814800,0.500544,0.477705,0.512394,1.480000
-2.831600,0.490915,0.461375,0.502126,1.410800
-0.348670,0.189416,0.190339,0.190544,0.223400
-1.118600,0.127714,0.117832,0.127037,0.113730
-0.895810,0.159690,0.154547,0.160612,0.168600
-2.858800,0.472746,0.431542,0.482736,1.135200
-1.028600,0.140853,0.132131,0.140947,0.135580
-0.574850,0.188099,0.189025,0.189445,0.224590
-2.278400,0.422915,0.375680,0.424498,0.375360
-2.517200,0.537853,0.538676,0.548455,0.577440
-0.632540,0.185299,0.185747,0.186678,0.218930
-0.351810,0.189497,0.190435,0.190627,0.223660
-2.875100,0.461791,0.413426,0.471008,0.908620
-0.404270,0.190450,0.191593,0.191633,0.227060
-0.025063,0.168360,0.165943,0.169124,0.173390
-2.687900,0.548459,0.559159,0.562635,0.936640
-0.968950,0.149567,0.142314,0.150085,0.150520
-2.378300,0.480658,0.451484,0.485816,0.440620
-2.845700,0.482314,0.446896,0.492938,1.290500
-2.370000,0.476209,0.445298,0.481042,0.434570
-2.329700,0.453578,0.414776,0.456897,0.407480
0.867360,0.062206,0.054102,0.061967,0.049683
-2.802900,0.506937,0.488605,0.519197,1.480100
-1.835700,0.179007,0.133195,0.174594,0.129890
-2.436900,0.509422,0.493164,0.516939,0.490670
-2.684300,0.549131,0.560248,0.563306,0.924420
-2.233200,0.394906,0.341955,0.395174,0.346060
-2.785700,0.515526,0.503296,0.528312,1.424400
-2.750100,0.530727,0.529329,0.544343,1.218000
-2.588000,0.552806,0.564165,0.565658,0.674440
-2.465300,0.521365,0.511460,0.530029,0.519500
-1.947900,0.228753,0.172909,0.224843,0.175530
-2.807300,0.504615,0.484642,0.516728,1.484400
-2.957400,0.400568,0.316776,0.405359,0.101660
-2.582700,0.552231,0.563059,0.564948,0.665290
-2.516600,0.538857,0.539636,0.549487,0.576700
-2.931700,0.421131,0.348019,0.427391,0.240070
-2.715600,0.541983,0.548429,0.556050,1.041500
-0.382190,0.190140,0.191210,0.191301,0.225850
-2.728900,0.538059,0.541809,0.551993,1.102200
-2.246100,0.402955,0.351466,0.403577,0.354590
-2.784800,0.515953,0.504029,0.528765,1.420200
-2.370800,0.476641,0.445896,0.481506,0.435110
-2.506900,0.535990,0.534880,0.546264,0.565540
-2.586700,0.552672,0.563905,0.565491,0.672140
-2.689700,0.548108,0.558588,0.562284,0.942680
-2.585300,0.552523,0.563617,0.565306,0.669720
-0.290690,0.187462,0.188035,0.188535,0.217550
-2.101700,0.313513,0.252952,0.311108,0.257790
-0.175590,0.181109,0.180649,0.182066,0.201010
-2.580400,0.551958,0.562540,0.564614,0.661480
-0.819860,0.169070,0.166057,0.170269,0.186240
-2.327200,0.452125,0.412867,0.455354,0.405940
-1.967600,0.238639,0.181545,0.234857,0.184540
0.643570,0.085846,0.077889,0.085419,0.069208
-0.492680,0.190309,0.191530,0.191580,0.228460
-0.358050,0.189649,0.190618,0.190786,0.224160
-2.086500,0.304461,0.243795,0.301845,0.248380
-1.632500,0.120123,0.100763,0.115600,0.073612
-1.404800,0.101416,0.097810,0.098062,0.065035
-2.467000,0.522033,0.512502,0.530764,0.521380
-0.680820,0.182148,0.181994,0.183533,0.212430
-0.737110,0.177551,0.176440,0.178904,0.203020
-2.786100,0.515335,0.502969,0.528110,1.426300
-2.727100,0.538621,0.542760,0.552576,1.093800
0.703510,0.079193,0.071375,0.078823,0.063385
-1.980600,0.245336,0.187511,0.241648,0.190700
-2.371200,0.476857,0.446195,0.481737,0.435410
1.804300,0.010380,0.009025,0.010329,0.010220
-1.050100,0.137679,0.128539,0.137601,0.130240
-2.113800,0.320799,0.260426,0.318575,0.265510
-2.864600,0.470085,0.426518,0.479855,1.056800
1.247200,0.029554,0.021589,0.028871,0.027399
-2.903300,0.442796,0.382093,0.450617,0.520090
0.310310,0.127692,0.120198,0.127653,0.111960
-2.795900,0.509353,0.493454,0.521788,1.464100
-2.528300,0.542023,0.544967,0.553068,0.590510
-1.872900,0.194213,0.144564,0.189928,0.144040
-0.481750,0.190449,0.191681,0.191710,0.228590
0.206540,0.141355,0.135215,0.141613,0.129400
-2.843400,0.483748,0.449303,0.494471,1.313500
-1.287200,0.107589,0.100687,0.105278,0.079563
0.507040,0.102089,0.093755,0.101655,0.084413
-2.451000,0.515535,0.502446,0.523624,0.504620
-2.766000,0.524377,0.518463,0.537667,1.314400
0.144210,0.149259,0.144108,0.149683,0.140740
-2.894500,0.449245,0.392449,0.457530,0.633430
-2.895700,0.448373,0.391044,0.456596,0.617680
-2.299600,0.435782,0.391790,0.438052,0.388620
0.385580,0.117708,0.109607,0.117473,0.100570
-2.450600,0.515366,0.502188,0.523439,0.504250
0.283590,0.131242,0.124047,0.131279,0.116260
-2.225300,0.389964,0.336184,0.390024,0.340760
-2.658000,0.552858,0.566082,0.566907,0.841380
-2.864700,0.470018,0.426407,0.479784,1.055500
-2.276900,0.421996,0.374545,0.423532,0.374410
0.095170,0.155204,0.150865,0.155744,0.150020
-2.777500,0.519340,0.509832,0.532350,1.382400
0.019208,0.163782,0.160683,0.164473,0.164760
-2.899300,0.445744,0.386816,0.453777,0.570130
-2.850000,0.478426,0.441021,0.488813,1.242700
-2.621300,0.554607,0.568120,0.568174,0.742470
-2.852800,0.477811,0.439363,0.488123,1.209900
-1.252300,0.110912,0.102887,0.108940,0.085586
-0.166780,0.180494,0.179938,0.181442,0.199540
-2.754100,0.529198,0.526715,0.542738,1.242000
-2.831500,0.489800,0.460161,0.500966,1.411500
-2.779800,0.517114,0.506755,0.530014,1.394500
-2.664600,0.552118,0.564968,0.566217,0.861260
-0.088741,0.174316,0.172803,0.175172,0.185570
-1.172600,0.120325,0.110644,0.119135,0.101570
-0.506670,0.190077,0.191276,0.191362,0.228160
-2.720800,0.539337,0.544711,0.553309,1.064300
-0.281990,0.187095,0.187605,0.188159,0.216510
0.508880,0.101860,0.093528,0.101424,0.084190
-1.299500,0.106560,0.100082,0.104132,0.077614
-0.269890,0.186552,0.186971,0.187604,0.215010
-2.633300,0.554473,0.568217,0.568235,0.772440
-2.107100,0.316756,0.256268,0.314431,0.261260
0.963740,0.052887,0.044238,0.052611,0.042915
-0.579610,0.187908,0.188803,0.189257,0.224220
-2.622800,0.554613,0.568171,0.568206,0.746160
-2.714100,0.542393,0.549117,0.556471,1.035300
-2.730700,0.537487,0.540841,0.551400,1.111400
-2.529800,0.542405,0.545616,0.553502,0.592210
0.276710,0.132154,0.125042,0.132211,0.117390
-0.093981,0.174771,0.173328,0.175633,0.186540
-0.491040,0.190332,0.191555,0.191602,0.228490
-1.873000,0.194255,0.144597,0.189971,0.144100
-2.739100,0.534695,0.536097,0.548493,1.155300
-2.901300,0.444273,0.384457,0.452201,0.544790
-2.637900,0.554309,0.568060,0.568137,0.784440
-2.606300,0.554186,0.566993,0.567462,0.709170
-0.397070,0.190364,0.191485,0.191539,0.226700
-2.468100,0.522461,0.513173,0.531237,0.522540
-2.830900,0.491330,0.462076,0.502569,1.415800
-2.804000,0.506361,0.487621,0.518585,1.481700
-2.771800,0.521883,0.514189,0.535036,1.349800
-0.399850,0.190399,0.191529,0.191577,0.226840
-2.145100,0.339923,0.280485,0.338223,0.286180
-2.203000,0.375992,0.320140,0.375498,0.325690
-2.572000,0.549663,0.559220,0.562040,0.648310
-2.075300,0.297869,0.237215,0.295107,0.241570
-2.545800,0.546138,0.552047,0.557770,0.611990
-2.798400,0.509260,0.492573,0.521665,1.471000
-2.460500,0.519451,0.508482,0.527923,0.514430
-2.710300,0.543400,0.550803,0.557505,1.019200
-2.831500,0.489800,0.460161,0.500966,1.411600
-2.513200,0.537877,0.538003,0.548383,0.572720
-0.021789,0.168033,0.165567,0.168793,0.172760
0.348020,0.122678,0.114835,0.122537,0.106120
-2.819100,0.498145,0.473627,0.509838,1.470200
-0.605750,0.186729,0.187430,0.188096,0.221850
-2.765200,0.524714,0.519040,0.538022,1.309600
-2.509500,0.536780,0.536184,0.547150,0.568440
-0.326730,0.188780,0.189584,0.189886,0.221420
-2.838900,0.486520,0.453962,0.497432,1.355100
-2.701600,0.545544,0.554372,0.559694,0.985700
-2.575400,0.551314,0.561333,0.563835,0.653590
-0.089689,0.174399,0.172899,0.175256,0.185740
-2.872600,0.464681,0.417599,0.474069,0.943660
-1.974300,0.242074,0.184593,0.238339,0.187710
-0.690240,0.181447,0.181153,0.182831,0.210980
-0.315310,0.188398,0.189134,0.189494,0.220270
-1.790500,0.162337,0.121772,0.157812,0.114060
-2.770000,0.522667,0.515533,0.535864,1.338900
-2.437000,0.509466,0.493231,0.516988,0.490740
-2.712700,0.542769,0.549747,0.556858,1.029100
-2.766900,0.523996,0.517811,0.537266,1.320200
0.234740,0.137685,0.131131,0.137864,0.124470
-2.620300,0.554599,0.568079,0.568148,0.740130
-2.793200,0.511877,0.497050,0.524444,1.455400
-2.824500,0.495068,0.468405,0.506558,1.450700
-2.675700,0.550579,0.562566,0.564734,0.896300
-2.769200,0.523013,0.516125,0.536228,1.334200
-2.239500,0.398841,0.346587,0.399279,0.350250
-1.961700,0.235645,0.178907,0.231823,0.181820
-0.049976,0.170782,0.168731,0.171584,0.178210
1.154300,0.036298,0.027406,0.035737,0.031844
-2.842400,0.484368,0.450344,0.495134,1.323400
-2.454300,0.516914,0.504564,0.525136,0.508070
-2.433200,0.507761,0.490670,0.515128,0.487110
0.359570,0.121146,0.113214,0.120975,0.104380
-2.754700,0.528964,0.526316,0.542493,1.245600
-2.795300,0.510829,0.495256,0.523331,1.462300
-2.410400,0.497036,0.474838,0.503477,0.466300
-2.312000,0.443189,0.401256,0.445882,0.396380
-2.431100,0.506808,0.489244,0.514089,0.485110
-0.171680,0.180838,0.180336,0.181791,0.200360
-1.512200,0.104497,0.097968,0.100424,0.061988
-0.441940,0.190665,0.191884,0.191885,0.228340
0.840120,0.064926,0.056943,0.064678,0.051758
-0.856220,0.164750,0.160749,0.165834,0.178000
-2.673200,0.550958,0.563165,0.565103,0.888140
-2.688300,0.548382,0.559034,0.562558,0.938030
-1.997000,0.253975,0.195338,0.250414,0.198730
-2.575500,0.551327,0.561358,0.563851,0.653650
0.772800,0.071817,0.064012,0.071520,0.057221
-2.779800,0.517114,0.506755,0.530014,1.394600
0.368490,0.119965,0.111970,0.119771,0.103060
-1.654800,0.124560,0.102184,0.119997,0.077664
-2.936700,0.417195,0.341953,0.423173,0.205360
-2.871200,0.464461,0.417821,0.473868,0.964780
-2.602900,0.554001,0.566586,0.567203,0.702310
-2.982600,0.379721,0.286279,0.383047,0.040024
-2.719400,0.540915,0.546634,0.554950,1.057900
0.158100,0.147528,0.142150,0.147916,0.138160
-0.658640,0.183687,0.183834,0.185073,0.215600
-0.008411,0.166678,0.164009,0.167416,0.170150
-2.512800,0.537760,0.537808,0.548251,0.572280
-2.900800,0.444642,0.385048,0.452595,0.551550
-1.380000,0.101976,0.097981,0.098825,0.067249
-2.320200,0.448031,0.407521,0.451011,0.401500
0.592340,0.091759,0.083638,0.091303,0.074579
-2.888300,0.453706,0.399667,0.462311,0.719000
-2.633100,0.554478,0.568221,0.568238,0.771720
-2.790300,0.513306,0.499495,0.525960,1.444500
-2.411300,0.497475,0.475476,0.503952,0.467120
-0.934980,0.154374,0.148083,0.155096,0.158990
-0.758840,0.175517,0.173961,0.176843,0.198930
-1.994800,0.252804,0.194269,0.249226,0.197650
-2.505600,0.535589,0.534220,0.545815,0.563970
-0.066775,0.172350,0.170537,0.173176,0.181420
-2.749500,0.530953,0.529715,0.544579,1.214500
-2.245600,0.402644,0.351096,0.403251,0.354270
-1.763300,0.153280,0.116140,0.148711,0.105310
-2.223400,0.388775,0.334802,0.388785,0.339520
-1.392600,0.101637,0.097875,0.098381,0.066063
-0.652540,0.184083,0.184305,0.185468,0.216420
-2.884200,0.456618,0.404400,0.465431,0.777030
-2.507600,0.536204,0.535233,0.546504,0.566310
-0.455090,0.190645,0.191876,0.191878,0.228550
-2.416600,0.500033,0.479216,0.506725,0.471730
-2.541700,0.545242,0.550489,0.556740,0.606880
1.836900,0.009826,0.008403,0.009790,0.009593
-2.710900,0.543244,0.550542,0.557345,1.021800
-0.810010,0.170181,0.167422,0.171406,0.188400
-2.561900,0.549238,0.557540,0.561372,0.633570
0.203670,0.141726,0.135629,0.141992,0.129910
-1.268100,0.109337,0.101800,0.107211,0.082786
0.173450,0.145593,0.139968,0.145941,0.135350
-2.444500,0.512760,0.498212,0.520586,0.498100
-2.738700,0.534833,0.536331,0.548636,1.152800
-1.942700,0.226198,0.170711,0.222256,0.173200
-2.818000,0.498763,0.474677,0.510497,1.473300
-2.643300,0.554037,0.567736,0.567935,0.799250
-0.308140,0.188142,0.188833,0.189231,0.219510
-1.573400,0.110729,0.098653,0.106377,0.065754
0.248840,0.135835,0.129084,0.135972,0.122060
-0.500880,0.190180,0.191389,0.191460,0.228300
-0.930800,0.154954,0.148785,0.155699,0.160030
-2.772600,0.521531,0.513587,0.534665,1.354200
-2.670000,0.551415,0.563882,0.565546,0.878210
-0.849180,0.165612,0.161808,0.166721,0.179630
-1.212900,0.115290,0.106256,0.113706,0.093145
0.507740,0.102002,0.093668,0.101567,0.084328
-2.549500,0.546909,0.553399,0.558661,0.616850
-1.355800,0.102931,0.098323,0.099987,0.069881
-2.716300,0.541790,0.548104,0.555851,1.044500
-0.556010,0.188789,0.189818,0.190119,0.225920
-2.990700,0.372908,0.276582,0.375762,0.029584
-0.110100,0.176135,0.174902,0.177018,0.189520
-2.568200,0.550267,0.559405,0.562586,0.642560
-2.795700,0.510628,0.494912,0.523118,1.463600
-0.138520,0.178408,0.177525,0.179324,0.194640
-1.595000,0.113769,0.099193,0.109343,0.068133
0.214150,0.140370,0.134115,0.140606,0.128060
-1.507700,0.104174,0.097945,0.100125,0.061878
-2.686100,0.548800,0.559713,0.562976,0.930520
-2.370900,0.476695,0.445971,0.481564,0.435190
-1.735000,0.144644,0.111236,0.140048,0.096911
-2.680800,0.549747,0.561240,0.563916,0.912610
0.805870,0.068401,0.060532,0.068132,0.054476
-0.821780,0.168850,0.165787,0.170044,0.185820
-2.261700,0.412638,0.363098,0.413710,0.364680
0.210840,0.140799,0.134593,0.141045,0.128640
-2.884000,0.456759,0.404630,0.465582,0.780170
-2.662900,0.552321,0.565277,0.566408,0.856050
-1.543400,0.107242,0.098205,0.103014,0.063365
-2.195900,0.371543,0.315115,0.370884,0.320860
-2.097100,0.310762,0.250154,0.308291,0.254950
-2.833600,0.488549,0.458046,0.499631,1.397700
-2.704600,0.544830,0.553187,0.558968,0.997030
-2.541400,0.545175,0.550372,0.556663,0.606420
-2.631600,0.554517,0.568247,0.568254,0.767910
0.178900,0.144901,0.139189,0.145234,0.134360
-2.737900,0.535107,0.536797,0.548922,1.148800
-2.564700,0.549709,0.558389,0.561926,0.637530
-2.598500,0.553713,0.565978,0.566817,0.693570
-2.871500,0.465431,0.418835,0.474873,0.960420
-2.679100,0.550033,0.561698,0.564198,0.907070
-1.073000,0.134308,0.124811,0.134038,0.124630
-0.624210,0.185768,0.186300,0.187144,0.219890
-2.542600,0.545442,0.550836,0.556970,0.608020
-0.488330,0.190369,0.191595,0.191636,0.228520
0.773940,0.071698,0.063892,0.071402,0.057124
-2.792800,0.512076,0.497389,0.524655,1.453800
-2.833600,0.488549,0.458046,0.499631,1.397000
-0.984860,0.147269,0.139589,0.147681,0.146530
-1.993100,0.251902,0.193447,0.248310,0.196830
-2.715400,0.542038,0.548522,0.556107,1.040700
-0.245490,0.185348,0.185566,0.186376,0.211740
-2.752300,0.529892,0.527902,0.543467,1.230900
-2.088000,0.305349,0.244687,0.302753,0.249300
0.709220,0.078573,0.070763,0.078209,0.062856
-2.527600,0.541843,0.544661,0.552863,0.589640
-2.694900,0.547040,0.556840,0.561210,0.961020
-2.560500,0.548995,0.557103,0.561088,0.631660
-2.222900,0.388462,0.334439,0.388459,0.339160
-2.761700,0.526165,0.521526,0.539551,1.288000
-2.443500,0.512327,0.497554,0.520112,0.497110
-0.406040,0.190469,0.191617,0.191653,0.227140
-2.159800,0.349017,0.290254,0.347593,0.296140
-0.102300,0.175482,0.174148,0.176355,0.188090
0.417070,0.113578,0.105333,0.113274,0.096124
-2.635100,0.554416,0.568168,0.568205,0.776930
-1.231700,0.113126,0.104531,0.111356,0.089450
-2.079700,0.300451,0.239783,0.297745,0.244210
-2.401900,0.492836,0.468758,0.498934,0.459140
-2.470300,0.523312,0.514506,0.532175,0.524840
-2.581900,0.552138,0.562881,0.564833,0.664020
-2.073000,0.296524,0.235881,0.293733,0.240190
0.162580,0.146965,0.141515,0.147342,0.137340
-2.368200,0.475234,0.443950,0.479997,0.433260
-2.021500,0.267260,0.207649,0.263912,0.211300
-2.308500,0.441108,0.398582,0.443681,0.394190
-2.902500,0.443388,0.383040,0.451251,0.530290
-2.843200,0.483872,0.449511,0.494604,1.315700
-0.750120,0.176350,0.174977,0.177688,0.200600
-0.504770,0.190112,0.191314,0.191395,0.228210
-2.558400,0.548621,0.556433,0.560650,0.628660
-2.852100,0.478260,0.440112,0.488603,1.218700
-2.197800,0.372734,0.316456,0.372118,0.322110
-0.543660,0.189181,0.190267,0.190501,0.226650
-1.994500,0.252645,0.194124,0.249064,0.197520
-2.093900,0.308854,0.248221,0.306338,0.252940
-2.572000,0.549663,0.559220,0.562040,0.648340
1.168000,0.035237,0.026432,0.034654,0.031155
0.427080,0.112275,0.103997,0.111952,0.094749
-2.649500,0.553618,0.567177,0.567587,0.816630
-2.604300,0.554081,0.566760,0.567314,0.705110
0.890560,0.059919,0.051695,0.059680,0.047973
-2.189100,0.367286,0.310342,0.366473,0.316180
-0.983130,0.147520,0.139885,0.147944,0.146960
-0.336700,0.189084,0.189945,0.190201,0.222350
-2.649000,0.553656,0.567230,0.567620,0.815110
-2.818500,0.498483,0.474200,0.510198,1.472100
-2.741200,0.533965,0.534853,0.547730,1.166900
-0.974710,0.148738,0.141328,0.149218,0.149070
-2.526600,0.541584,0.544221,0.552569,0.588480
0.469920,0.106764,0.098414,0.106370,0.089070
-0.654980,0.183926,0.184118,0.185311,0.216100
-0.700570,0.180647,0.180189,0.182027,0.209340
-2.556600,0.548292,0.555845,0.560265,0.626200
0.220480,0.139547,0.133198,0.139766,0.126950
0.723090,0.077076,0.069281,0.076728,0.061585
-0.307060,0.188102,0.188786,0.189190,0.219400
-0.538200,0.189339,0.190447,0.190654,0.226940
-1.213900,0.115172,0.106159,0.113577,0.092940
-2.869900,0.465345,0.419278,0.474814,0.982990
1.900000,0.008762,0.007135,0.008730,0.008469
-2.103600,0.314653,0.254115,0.312275,0.259010
-2.544300,0.545815,0.551484,0.557399,0.610160
-0.991350,0.146324,0.138476,0.146692,0.144900
-0.558690,0.188697,0.189714,0.190030,0.225750
-1.796800,0.164539,0.123209,0.160027,0.116170
-2.246600,0.403266,0.351837,0.403902,0.354930
-1.258500,0.110281,0.102442,0.108248,0.084477
-0.094117,0.174783,0.173341,0.175645,0.186570
0.798170,0.069191,0.061341,0.068916,0.055104
-2.674700,0.550732,0.562810,0.564884,0.892850
-0.589290,0.187496,0.188325,0.188853,0.223400
-2.764000,0.525215,0.519899,0.538550,1.302500
-2.464300,0.520970,0.510844,0.529594,0.518490
-2.905500,0.441163,0.379486,0.448866,0.493710
-2.744400,0.532827,0.532914,0.546541,1.184800
-2.521100,0.540114,0.541740,0.550904,0.581890
-0.300020,0.187835,0.188472,0.188916,0.218620
-0.384060,0.190172,0.191248,0.191334,0.225960
-2.757600,0.527822,0.524361,0.541293,1.262900
-2.099000,0.311897,0.251307,0.309453,0.256100
0.530390,0.099202,0.090907,0.098752,0.081604
-2.808800,0.503813,0.483273,0.515874,1.484700
-1.959000,0.234284,0.177715,0.230444,0.180590
-2.656400,0.551843,0.565093,0.565830,0.836480
-2.623200,0.554614,0.568183,0.568214,0.746990
-1.063900,0.135645,0.126278,0.135452,0.126860
-2.654100,0.553234,0.566632,0.567248,0.829890
-0.710520,0.179845,0.179221,0.181219,0.207700
-2.945600,0.410109,0.331133,0.415580,0.153390
-2.837300,0.487494,0.455602,0.498473,1.368900
-2.212100,0.381695,0.326641,0.381421,0.331870
0.243370,0.136554,0.129878,0.136707,0.122990
-2.721900,0.540190,0.545411,0.554200,1.069500
-2.221000,0.387272,0.333061,0.387220,0.337910
-0.475850,0.190510,0.191745,0.191765,0.228630
-0.380140,0.190105,0.191167,0.191263,0.225720
-2.275600,0.421199,0.373562,0.422695,0.373570
-2.875100,0.461791,0.413426,0.471008,0.908490
-1.851800,0.185426,0.137896,0.181064,0.135910
-1.844900,0.182645,0.135840,0.178260,0.133300
-2.773200,0.521267,0.513133,0.534385,1.357500
-2.776400,0.519838,0.510685,0.532876,1.375800
-2.519500,0.539672,0.541000,0.550406,0.580040
-2.971200,0.389224,0.300028,0.393213,0.061464
-2.798300,0.509311,0.492660,0.521720,1.470700
-2.311900,0.443130,0.401179,0.445819,0.396270
-2.686800,0.548668,0.559500,0.562845,0.932850
-1.040900,0.139037,0.130067,0.139033,0.132510
-2.905300,0.441312,0.379723,0.449026,0.496580
-2.314700,0.444789,0.403318,0.447575,0.398070
-2.555300,0.548048,0.555412,0.559982,0.624470
-2.823400,0.495701,0.469478,0.507233,1.455400
-1.859500,0.188584,0.140263,0.184249,0.138830
-2.887800,0.454063,0.400246,0.462693,0.725810
-2.681300,0.549661,0.561102,0.563831,0.914510
0.256970,0.134764,0.127904,0.134878,0.120680
-2.857100,0.475030,0.434727,0.485148,1.156600
-0.176070,0.181142,0.180687,0.182100,0.201090
-2.681100,0.549696,0.561158,0.563865,0.913820
-2.425700,0.504324,0.485546,0.511386,0.480060
-2.876100,0.462275,0.413648,0.471493,0.894210
-2.496000,0.532514,0.529195,0.542379,0.553190
-0.177940,0.181270,0.180835,0.182229,0.201400
0.469960,0.106759,0.098409,0.106365,0.089065
-2.796300,0.510325,0.494395,0.522797,1.465400
-2.830300,0.491685,0.462676,0.502948,1.419200
-1.037300,0.139569,0.130668,0.139594,0.133410
-2.387600,0.485543,0.458352,0.491069,0.447660
-0.567360,0.188387,0.189356,0.189727,0.225150
-0.232540,0.184649,0.184754,0.185665,0.209900
-2.723100,0.539835,0.544812,0.553833,1.074900
-0.870540,0.162960,0.158551,0.163990,0.174650
0.220510,0.139543,0.133194,0.139762,0.126940
-2.658700,0.552785,0.565975,0.566841,0.843570
-2.341700,0.459305,0.422602,0.463013,0.415230
-0.621510,0.185915,0.186474,0.187290,0.220190
-2.888100,0.453849,0.399898,0.462464,0.722250
-2.491900,0.531139,0.526968,0.540847,0.548600
-1.882100,0.198175,0.147651,0.193928,0.147670
0.436610,0.111040,0.102736,0.110698,0.093456
-2.233300,0.394969,0.342028,0.395239,0.346130
-2.806600,0.504988,0.485278,0.517125,1.484000
-2.523600,0.540791,0.542880,0.551670,0.584860
-1.346300,0.103410,0.098516,0.100550,0.071035
-1.069900,0.134763,0.125309,0.134519,0.125390
-2.809500,0.503436,0.482631,0.515473,1.484700
-0.457050,0.190637,0.191870,0.191873,0.228580
-2.260300,0.411771,0.362049,0.412803,0.363780
-2.323500,0.449966,0.410042,0.453062,0.403600
-1.894800,0.203774,0.152093,0.199582,0.152810
-2.281500,0.424810,0.378027,0.426491,0.377270
-2.827600,0.493270,0.465358,0.504640,1.435400
-2.674500,0.550763,0.562858,0.564913,0.892370
-2.347700,0.463881,0.428482,0.467862,0.419170
-0.283610,0.187165,0.187687,0.188230,0.216710
-0.118330,0.176811,0.175681,0.177703,0.191030
-2.197400,0.372483,0.316173,0.371858,0.321890
-2.718100,0.541285,0.547257,0.555332,1.052100
-2.858300,0.474247,0.433424,0.484310,1.141300
-2.069600,0.294541,0.233921,0.291709,0.238180
0.062565,0.158989,0.155189,0.159598,0.156310
-2.581200,0.552054,0.562724,0.564732,0.662900
-0.680990,0.182136,0.181979,0.183521,0.212400
-2.858400,0.474182,0.433316,0.484240,1.140100
0.645720,0.085603,0.077652,0.085177,0.068990
-0.050681,0.170849,0.168808,0.171652,0.178340
-1.090300,0.131781,0.122084,0.131361,0.120440
-2.809800,0.503274,0.482355,0.515301,1.484600
-0.062708,0.171975,0.170105,0.172796,0.180640
-0.122620,0.177157,0.176081,0.178055,0.191800
-2.720800,0.539337,0.544711,0.553309,1.064400
-0.758460,0.175554,0.174005,0.176880,0.199000
-1.891500,0.202305,0.150919,0.198098,0.151450
-0.633690,0.185232,0.185668,0.186612,0.218790
-2.857300,0.474900,0.434511,0.485009,1.154500
-2.680400,0.548641,0.560120,0.562760,0.911400
-2.590200,0.553021,0.564587,0.565928,0.678170
-2.845600,0.482377,0.447001,0.493005,1.291600
-2.632300,0.554500,0.568236,0.568247,0.769750
-2.513000,0.537819,0.537905,0.548317,0.572510
-2.598800,0.553734,0.566023,0.566845,0.694250
-2.743000,0.533329,0.533769,0.547066,1.176700
-2.072600,0.296290,0.235650,0.293495,0.240000
-1.915900,0.213401,0.159932,0.209310,0.161590
-0.434500,0.190654,0.191863,0.191867,0.228170
-2.016400,0.264458,0.205026,0.261064,0.208620
-2.271900,0.418927,0.370769,0.420309,0.371250
-2.850600,0.479218,0.441714,0.489628,1.236700
-2.245500,0.402581,0.351021,0.403186,0.354170
-2.282600,0.425482,0.378861,0.427197,0.377980
-2.383500,0.483403,0.455333,0.488766,0.444520
-2.686500,0.548725,0.559591,0.562901,0.931980
-2.874000,0.463721,0.416022,0.473041,0.923670
-2.807200,0.504669,0.484733,0.516785,1.484300
-2.882500,0.457816,0.406352,0.466715,0.801650
0.897260,0.059263,0.051003,0.059024,0.047490
-1.319000,0.105094,0.099296,0.102483,0.074694
-2.930900,0.421757,0.348988,0.428063,0.246350
-0.894820,0.159821,0.154707,0.160747,0.168840
-2.931300,0.421444,0.348503,0.427727,0.242940
1.115000,0.039456,0.030407,0.038961,0.033898
-2.638000,0.554305,0.568055,0.568134,0.784680
0.363420,0.120636,0.112676,0.120455,0.103810
-2.759500,0.525886,0.521796,0.539269,1.274600
-2.716700,0.541678,0.547918,0.555736,1.046100
-0.397050,0.190364,0.191485,0.191539,0.226700
-2.460200,0.519330,0.508295,0.527790,0.514180
-0.828240,0.168104,0.164871,0.169280,0.184380
-0.095894,0.174936,0.173518,0.175800,0.186900
-2.219200,0.386144,0.331758,0.386047,0.336670
-2.690300,0.547989,0.558394,0.562165,0.944780
