-0.830770,0.296786,0.292152,0.294945,0.141290
0.490820,0.440501,0.433027,0.444222,2.794800
0.108930,0.535470,0.541061,0.539240,2.877700
0.492500,0.439713,0.432072,0.443449,3.188500
0.109110,0.535474,0.541062,0.541062,2.833100
-0.500740,0.388987,0.390232,0.392312,4.155500
0.508700,0.431865,0.422436,0.435702,2.907800
0.545440,0.412404,0.397781,0.416124,0.172080
0.312670,0.503037,0.500321,0.503732,0.190000
0.256910,0.517034,0.515358,0.518226,0.193040
-0.991100,0.264563,0.262463,0.267133,2.807700
-0.102490,0.477156,0.465259,0.477025,0.198480
0.084919,0.534102,0.539799,0.540073,1.478600
0.038816,0.527121,0.530715,0.533028,0.201510
-0.977800,0.265985,0.264283,0.268237,0.462850
-0.001562,0.516467,0.515921,0.521392,4.141600
0.522410,0.424872,0.413681,0.428724,0.498210
-0.328010,0.409650,0.406717,0.407128,0.189070
-0.992360,0.264253,0.262095,0.266843,3.103000
0.005568,0.518631,0.518932,0.523790,3.616900
0.228360,0.523208,0.522687,0.525085,0.194390
-1.002600,0.258166,0.255254,0.260758,3.976500
-0.695360,0.332780,0.322718,0.331322,0.156670
-1.773500,0.057057,0.052112,0.056957,0.041401
1.160900,0.118773,0.110481,0.117991,0.101710
0.497630,0.437276,0.429104,0.441054,4.056100
0.130970,0.535421,0.540325,0.540470,0.230810
0.098775,0.535077,0.540805,0.540860,4.159100
-0.994940,0.263612,0.261331,0.266243,3.632000
-1.018600,0.257367,0.253597,0.260269,0.832210
1.366100,0.084987,0.079451,0.084351,0.078477
0.090086,0.534525,0.540265,0.540437,2.639700
0.583660,0.389823,0.368548,0.392910,0.168270
0.600510,0.379204,0.354822,0.381864,0.166600
0.171980,0.532363,0.535067,0.536090,0.196590
0.509740,0.431346,0.421791,0.435187,2.657700
-1.001500,0.261947,0.259319,0.264672,4.066500
-1.541700,0.084560,0.078198,0.083456,0.060798
0.274440,0.512876,0.510710,0.513783,0.192150
-1.101300,0.229996,0.216530,0.232399,0.108800
-2.380900,0.013619,0.010546,0.013550,0.011723
0.502650,0.434848,0.426125,0.438658,4.028800
1.050500,0.143644,0.132088,0.142126,0.114910
-0.543710,0.379568,0.378360,0.382671,0.172390
-0.501120,0.388915,0.390145,0.392242,4.141200
-0.903060,0.282929,0.281168,0.283167,0.132710
-1.002600,0.258166,0.255254,0.260758,3.982100
-1.508300,0.089853,0.081876,0.088366,0.063975
0.305910,0.504848,0.502184,0.505538,0.190400
0.505200,0.433599,0.424584,0.437422,3.661300
0.758670,0.272292,0.232331,0.269759,0.149630
1.593400,0.059622,0.055893,0.059528,0.056062
-1.127500,0.219671,0.202402,0.221522,0.105670
0.409700,0.473374,0.470231,0.475583,0.183460
0.320470,0.500912,0.498152,0.501632,0.189540
0.105170,0.535355,0.541012,0.541023,3.690100
0.655990,0.342187,0.308387,0.343022,0.160900
-2.151200,0.024438,0.021352,0.024088,0.019730
-0.996430,0.263238,0.260883,0.265891,3.865600
0.008486,0.519483,0.520120,0.524731,2.983400
0.500340,0.435971,0.427505,0.439767,4.164100
-0.905630,0.282451,0.280757,0.282771,0.132400
-1.596300,0.077132,0.072328,0.076553,0.055807
-0.178420,0.445949,0.433515,0.442278,0.196370
-0.169080,0.449486,0.436686,0.446135,0.196690
0.035982,0.526506,0.529871,0.532372,0.205550
0.107650,0.535435,0.541050,0.541053,3.176400
1.056100,0.142204,0.130916,0.140745,0.114230
0.098306,0.535052,0.540783,0.540843,4.132100
0.984900,0.162562,0.146644,0.160216,0.122840
1.272900,0.098733,0.091917,0.098060,0.088749
0.006094,0.518786,0.519148,0.522139,3.513800
0.432600,0.465040,0.461315,0.467775,0.181700
-0.999040,0.262577,0.260085,0.265268,4.093100
0.070756,0.532570,0.537955,0.538639,0.254470
-0.445050,0.397563,0.399387,0.399902,0.180710
0.503890,0.434242,0.425378,0.438059,3.874800
0.418920,0.470097,0.466766,0.472520,0.182760
0.493390,0.439293,0.431562,0.443037,3.384400
-0.713830,0.326968,0.317108,0.325059,0.154650
-0.299710,0.413653,0.409128,0.410095,0.190760
-0.505280,0.388113,0.389176,0.391454,3.647600
0.483180,0.444027,0.437266,0.447666,1.147600
-0.996630,0.263188,0.260822,0.265844,3.891700
0.715540,0.301122,0.261466,0.299832,0.154460
1.366400,0.084947,0.079415,0.084311,0.078440
-0.174530,0.447407,0.434809,0.443865,0.196510
-0.665910,0.342373,0.332692,0.341815,0.159850
0.576610,0.394153,0.374164,0.397394,0.168960
-0.484060,0.391961,0.393695,0.395139,1.296900
-0.991880,0.264371,0.262235,0.266954,2.992100
-0.511490,0.386870,0.387653,0.390219,2.237200
-0.986290,0.265731,0.263834,0.268219,1.680800
0.499020,0.436608,0.428287,0.440396,4.147300
-0.378850,0.404311,0.403908,0.404045,0.185700
1.636600,0.055364,0.051398,0.055349,0.052287
0.493140,0.439411,0.431706,0.443153,3.331500
-0.512060,0.386753,0.387508,0.390102,2.103100
0.487930,0.441846,0.434650,0.445538,2.102800
-0.502540,0.388644,0.389819,0.391977,4.039900
0.652500,0.344580,0.311292,0.345541,0.161260
-0.003150,0.515970,0.515230,0.520840,3.996800
1.593000,0.059662,0.055933,0.059567,0.056101
-0.177210,0.446401,0.433914,0.442769,0.196410
-1.495600,0.092065,0.083321,0.090426,0.065205
-0.976620,0.268006,0.266439,0.270307,0.383020
-1.727600,0.062059,0.057529,0.061987,0.044865
-1.559100,0.082054,0.076321,0.081135,0.059178
0.019077,0.522409,0.524196,0.527942,0.846280
0.089900,0.534511,0.540250,0.540425,2.594800
-0.516770,0.385771,0.386287,0.389112,1.152700
-0.498890,0.387587,0.388817,0.390829,4.142100
-0.656570,0.345457,0.336087,0.345216,0.160840
0.101690,0.535217,0.540919,0.539128,4.132100
0.952820,0.173505,0.154528,0.170715,0.126720
0.499610,0.436324,0.427938,0.440115,4.163500
0.003455,0.518002,0.518056,0.523094,3.958700
-1.005600,0.260882,0.258011,0.263657,3.540700
-1.793900,0.054853,0.049724,0.054722,0.039923
-1.560000,0.081929,0.076225,0.081018,0.059097
0.993620,0.159799,0.144604,0.157573,0.121790
0.084732,0.534085,0.539780,0.540058,1.442900
0.519830,0.426213,0.415370,0.430067,0.732710
0.087249,0.534302,0.540022,0.540247,1.968700
-1.001800,0.261870,0.259225,0.264598,4.050400
-1.187300,0.194247,0.169540,0.194494,0.098603
1.193400,0.112525,0.104712,0.111812,0.097886
0.089297,0.534465,0.540201,0.540386,2.449100
-0.460230,0.395589,0.397544,0.398333,0.180940
1.641800,0.054851,0.050843,0.054843,0.051840
-0.005360,0.515269,0.514256,0.520060,3.656000
0.224180,0.524039,0.523722,0.526036,0.194570
0.284320,0.510429,0.508057,0.511227,0.191620
-0.485680,0.391688,0.393387,0.394886,1.607900
0.000531,0.517114,0.516820,0.522110,4.184300
0.502100,0.435116,0.426455,0.438923,4.079000
-0.499780,0.389169,0.390449,0.392489,4.165600
-0.999160,0.262547,0.260048,0.265239,4.097600
-0.753320,0.315389,0.306841,0.312911,0.150230
-0.290810,0.415141,0.410076,0.411317,0.191260
0.488160,0.441740,0.434522,0.445434,2.156600
-1.653400,0.070324,0.066074,0.070096,0.050863
-0.973390,0.268745,0.267266,0.270977,0.239810
-0.577950,0.370345,0.366368,0.372724,0.168830
-1.016000,0.258087,0.254513,0.260968,1.229900
0.003517,0.518020,0.518081,0.519471,3.950700
-0.966920,0.270194,0.268859,0.272281,0.141790
-0.146270,0.458579,0.445342,0.456174,0.197400
-0.005005,0.515382,0.514414,0.518364,3.720200
0.532690,0.419417,0.406763,0.423235,0.192180
0.509580,0.431426,0.421891,0.435266,2.698100
0.477480,0.444845,0.438459,0.448339,0.494060
-0.004496,0.515544,0.514639,0.520366,3.806400
-1.565800,0.081128,0.075602,0.080275,0.058558
0.504180,0.434100,0.425202,0.437918,3.832000
0.004896,0.518432,0.518655,0.523570,3.739200
-1.256100,0.164403,0.136470,0.162890,0.090655
0.503970,0.434203,0.425330,0.438020,3.863300
0.103780,0.535304,0.540980,0.540998,3.914200
-0.296890,0.414111,0.409417,0.410466,0.190920
0.005441,0.518593,0.518880,0.523748,3.640900
2.454300,0.010934,0.010729,0.010932,0.009818
-1.000300,0.260507,0.257837,0.263142,4.110000
0.008526,0.519495,0.520136,0.524744,2.973900
-0.026037,0.508231,0.504575,0.512182,0.334000
0.103240,0.535283,0.540966,0.540987,3.984600
0.033314,0.525908,0.529048,0.531731,0.214940
0.004568,0.518334,0.518519,0.523462,3.794700
-0.495990,0.389872,0.391285,0.393169,3.859300
-0.504760,0.388214,0.389299,0.391554,3.738300
0.481770,0.444667,0.438030,0.448289,0.935010
0.504290,0.434046,0.425136,0.437864,3.815200
1.809500,0.038111,0.031931,0.037921,0.038815
-0.074583,0.489079,0.479544,0.490525,0.198970
-1.131500,0.218040,0.200198,0.219795,0.105190
-0.527620,0.383392,0.383281,0.386676,0.261500
-1.002900,0.259837,0.257018,0.262506,3.942700
-0.015953,0.511767,0.509417,0.516150,1.317400
0.102320,0.535245,0.540939,0.540966,4.083000
-0.767120,0.311669,0.303767,0.309136,0.148660
0.122940,0.535578,0.540787,0.540843,0.485480
0.789200,0.253014,0.214727,0.249866,0.146130
-0.685210,0.336052,0.326019,0.334883,0.157770
-0.483320,0.392084,0.393833,0.395253,1.170700
0.511800,0.430312,0.420505,0.434159,2.163800
0.222550,0.524357,0.524123,0.526402,0.194640
0.658480,0.340477,0.306321,0.341221,0.160630
2.384000,0.011597,0.011409,0.011539,0.011638
0.495720,0.438189,0.430218,0.441952,3.818200
-1.679700,0.067353,0.063098,0.067216,0.048681
0.105500,0.535367,0.541018,0.541028,3.629200
0.844860,0.221220,0.188793,0.217589,0.139630
-1.338100,0.132633,0.109145,0.130028,0.081501
-0.010433,0.513620,0.511974,0.518222,2.515200
0.827830,0.230442,0.195952,0.226873,0.141640
-0.483450,0.392063,0.393809,0.395233,1.191800
-0.007795,0.514484,0.513169,0.519186,3.144400
0.982880,0.163214,0.147122,0.160840,0.123090
-0.270110,0.419098,0.412697,0.414791,0.192370
0.497290,0.437439,0.429303,0.441214,4.023100
0.494900,0.438578,0.430693,0.442335,3.681100
0.494320,0.438853,0.431028,0.442605,3.572200
-1.009000,0.259982,0.256896,0.262797,2.777100
-0.434860,0.398764,0.400398,0.400781,0.181520
-1.105100,0.228541,0.214524,0.230873,0.108340
-1.075400,0.239483,0.229630,0.242271,0.111910
1.581500,0.060800,0.057096,0.060677,0.057130
0.101650,0.535215,0.540917,0.540948,4.135200
-0.492810,0.390448,0.391960,0.393719,3.258700
-0.440340,0.398130,0.399875,0.400325,0.181090
-0.499140,0.389289,0.390593,0.392605,4.151900
1.208500,0.109749,0.102133,0.109054,0.096130
-0.624970,0.355832,0.348146,0.356707,0.164120
0.095047,0.534865,0.540610,0.540707,3.728400
-0.002776,0.516087,0.515393,0.520970,4.039100
-1.011900,0.259204,0.255923,0.262048,2.094000
0.108940,0.535470,0.541061,0.539240,2.874900
0.206460,0.527320,0.527952,0.529867,0.195310
0.501770,0.435277,0.426653,0.439082,4.104600
-0.499660,0.389191,0.390476,0.392511,4.164200
0.520460,0.425886,0.414960,0.429740,0.666210
0.084529,0.534067,0.539759,0.540042,1.404500
-0.388880,0.403378,0.403423,0.403563,0.184990
-0.981040,0.266978,0.265273,0.269368,0.784770
-0.508700,0.387435,0.388348,0.390783,2.907400
-0.180160,0.445304,0.432948,0.441578,0.196310
0.521930,0.425122,0.413997,0.428975,0.534510
-1.758500,0.058685,0.053881,0.058602,0.042510
-0.672650,0.340155,0.330306,0.339375,0.159130
-2.037200,0.031826,0.027363,0.031350,0.025050
-0.002344,0.516223,0.515581,0.521121,4.081800
0.685760,0.321636,0.284172,0.321383,0.157720
0.494210,0.438906,0.431091,0.442657,3.550600
0.934780,0.180248,0.159287,0.177223,0.128900
-0.033788,0.505390,0.500726,0.508984,0.212650
-0.905550,0.282466,0.280770,0.282783,0.132410
-1.242300,0.170271,0.142424,0.169066,0.092226
0.494170,0.438924,0.431114,0.442675,3.543300
-0.482330,0.392248,0.394017,0.395403,1.015000
0.900630,0.194307,0.169162,0.190907,0.133000
0.018940,0.522373,0.524146,0.527902,0.863280
-1.010100,0.259689,0.256529,0.262514,2.503900
-0.019661,0.510489,0.507661,0.514718,0.777080
1.889800,0.030512,0.024043,0.030082,0.033459
-0.492960,0.390421,0.391929,0.393694,3.291600
0.535060,0.418134,0.405126,0.421938,0.181470
-0.494360,0.390169,0.391634,0.393453,3.580100
1.124600,0.126248,0.117250,0.125320,0.106020
0.089310,0.534466,0.540202,0.540387,2.452300
-0.685750,0.335877,0.325840,0.334691,0.157720
-0.019178,0.510657,0.507891,0.514906,0.833930
-0.485470,0.391724,0.393427,0.394919,1.566900
-0.564780,0.374055,0.371186,0.376761,0.170110
-1.002200,0.261767,0.259099,0.264500,4.015100
-0.431960,0.399090,0.400656,0.401008,0.181750
0.439760,0.462295,0.458301,0.465187,0.181130
-0.508450,0.387485,0.388409,0.390833,2.968700
0.000066,0.516971,0.516621,0.521952,4.189900
0.516490,0.427931,0.417529,0.431785,1.198600
-0.460020,0.395618,0.397572,0.398357,0.180840
0.077860,0.533406,0.538985,0.539439,0.542960
-1.010600,0.259555,0.256361,0.262385,2.396500
-1.217500,0.181019,0.154045,0.180435,0.095089
1.649000,0.054141,0.050067,0.054140,0.051233
0.081878,0.533819,0.539474,0.539819,0.971300
-1.004800,0.261091,0.258269,0.263857,3.680700
0.001397,0.517379,0.517189,0.522404,4.151200
0.108570,0.535460,0.541058,0.541060,2.961900
-0.603290,0.362727,0.356643,0.364344,0.166330
0.486750,0.442391,0.435306,0.446071,1.836700
0.582330,0.390645,0.369614,0.393762,0.168400
0.009001,0.519632,0.520327,0.524894,2.860900
0.096066,0.534927,0.540669,0.540753,3.891900
-0.361880,0.405933,0.404727,0.404893,0.186880
-0.997470,0.262976,0.260567,0.265644,3.986300
-1.013500,0.258771,0.255377,0.261630,1.717400
-0.523380,0.384341,0.384487,0.387654,0.433370
-0.008481,0.514261,0.512860,0.518937,2.984600
0.454520,0.456408,0.451705,0.459599,0.180070
0.700750,0.311279,0.272513,0.310492,0.156080
-0.011827,0.513158,0.511335,0.517706,2.182300
1.179800,0.115092,0.107091,0.114356,0.099484
0.098212,0.535047,0.540779,0.540839,4.125700
-1.000700,0.262153,0.259570,0.264867,4.102800
1.285800,0.096679,0.090030,0.096007,0.087289
-1.001900,0.261844,0.259193,0.264574,4.041000
0.099466,0.535112,0.540835,0.540883,4.183300
0.595680,0.382285,0.358795,0.385076,0.167090
1.098800,0.131936,0.122259,0.130850,0.109100
0.492090,0.439906,0.432305,0.443638,3.095800
-1.030700,0.253906,0.249122,0.256874,0.152960
0.505530,0.433436,0.424383,0.437261,3.599600
0.006091,0.518785,0.519147,0.522138,3.514400
-2.282700,0.017954,0.015427,0.017832,0.014741
2.590100,0.009179,0.008549,0.009200,0.006969
0.090570,0.534561,0.540303,0.540466,2.756900
1.084400,0.135269,0.125126,0.134073,0.110820
1.009800,0.154891,0.140915,0.152883,0.119830
-0.511050,0.386960,0.387763,0.390309,2.341300
0.443990,0.460640,0.456465,0.463621,0.180790
-1.717400,0.063178,0.058727,0.063102,0.045657
0.005246,0.518536,0.518799,0.523685,3.677000
0.516270,0.428044,0.417670,0.431897,1.236300
1.489200,0.070253,0.066210,0.069871,0.065828
-1.002900,0.259837,0.257018,0.262506,3.944800
1.369300,0.084558,0.079068,0.083926,0.078134
-0.000536,0.516785,0.516363,0.521746,4.184200
-0.192880,0.440730,0.429029,0.436648,0.195840
0.108410,0.535456,0.541057,0.541059,3.000800
-0.997140,0.263059,0.260667,0.265723,3.951800
0.512290,0.430065,0.420197,0.433913,2.050800
-0.645980,0.348954,0.340046,0.349084,0.161950
-0.515960,0.385942,0.386500,0.389285,1.290500
0.086802,0.534264,0.539981,0.540215,1.868900
-0.505700,0.388030,0.389076,0.391373,3.568500
0.301620,0.505981,0.503360,0.506679,0.190650
-0.723430,0.324037,0.314399,0.321936,0.153580
-1.017300,0.257728,0.254057,0.260620,1.016300
-0.508850,0.387405,0.388311,0.390753,2.871600
0.384730,0.481778,0.478907,0.483420,0.185290
-1.437000,0.104056,0.090656,0.101770,0.071054
0.504230,0.434075,0.425172,0.437894,3.824400
1.540100,0.064946,0.061203,0.064712,0.060942
-0.502550,0.388642,0.389817,0.391975,4.038300
0.884250,0.201690,0.174406,0.198163,0.134960
0.590170,0.385764,0.363291,0.388695,0.167630
-0.510070,0.387159,0.388009,0.390508,2.579000
-0.490840,0.390797,0.392366,0.394051,2.800000
-0.005004,0.515382,0.514414,0.518364,3.720300
-0.499710,0.389182,0.390465,0.392501,4.164900
0.095003,0.534862,0.540607,0.540705,3.720700
-0.009843,0.513815,0.512243,0.518439,2.657900
-1.003300,0.261482,0.258750,0.264230,3.904200
-0.313390,0.411590,0.407855,0.408501,0.189960
0.006525,0.518913,0.519325,0.524101,3.424700
-1.569800,0.080584,0.075173,0.079770,0.058195
1.158200,0.119310,0.110973,0.118520,0.102030
0.543960,0.413232,0.398846,0.416967,0.172340
-0.757430,0.314263,0.305900,0.311760,0.149770
0.675280,0.328887,0.292559,0.329016,0.158840
0.524220,0.423925,0.412485,0.427773,0.386340
-0.512110,0.386743,0.387495,0.390092,2.091800
-0.665220,0.342601,0.332940,0.342065,0.159920
-0.019809,0.510437,0.507590,0.514660,0.760430
-0.528430,0.383208,0.383047,0.386485,0.243590
0.207610,0.527119,0.527686,0.529629,0.195270
0.525080,0.423473,0.411913,0.427319,0.345470
0.493820,0.439090,0.431315,0.442838,3.474000
-0.491510,0.390679,0.392229,0.393939,2.960600
-0.002262,0.516248,0.515617,0.521149,4.089100
0.276440,0.512387,0.510175,0.513269,0.192040
0.011015,0.520206,0.521127,0.525527,2.375000
-1.000300,0.260507,0.257837,0.263142,4.109500
0.882290,0.202602,0.175059,0.199063,0.135190
-1.006400,0.260671,0.257751,0.263456,3.375100
-1.435700,0.104360,0.090838,0.102061,0.071190
-0.498890,0.387587,0.388817,0.390829,4.142200
-0.999490,0.262463,0.259946,0.265160,4.106400
-0.488510,0.391204,0.392835,0.394434,2.239100
0.503340,0.434511,0.425710,0.438325,3.949400
-0.989740,0.264896,0.262856,0.267443,2.479100
-1.057500,0.243818,0.236071,0.246683,0.114060
-0.631300,0.353774,0.345680,0.354425,0.163470
0.654910,0.342928,0.309285,0.343802,0.161010
0.003079,0.517888,0.517898,0.522969,4.005300
-0.487790,0.391328,0.392977,0.394551,2.071100
0.332380,0.497591,0.494796,0.498392,0.188800
-0.513600,0.386435,0.387114,0.389783,1.757100
0.509760,0.431336,0.421779,0.435177,2.653300
0.416590,0.470935,0.467657,0.473304,0.182940
0.909560,0.190460,0.166453,0.187146,0.131930
-0.019915,0.510400,0.507539,0.514618,0.748820
0.489670,0.441038,0.433676,0.444748,2.517300
0.502430,0.434956,0.426257,0.438764,4.050500
-1.645200,0.071265,0.066988,0.071000,0.051550
0.106350,0.535395,0.541033,0.541040,3.460400
0.101260,0.535198,0.540904,0.540938,4.157300
-0.746070,0.317415,0.308557,0.314996,0.151050
0.498520,0.436849,0.428581,0.440633,4.123200
0.012416,0.520600,0.521677,0.525960,2.045600
0.498180,0.437012,0.428781,0.440794,4.101000
0.097940,0.535033,0.540766,0.540829,4.105200
0.506580,0.432918,0.423741,0.436747,3.388900
-0.379420,0.404258,0.403881,0.404018,0.185660
2.202200,0.013827,0.012918,0.013475,0.017655
-0.362980,0.405825,0.404672,0.404835,0.186800
0.084443,0.534059,0.539751,0.540035,1.388600
-0.996820,0.263140,0.260765,0.265799,3.914800
-0.042259,0.502175,0.496421,0.505355,0.199870
0.335920,0.496586,0.493785,0.497420,0.188580
1.789800,0.040066,0.034111,0.039930,0.040216
0.376510,0.484409,0.481573,0.485879,0.185870
0.153920,0.534150,0.537917,0.538492,0.197170
0.810640,0.240213,0.203848,0.236782,0.143650
-0.977800,0.265985,0.264283,0.268237,0.463040
0.061352,0.531252,0.536266,0.537330,0.201420
-0.498560,0.389397,0.390722,0.392710,4.125600
0.094492,0.534830,0.540576,0.540680,3.627400
0.105690,0.535373,0.541022,0.541031,3.592600
-1.646400,0.071127,0.066855,0.070868,0.051452
0.816150,0.237031,0.201240,0.233548,0.143000
-0.511700,0.386827,0.387599,0.390176,2.187300
0.460290,0.454019,0.448977,0.457316,0.180970
0.508740,0.431845,0.422412,0.435683,2.898800
-0.480830,0.392494,0.394290,0.395628,0.813440
-0.510420,0.387088,0.387921,0.390437,2.495000
0.906820,0.191627,0.167274,0.188286,0.132260
0.630660,0.359399,0.329615,0.361127,0.163540
1.075900,0.137296,0.126842,0.136028,0.111850
-0.498350,0.389437,0.390768,0.392748,4.112400
-0.992340,0.264257,0.262101,0.266848,3.098200
-0.959290,0.271854,0.270638,0.273757,0.126940
0.974310,0.166034,0.149176,0.163541,0.124120
0.490550,0.440627,0.433179,0.444346,2.731300
0.110650,0.535510,0.541065,0.541065,2.462100
1.036300,0.147404,0.135103,0.145727,0.116620
-1.010400,0.259608,0.256429,0.262437,2.451700
0.104030,0.535314,0.540986,0.539181,3.877300
0.092799,0.534719,0.540466,0.540594,3.277700
-0.364380,0.405688,0.404603,0.404762,0.186710
1.049500,0.143903,0.132298,0.142375,0.115030
0.104770,0.535341,0.541004,0.541016,3.760100
0.500590,0.435850,0.427357,0.439648,4.159400
0.177050,0.531748,0.534143,0.535299,0.196420
0.813540,0.238533,0.202466,0.235073,0.143310
-0.510490,0.387074,0.387904,0.390423,2.476300
-0.965190,0.270575,0.269272,0.272622,0.134550
0.005940,0.518741,0.519085,0.523911,3.544600
1.722500,0.046821,0.041827,0.046816,0.045259
-0.788490,0.306267,0.299454,0.303798,0.146210
-1.973600,0.036976,0.031797,0.036518,0.028455
0.279600,0.511607,0.509327,0.512452,0.191870
0.005733,0.518680,0.519000,0.523844,3.585200
0.354950,0.491034,0.488225,0.492113,0.187340
-0.390170,0.403257,0.403359,0.403500,0.184900
0.000511,0.517108,0.516811,0.522104,4.184800
1.882600,0.031159,0.024665,0.030749,0.033917
-1.028500,0.254549,0.249962,0.257509,0.185790
0.229880,0.522901,0.522308,0.524735,0.194320
0.491280,0.440286,0.432766,0.444011,2.904100
-2.277000,0.018211,0.015693,0.018082,0.014931
0.105050,0.535351,0.541009,0.541021,3.710500
0.508530,0.431950,0.422542,0.435787,2.948500
1.098700,0.131959,0.122279,0.130872,0.109110
2.663000,0.007915,0.006868,0.007908,0.005755
-1.176600,0.198914,0.175296,0.199463,0.099856
0.232640,0.522336,0.521615,0.524095,0.194190
0.132380,0.535378,0.540222,0.540387,0.218890
-0.492170,0.388813,0.390263,0.392006,3.114800
0.094088,0.534804,0.540551,0.540661,3.549300
-0.993590,0.263948,0.261733,0.266558,3.371500
0.503770,0.434301,0.425450,0.438117,3.892900
1.003600,0.156739,0.142315,0.154649,0.120580
-0.399660,0.402368,0.402865,0.403025,0.184210
0.098580,0.535067,0.540796,0.540853,4.149000
0.503470,0.434448,0.425631,0.438262,3.933100
-1.364200,0.123985,0.103081,0.121314,0.078683
0.493400,0.439289,0.431557,0.443033,3.385700
0.800810,0.246000,0.208689,0.242684,0.144790
0.102500,0.535252,0.540945,0.540970,4.065900
0.098554,0.535065,0.540795,0.540852,4.147500
0.793400,0.250455,0.212502,0.247242,0.145650
-0.501220,0.388896,0.390123,0.392223,4.136900
0.119150,0.535597,0.540930,0.540957,0.835960
1.073300,0.137925,0.127371,0.136634,0.112160
-1.721300,0.062750,0.058270,0.062676,0.045353
-0.640740,0.350680,0.342040,0.350996,0.162500
0.000165,0.517001,0.516664,0.521986,4.189400
-0.993640,0.263935,0.261718,0.266546,3.381900
-0.974820,0.268419,0.266902,0.270682,0.291630
-0.438980,0.398290,0.400009,0.400441,0.181190
-0.749310,0.316504,0.307781,0.314056,0.150680
2.169400,0.014564,0.013272,0.014143,0.018967
0.507700,0.432362,0.423054,0.436196,3.141000
0.433210,0.464809,0.461063,0.467558,0.181650
-0.463600,0.395117,0.397074,0.397938,0.184480
0.102970,0.535272,0.540958,0.540981,4.016400
0.097871,0.535029,0.540762,0.540827,4.099600
0.011101,0.520231,0.521161,0.525554,2.354300
-0.405370,0.401823,0.402545,0.402722,0.183780
-1.116700,0.224007,0.208302,0.226103,0.106960
-0.169310,0.449397,0.436606,0.446038,0.196680
0.298330,0.506843,0.504259,0.507550,0.190840
1.279900,0.097612,0.090886,0.096940,0.087957
-1.466800,0.097562,0.086755,0.095588,0.068045
0.530090,0.420814,0.408541,0.424644,0.216580
0.493340,0.439317,0.431591,0.443061,3.374200
-0.006550,0.514887,0.513727,0.519634,3.419500
-1.010200,0.259662,0.256496,0.262489,2.483700
-1.018000,0.257534,0.253810,0.260431,0.903150
-0.348120,0.407340,0.405451,0.405679,0.187790
0.185000,0.530691,0.532598,0.533965,0.196140
-0.014571,0.512237,0.510064,0.516676,1.579900
0.102340,0.535245,0.540940,0.540966,4.081400
0.011903,0.520457,0.521476,0.525802,2.164500
0.101700,0.535218,0.540919,0.539128,4.131900
-0.386030,0.403643,0.403563,0.403701,0.185200
-0.574170,0.371429,0.367773,0.373907,0.169200
0.091186,0.534606,0.540350,0.540503,2.904800
0.767130,0.266838,0.227198,0.264111,0.148660
-0.520410,0.384991,0.385308,0.388319,0.671120
-1.424200,0.107126,0.092489,0.104725,0.072364
0.812640,0.239053,0.202893,0.235602,0.143410
-0.997820,0.262887,0.260460,0.265561,4.018400
1.807900,0.038269,0.032105,0.038083,0.038930
-0.333830,0.408943,0.406319,0.406663,0.188710
0.360970,0.489222,0.486411,0.490400,0.186940
-0.413900,0.400988,0.402019,0.402234,0.183140
-0.333430,0.408991,0.406345,0.406694,0.188730
1.413200,0.078948,0.074064,0.078382,0.073501
1.079200,0.136504,0.126174,0.135264,0.111450
0.495140,0.438464,0.430554,0.442223,3.722400
0.497360,0.437405,0.429262,0.441181,4.030200
-1.137600,0.215527,0.196824,0.217131,0.104470
-1.010700,0.259528,0.256328,0.262360,2.367200
-0.427190,0.399612,0.401055,0.401362,0.182120
0.111990,0.535536,0.541061,0.541062,2.142900
0.007934,0.519324,0.519897,0.524555,3.112400
-0.580710,0.369544,0.365333,0.371847,0.168560
0.232250,0.522416,0.521713,0.524186,0.194210
0.413400,0.472071,0.468859,0.474366,0.183180
-0.478080,0.392937,0.394779,0.396031,0.539400
0.494350,0.438839,0.431010,0.442591,3.578900
0.358180,0.490065,0.487256,0.491196,0.187120
-0.535650,0.381527,0.380892,0.384734,0.179800
0.110190,0.535500,0.541065,0.541065,2.571600
-0.846250,0.293650,0.289754,0.292178,0.139470
-0.237160,0.426976,0.418252,0.422353,0.193990
-1.985600,0.035946,0.030883,0.035479,0.027786
0.003748,0.518089,0.518178,0.521369,3.919300
-1.008200,0.260195,0.257161,0.263001,2.975000
0.145980,0.534723,0.538919,0.539321,0.197510
-1.304600,0.144847,0.118673,0.142524,0.085197
1.269300,0.099315,0.092453,0.098642,0.089158
-0.500720,0.388991,0.390236,0.392316,4.156200
-2.340600,0.015382,0.012613,0.015310,0.012894
0.352280,0.491828,0.489020,0.492867,0.187520
-1.928100,0.041108,0.035610,0.040707,0.031095
0.460100,0.454098,0.449068,0.457392,0.180870
-0.485300,0.391753,0.393460,0.394946,1.532200
-0.167360,0.450150,0.437294,0.446863,0.196750
0.087450,0.534318,0.540041,0.540262,2.014300
0.490660,0.440576,0.433117,0.444295,2.757500
0.498940,0.436647,0.428334,0.440434,4.144200
-0.340200,0.408207,0.405914,0.406199,0.188300
-0.057836,0.496005,0.488328,0.498374,0.199190
2.182200,0.014256,0.013129,0.013862,0.018449
-0.999750,0.262396,0.259866,0.265097,4.110200
0.430140,0.465967,0.462324,0.468647,0.181890
0.175130,0.531986,0.534499,0.535604,0.196490
0.097771,0.535023,0.540758,0.540823,4.091100
1.018600,0.152332,0.138956,0.150438,0.118760
-1.759400,0.058587,0.053775,0.058503,0.042442
-0.999520,0.262455,0.259937,0.265153,4.107000
-0.064834,0.493142,0.484656,0.495130,0.199100
1.442200,0.075495,0.070974,0.074989,0.070522
-1.368400,0.122668,0.102202,0.119998,0.078229
-0.515400,0.386060,0.386647,0.389404,1.393200
-0.968970,0.269739,0.268363,0.271873,0.157140
-0.504650,0.388236,0.389325,0.391576,3.757200
0.002589,0.517741,0.517692,0.522805,4.058400
-0.994010,0.263843,0.261608,0.266460,3.457600
0.520190,0.426026,0.415136,0.429880,0.694160
0.874910,0.206092,0.177574,0.202513,0.136070
-0.002869,0.516058,0.515352,0.520938,4.029000
-0.272220,0.418661,0.412402,0.414394,0.192260
-0.503200,0.388517,0.389666,0.391852,3.966900
0.397280,0.477636,0.474665,0.479557,0.184380
-1.004600,0.261143,0.258334,0.263907,3.702300
0.101730,0.535219,0.540920,0.540951,4.129800
-1.026500,0.255128,0.250716,0.258079,0.236950
0.494880,0.438588,0.430704,0.442344,3.675900
-0.515360,0.386068,0.386658,0.389413,1.400600
-1.041100,0.250780,0.244993,0.253765,0.116900
0.497700,0.437243,0.429063,0.441021,4.062700
-0.016235,0.511671,0.509285,0.516042,1.267700
-1.364400,0.123922,0.103038,0.121251,0.078663
-1.007900,0.260275,0.257260,0.263077,3.036400
0.002874,0.517827,0.517812,0.522900,4.028500
0.004401,0.518285,0.518450,0.523407,3.821600
-0.712450,0.327395,0.317509,0.325516,0.154800
-0.601170,0.363385,0.357470,0.365071,0.166540
-0.494840,0.390082,0.391532,0.393370,3.670400
-0.513880,0.386377,0.387042,0.389724,1.697400
-0.250390,0.423571,0.415799,0.419003,0.193360
-0.197830,0.439020,0.427608,0.434823,0.195660
0.503660,0.434355,0.425517,0.438170,3.907400
1.478700,0.071391,0.067256,0.070979,0.066862
0.490870,0.440478,0.432998,0.444199,2.808100
0.013388,0.520871,0.522054,0.526258,1.828100
-0.423730,0.399980,0.401326,0.401605,0.182390
0.097807,0.535025,0.540759,0.540824,4.094200
0.104370,0.535326,0.540995,0.541009,3.824700
-0.495090,0.390037,0.391478,0.393326,3.714500
0.105710,0.535374,0.541022,0.541031,3.588600
0.524400,0.423830,0.412365,0.427678,0.377220
0.253880,0.517726,0.516152,0.518978,0.193190
0.096097,0.534928,0.540670,0.540754,3.896400
0.620110,0.366431,0.338486,0.368505,0.164620
-0.718250,0.325610,0.315843,0.323609,0.154160
-0.341470,0.408065,0.405837,0.406112,0.188220
-1.005500,0.260908,0.258043,0.263682,3.560000
-1.018500,0.257395,0.253633,0.260296,0.838070
-1.397700,0.114057,0.096696,0.111476,0.075127
-0.315610,0.411279,0.407669,0.408272,0.189830
-0.348380,0.407312,0.405437,0.405663,0.187770
-0.492170,0.388813,0.390263,0.392006,3.114100
0.766950,0.266954,0.227306,0.264230,0.148680
-0.996130,0.263313,0.260973,0.265962,3.823800
0.004715,0.518378,0.518580,0.523510,3.770200
-0.521110,0.384839,0.385116,0.388164,0.604080
0.478220,0.446263,0.439928,0.449841,0.550450
0.003479,0.518009,0.518065,0.523102,3.955700
0.477360,0.446647,0.440383,0.450213,0.485820
0.402200,0.475968,0.472939,0.478002,0.184020
0.494370,0.438830,0.430999,0.442582,3.581900
0.008573,0.519509,0.520155,0.524759,2.962700
0.003722,0.518082,0.518167,0.523182,3.922900
0.094793,0.534849,0.540595,0.540695,3.683100
1.032300,0.148493,0.135964,0.146769,0.117110
0.627770,0.361335,0.332047,0.363159,0.163840
-0.145150,0.459040,0.445800,0.456687,0.197430
0.505620,0.433392,0.424328,0.437217,3.583600
-0.004712,0.515475,0.514543,0.520290,3.770600
1.393300,0.081431,0.076278,0.080830,0.075588
0.536790,0.417192,0.403922,0.420984,0.177340
-0.997800,0.262892,0.260466,0.265566,4.016400
0.099796,0.535129,0.540848,0.540894,4.188100
0.115640,0.535583,0.541017,0.541027,1.372500
0.501810,0.435258,0.426629,0.439063,4.101500
0.105600,0.535370,0.541020,0.541030,3.609400
-0.036187,0.504491,0.499516,0.507970,0.205110
-0.952960,0.273195,0.272035,0.274935,0.126770
-0.993600,0.263945,0.261730,0.266556,3.373000
-0.659270,0.344565,0.335096,0.344231,0.160550
-0.002551,0.516158,0.515491,0.521049,4.062200
0.827240,0.230770,0.196211,0.227205,0.141710
0.006924,0.519030,0.519488,0.524230,3.339300
0.491640,0.438368,0.430694,0.442024,2.990300
0.492710,0.439614,0.431952,0.443352,3.235300
-0.042328,0.502149,0.496385,0.505325,0.199860
0.454630,0.456363,0.451654,0.459556,0.180070
-0.167020,0.450282,0.437415,0.447008,0.196760
0.691160,0.317901,0.279923,0.317453,0.157130
0.118510,0.535597,0.540949,0.540973,0.917750
-0.192360,0.440912,0.429181,0.436843,0.195860
-0.012055,0.513082,0.511230,0.517621,2.129100
0.488540,0.441563,0.434310,0.445262,2.245500
0.519180,0.426549,0.415793,0.430403,0.809040
0.002685,0.517770,0.517733,0.522837,4.048700
-0.253890,0.422725,0.415201,0.418188,0.193190
0.289070,0.509228,0.506774,0.509987,0.191360
-0.997630,0.262935,0.260518,0.265606,4.001700
-0.712300,0.327442,0.317553,0.325565,0.154820
-0.479730,0.392672,0.394488,0.395791,0.689040
-0.991300,0.264514,0.262405,0.267087,2.855500
-0.503970,0.388368,0.389485,0.391706,3.863600
-0.514860,0.386173,0.386788,0.389518,1.497300
1.389300,0.081942,0.076733,0.081335,0.076006
-0.004551,0.515526,0.514614,0.520347,3.797300
-0.488100,0.391275,0.392916,0.394501,2.143200
0.660160,0.339321,0.304931,0.340004,0.160460
-1.936700,0.040301,0.034847,0.039886,0.030586
-0.248250,0.424099,0.416174,0.419516,0.193470
-0.494900,0.390071,0.391519,0.393360,3.680500
-1.163700,0.204494,0.182357,0.205403,0.101380
0.181580,0.531159,0.533276,0.534552,0.196260
0.111100,0.535519,0.541065,0.541065,2.354000
0.516600,0.427875,0.417458,0.431729,1.181400
-0.272770,0.418549,0.412326,0.414292,0.192240
-0.988940,0.265091,0.263085,0.267625,2.287200
-1.001000,0.262076,0.259476,0.264794,4.092000
0.248770,0.518876,0.517484,0.520237,0.193440
0.257380,0.516926,0.515234,0.518108,0.193020
-0.993140,0.264060,0.261866,0.266663,3.275500
-0.244250,0.425110,0.416898,0.420504,0.193660
0.493720,0.439137,0.431373,0.442884,3.453600
0.953220,0.173360,0.154426,0.170576,0.126670
0.011117,0.520235,0.521168,0.525559,2.350500
0.112060,0.535537,0.541061,0.541062,2.126500
-1.000400,0.262230,0.259664,0.264940,4.107600
0.331820,0.497749,0.494955,0.498545,0.188830
0.155330,0.534035,0.537722,0.538329,0.197130
-0.498960,0.389323,0.390633,0.392638,4.144900
1.650700,0.053973,0.049883,0.053973,0.051086
0.290830,0.508779,0.506298,0.509525,0.191260
0.357210,0.490357,0.487548,0.491472,0.187190
0.544860,0.412728,0.398199,0.416455,0.172170
1.172400,0.116517,0.108407,0.115766,0.100340
0.790530,0.252201,0.214018,0.249032,0.145980
0.468030,0.450733,0.445179,0.454162,0.202910
0.094974,0.534860,0.540605,0.540703,3.715600
-1.970600,0.037237,0.032032,0.036782,0.028628
-2.299500,0.017200,0.014632,0.017098,0.014183
0.931190,0.181645,0.160268,0.178575,0.129330
-1.711800,0.063795,0.059383,0.063714,0.046097
0.872700,0.207155,0.178344,0.203565,0.136340
0.102790,0.535264,0.540953,0.540977,4.036900
-0.415130,0.400865,0.401938,0.402160,0.183050
-0.852000,0.292520,0.288885,0.291200,0.138790
-0.499570,0.389208,0.390496,0.392527,4.162900
0.008743,0.519558,0.520223,0.524813,2.922400
0.636950,0.355164,0.324322,0.356676,0.162890
-0.707280,0.329006,0.319038,0.327244,0.155370
-0.493120,0.390392,0.391895,0.393666,3.325700
-0.504710,0.388224,0.389311,0.391564,3.747500
0.492550,0.439689,0.432043,0.443426,3.199400
0.499090,0.436574,0.428245,0.440362,4.150300
-0.494580,0.390129,0.391587,0.393415,3.622800
0.113130,0.535554,0.541053,0.541055,1.883200
0.981230,0.163750,0.147514,0.161353,0.123290
-0.518250,0.385456,0.385892,0.388793,0.929080
0.096827,0.534971,0.540710,0.540785,3.993200
-0.444160,0.397672,0.399482,0.399984,0.180780
0.512000,0.430211,0.420379,0.434058,2.118400
1.367400,0.084813,0.079295,0.084178,0.078342
0.098136,0.535043,0.540775,0.540837,4.120300
-0.256940,0.422006,0.414698,0.417502,0.193040
-0.988880,0.265105,0.263102,0.267638,2.272000
-0.661030,0.343984,0.334454,0.343590,0.160360
-0.783680,0.307445,0.300381,0.304945,0.146770
0.003749,0.518090,0.518178,0.521369,3.919200
-0.356920,0.406428,0.404978,0.405162,0.187210
0.496920,0.437616,0.429519,0.441389,3.982200
-0.321050,0.410542,0.407233,0.407743,0.189500
0.170590,0.532523,0.535312,0.536299,0.196640
0.089915,0.534513,0.540251,0.540426,2.598600
-0.482310,0.392251,0.394021,0.395406,1.012100
-0.722900,0.324197,0.314545,0.322106,0.153640
-1.457000,0.099601,0.087990,0.097519,0.069022
0.185050,0.530684,0.532588,0.533956,0.196130
1.325000,0.090741,0.084622,0.090076,0.082935
0.015298,0.521396,0.522785,0.526834,1.437800
0.918200,0.186855,0.163922,0.183633,0.130890
1.032900,0.148329,0.135835,0.146612,0.117030
-0.642350,0.350150,0.341425,0.350409,0.162330
1.177600,0.115514,0.107481,0.114774,0.099739
-0.998010,0.262839,0.260402,0.265515,4.033500
-0.028543,0.507324,0.503341,0.511161,0.267340
-0.504110,0.388341,0.389453,0.391679,3.843400
-0.501320,0.388877,0.390100,0.392205,4.131600
0.482070,0.444531,0.437868,0.448157,0.977120
0.006743,0.518977,0.519414,0.524172,3.378400
0.494950,0.438555,0.430664,0.442312,3.689300
0.274160,0.512945,0.510785,0.513855,0.192160
-0.348100,0.407342,0.405452,0.405680,0.187790
-0.100100,0.478185,0.466448,0.478189,0.198520
0.107510,0.535431,0.541049,0.541052,3.207200
-0.491580,0.390667,0.392215,0.393927,2.975400
1.803400,0.038714,0.032599,0.038541,0.039246
-0.516660,0.385794,0.386316,0.389136,1.171200
1.341200,0.088416,0.082525,0.087760,0.081165
0.484360,0.443488,0.436622,0.447141,1.351300
-1.258100,0.163562,0.135639,0.162006,0.090424
0.577620,0.393537,0.373364,0.396757,0.168870
1.051400,0.143411,0.131899,0.141902,0.114800
1.671400,0.051923,0.047615,0.051937,0.049357
-0.421640,0.400199,0.401482,0.401745,0.182550
-1.019800,0.257032,0.253169,0.259943,0.678910
-0.005233,0.515309,0.514313,0.520105,3.679300
0.077805,0.533401,0.538978,0.539433,0.538830
0.097256,0.534995,0.540732,0.540803,4.041600
0.980510,0.163985,0.147685,0.161578,0.123370
0.237560,0.521309,0.520369,0.522938,0.193970
-0.750260,0.316238,0.307556,0.313783,0.150580
-0.130510,0.465154,0.452052,0.463514,0.197830
1.209900,0.109495,0.101897,0.108802,0.095968
1.242900,0.103703,0.096513,0.103028,0.092154
-1.154000,0.208641,0.187722,0.209816,0.102520
0.479160,0.445843,0.439429,0.449432,0.633110
0.838590,0.224561,0.191356,0.220945,0.140370
0.486640,0.442442,0.435367,0.446120,1.811800
-0.060375,0.494972,0.486997,0.497204,0.199160
0.494140,0.438939,0.431131,0.442689,3.538300
-1.272200,0.157705,0.130017,0.155872,0.088821
-0.193940,0.440360,0.428720,0.436252,0.195800
-1.361100,0.124971,0.103746,0.122301,0.079016
-0.167250,0.450192,0.437333,0.446910,0.196750
0.109660,0.535487,0.541064,0.541064,2.700400
0.111190,0.535521,0.541065,0.541065,2.331800
0.006118,0.518793,0.519158,0.523969,3.509000
0.773670,0.262679,0.223365,0.259813,0.147920
0.109920,0.535493,0.541065,0.541065,2.639000
0.348170,0.493042,0.490234,0.494021,0.187790
0.104710,0.535339,0.541002,0.541015,3.769700
0.508880,0.431775,0.422325,0.435613,2.866700
-1.341900,0.131325,0.108194,0.128702,0.081090
-0.001934,0.516351,0.515759,0.521264,4.116100
0.491640,0.438368,0.430694,0.442024,2.991300
-0.990300,0.264759,0.262694,0.267316,2.615500
-0.998390,0.262743,0.260285,0.265424,4.060200
-1.072000,0.240670,0.231264,0.243493,0.112320
-0.501010,0.388936,0.390170,0.392262,4.146000
0.113600,0.535561,0.541048,0.541052,1.781300
0.505760,0.433323,0.424242,0.437148,3.555500
0.063116,0.531518,0.536611,0.537597,0.203560
-0.611840,0.360041,0.353292,0.361372,0.165460
0.099808,0.535129,0.540849,0.540895,4.188200
0.970270,0.167394,0.150159,0.164845,0.124610
-0.485990,0.391636,0.393328,0.394838,1.672100
1.243500,0.103601,0.096418,0.102926,0.092092
0.003515,0.518019,0.518080,0.521292,3.950900
-1.594300,0.077385,0.072544,0.076790,0.055985
-0.504150,0.388333,0.389443,0.391671,3.836200
-0.813820,0.300409,0.294920,0.298243,0.143280
-0.506890,0.387796,0.388790,0.391141,3.322600
0.290010,0.508989,0.506520,0.509740,0.191310
0.335590,0.496680,0.493880,0.497511,0.188600
0.835960,0.225981,0.192456,0.222374,0.140680
-0.513430,0.386471,0.387158,0.389818,1.794700
0.100490,0.535162,0.540876,0.540916,4.184100
-0.003668,0.515806,0.515003,0.520658,3.930400
-2.452400,0.010537,0.006855,0.010416,0.009863
-0.002624,0.516135,0.515459,0.521023,4.054900
0.003525,0.518022,0.518085,0.521295,3.949600
0.894610,0.196971,0.171046,0.193520,0.133720
1.589800,0.059978,0.056258,0.059876,0.056384
-0.500590,0.389016,0.390266,0.392340,4.159500
-1.149000,0.210759,0.190497,0.212068,0.103120
-0.485440,0.391729,0.393433,0.394924,1.559100
0.101800,0.535222,0.540922,0.540952,4.124500
1.719600,0.047112,0.042161,0.047110,0.045486
0.489280,0.441220,0.433895,0.444925,2.422400
-0.587880,0.367428,0.362611,0.369526,0.167860
0.783650,0.256432,0.217740,0.253378,0.146770
-0.502750,0.388604,0.389770,0.391937,4.017700
0.676650,0.327940,0.291453,0.328018,0.158700
-0.992570,0.264201,0.262033,0.266795,3.149200
-1.274400,0.156804,0.129177,0.154931,0.088582
0.155590,0.534013,0.537686,0.538299,0.197120
0.748190,0.279153,0.238959,0.276885,0.150810
0.622080,0.365125,0.336832,0.367137,0.164420
0.295770,0.507508,0.504956,0.508226,0.190980
-0.274330,0.418232,0.412113,0.414007,0.192150
1.168800,0.117218,0.109052,0.116457,0.100770
0.487310,0.442133,0.434995,0.445819,1.961500
0.104080,0.535316,0.540988,0.541004,3.870100
0.601130,0.378807,0.354310,0.381450,0.166540
0.080342,0.533666,0.539295,0.539680,0.776800
0.494890,0.438583,0.430699,0.442340,3.677900
-0.370140,0.405133,0.404324,0.404470,0.186310
-1.004300,0.259473,0.256570,0.262160,3.762400
0.302560,0.505734,0.503103,0.506429,0.190600
-1.302000,0.145844,0.119504,0.143552,0.085482
-0.285880,0.416019,0.410646,0.412061,0.191530
-1.614900,0.074839,0.070317,0.074398,0.054165
0.083035,0.533929,0.539602,0.539919,1.145200
-0.398060,0.402519,0.402952,0.403107,0.184320
-1.369200,0.122420,0.102037,0.119750,0.078149
-1.114400,0.224916,0.209546,0.227061,0.107230
-0.143920,0.459547,0.446306,0.457251,0.197470
0.479910,0.445506,0.439029,0.449105,0.708200
-0.081830,0.486014,0.475767,0.487052,0.198850
1.090700,0.133796,0.123865,0.132650,0.110060
-0.661360,0.343875,0.334334,0.343470,0.160330
-1.929400,0.040986,0.035494,0.040582,0.031019
0.496250,0.437936,0.429910,0.441703,3.896400
0.104040,0.535314,0.540987,0.539181,3.876800
-0.531010,0.382615,0.382289,0.385870,0.205910
1.323900,0.090901,0.084767,0.090236,0.083061
-0.407110,0.401655,0.402442,0.402626,0.183650
-1.692600,0.065916,0.061615,0.065809,0.047630
-0.543500,0.379620,0.378427,0.382726,0.172440
0.096671,0.534962,0.540701,0.540779,3.973900
-0.603380,0.362699,0.356607,0.364313,0.166320
-0.477410,0.393044,0.394895,0.396127,0.488900
0.490220,0.440782,0.433366,0.444497,2.649900
-0.414290,0.400949,0.401994,0.402211,0.183110
0.528480,0.421673,0.409632,0.425509,0.242590
0.002793,0.517802,0.517778,0.522873,4.037300
-0.980160,0.267185,0.265508,0.269557,0.681120
-0.005039,0.515371,0.514398,0.520174,3.714100
-0.386880,0.403564,0.403521,0.403660,0.185140
2.925100,0.002794,0.000906,0.002653,0.002767
0.592410,0.384354,0.361468,0.387230,0.167410
1.744600,0.044600,0.039277,0.044564,0.043555
-0.022393,0.509531,0.506348,0.513642,0.524670
-0.489010,0.391117,0.392735,0.394353,2.359000
-0.243460,0.425314,0.417044,0.420704,0.193700
0.470940,0.449474,0.443709,0.452947,0.237050
0.492540,0.439694,0.432049,0.443431,3.199000
1.417800,0.078388,0.073564,0.077830,0.073031
-1.002600,0.258166,0.255254,0.260758,3.980900
0.336020,0.496558,0.493757,0.497392,0.188570
-1.057500,0.243818,0.236071,0.246683,0.114060
0.783850,0.256308,0.217630,0.253250,0.146750
-1.923700,0.041526,0.036008,0.041132,0.031360
-0.323820,0.410181,0.407022,0.407490,0.189330
0.496630,0.437755,0.429689,0.441525,3.946700
-0.861370,0.290713,0.287484,0.289654,0.137680
0.098267,0.535050,0.540781,0.540841,4.129500
-0.492940,0.390424,0.391933,0.393697,3.286900
0.013040,0.520774,0.521919,0.526151,1.904600
-1.006200,0.260724,0.257816,0.263507,3.406300
2.643900,0.008265,0.007334,0.008267,0.006054
-0.006083,0.515037,0.513935,0.519802,3.515900
-0.492600,0.390485,0.392004,0.393755,3.212200
0.034602,0.526199,0.529449,0.532043,0.209430
1.295600,0.095152,0.088632,0.094481,0.086201
-0.938380,0.276171,0.275013,0.277505,0.128460
-0.176560,0.446644,0.434129,0.443033,0.196440
0.807670,0.241946,0.205285,0.238548,0.143990
-0.910710,0.281501,0.279931,0.281983,0.131790
0.487050,0.442253,0.435140,0.445936,1.902600
-1.551300,0.083159,0.077161,0.082158,0.059900
0.439560,0.462373,0.458387,0.465260,0.181150
0.002423,0.517691,0.517622,0.522750,4.074500
0.378460,0.483790,0.480948,0.485300,0.185730
-0.270910,0.418932,0.412584,0.414639,0.192330
0.496570,0.437783,0.429724,0.441553,3.939300
-0.446730,0.397356,0.399204,0.399745,0.180580
-0.913950,0.280892,0.279394,0.281477,0.131400
-0.269400,0.419247,0.412798,0.414927,0.192410
0.490620,0.440595,0.433140,0.444314,2.748300
0.499800,0.436232,0.427825,0.440025,4.165700
0.880050,0.203652,0.175814,0.200100,0.135460
0.320620,0.500871,0.498111,0.501591,0.189530
1.686100,0.050462,0.045974,0.050478,0.048156
0.501040,0.435632,0.427089,0.439432,4.144900
-0.114260,0.472089,0.459535,0.471307,0.198220
-0.505090,0.388150,0.389221,0.391491,3.681400
-0.499150,0.389287,0.390590,0.392604,4.152200
-1.384200,0.117899,0.099105,0.115260,0.076548
-0.490540,0.390850,0.392427,0.394101,2.728800
0.492210,0.439849,0.432237,0.443583,3.123200
-0.322660,0.410331,0.407109,0.407595,0.189400
-0.509610,0.387252,0.388123,0.390600,2.689100
0.104290,0.535323,0.540993,0.541008,3.837300
0.098183,0.535046,0.540777,0.540838,4.123700
0.187180,0.530382,0.532156,0.533581,0.196060
-1.587300,0.078277,0.073296,0.077624,0.056609
-1.000500,0.262204,0.259632,0.264915,4.106300
-1.004300,0.259473,0.256570,0.262160,3.762100
0.489950,0.440908,0.433518,0.444620,2.585300
-0.726140,0.323222,0.313659,0.321073,0.153280
0.930020,0.182104,0.160590,0.179019,0.129470
0.510770,0.430830,0.421150,0.434674,2.410600
0.937200,0.179317,0.158633,0.176322,0.128610
0.502840,0.434756,0.426011,0.438567,4.008900
0.004451,0.518300,0.518470,0.523424,3.813600
-1.107000,0.227807,0.213515,0.230103,0.108120
-0.361130,0.406007,0.404764,0.404933,0.186930
-1.464800,0.097971,0.087004,0.095974,0.068249
0.107750,0.535438,0.541051,0.541054,3.152500
-0.635480,0.352407,0.344062,0.352910,0.163040
0.002519,0.517720,0.517663,0.522782,4.065300
-2.184800,0.022634,0.019834,0.022347,0.018344
-1.606500,0.075864,0.071228,0.075363,0.054904
-0.723490,0.324019,0.314382,0.321917,0.153580
0.009738,0.519843,0.520621,0.525127,2.683300
1.571600,0.061783,0.058088,0.061635,0.058030
0.560690,0.403664,0.386497,0.407192,0.170500
0.104870,0.535345,0.541006,0.541018,3.743100
-0.005789,0.515131,0.514066,0.519907,3.574400
-0.619660,0.357545,0.350224,0.358607,0.164670
-0.519460,0.385196,0.385566,0.388528,0.775060
-0.547550,0.378605,0.377110,0.381648,0.171790
2.104100,0.016618,0.014179,0.016069,0.021807
0.083793,0.534000,0.539683,0.539982,1.272000
-0.502810,0.388592,0.389756,0.391926,4.011600
0.095396,0.534886,0.540630,0.540723,3.787800
-0.482240,0.392263,0.394033,0.395417,1.002000
0.002494,0.517712,0.517652,0.522773,4.067800
-0.504980,0.388171,0.389247,0.391512,3.701300
0.505510,0.433446,0.424395,0.437270,3.603900
-0.007631,0.514537,0.513243,0.519245,3.182000
0.682300,0.324030,0.286922,0.323903,0.158090
0.497240,0.437463,0.429332,0.441238,4.017700
0.958350,0.171526,0.153121,0.168811,0.126050
1.009900,0.154861,0.140893,0.152854,0.119820
-0.578160,0.370284,0.366290,0.372657,0.168810
-1.819400,0.052124,0.046791,0.051943,0.038123
0.497670,0.437257,0.429081,0.441035,4.059500
1.627800,0.056232,0.052332,0.056204,0.053038
0.577130,0.393836,0.373752,0.397066,0.168910
0.096002,0.534923,0.540665,0.540750,3.882500
-0.988720,0.265144,0.263148,0.267674,2.235400
-0.491170,0.390739,0.392299,0.393996,2.879600
1.384300,0.082586,0.077308,0.081973,0.076539
0.497910,0.437142,0.428940,0.440922,4.080100
-0.488540,0.391199,0.392829,0.394429,2.247000
0.477480,0.444845,0.438459,0.448339,0.493940
0.496000,0.438055,0.430055,0.441821,3.859500
-0.230820,0.428725,0.419544,0.424110,0.194280
-0.984370,0.266191,0.264367,0.268643,1.298400
2.408200,0.011378,0.011198,0.011343,0.010980
-0.165260,0.450966,0.438046,0.447759,0.196820
-3.900000,0.000002,0.000000,0.000001,0.000099
0.300400,0.506301,0.503694,0.507002,0.190720
0.013654,0.520945,0.522156,0.526338,1.770500
0.497800,0.437195,0.429004,0.440974,4.070900
0.201490,0.528163,0.529081,0.530874,0.195510
-3.050300,0.000115,0.000001,0.000085,0.001904
0.088752,0.534423,0.540155,0.540351,2.318500
-0.501740,0.388797,0.390003,0.392126,4.106500
-0.520450,0.384982,0.385297,0.388310,0.666980
-0.184580,0.443686,0.431541,0.439827,0.196150
-0.012120,0.513060,0.511200,0.517597,2.113900
1.047400,0.144451,0.132741,0.142899,0.115290
-0.509700,0.387234,0.388101,0.390582,2.668500
