1 1 0.31106
13 1 0.47969
16 1 0.11207
2 2 0.734
3 3 1.3205
4 3 0.6412
12 3 0.89951
16 3 0.29156
1 4 0.16853
3 4 0.39979
10 4 0.67427
11 4 0.87535
19 4 1.0096
20 4 0.31775
10 5 0.9271
14 5 0.91579
19 5 0.0058848
1 6 1.1286
8 6 0.199
15 6 0.61663
17 6 0.94423
11 7 0.83526
12 7 0.69276
16 7 0.097447
1 8 0.32272
6 8 0.69778
18 8 0.51015
3 9 0.50552
6 9 0.46189
10 9 0.34382
16 9 0.39745
18 9 0.71396
1 10 0.47866
5 10 0.76755
13 10 0.56082
1 11 0.52652
14 11 0.6619
19 11 0.57442
20 11 1.3316
3 12 0.16931
6 12 0.082613
7 12 0.82072
10 12 0.59449
13 12 0.60971
16 12 0.33331
5 13 0.83685
6 13 0.94734
15 13 0.68514
3 14 0.9222
6 14 0.81331
7 14 0.92383
8 14 0.19302
18 14 0.77364
1 15 0.79272
12 15 0.88071
2 16 0.19301
5 16 0.80346
8 16 0.44535
10 16 0.30874
11 16 0.0033741
14 16 0.85604
3 17 0.52475
4 18 0.016197
11 18 0.3331
12 18 0.43965
19 18 0.82212
4 19 0.013266
11 19 0.98201
17 19 0.83856
18 19 0.60587
9 20 0.012958
10 20 0.61549
12 20 0.70102
