0 868 1.30529
1 545 1.50468
2 460 0.815644
3 910 1.1117
4 532 1.45737
5 532 1.20801
6 545 2.0138
7 532 1.2185
8 762 1.03961
9 910 2.0456
10 402 1.32232
11 995 1.66
12 545 2.25748
13 995 1.34615
14 402 1.3693
15 120 1.46028
16 868 1.6339
17 256 1.54556
18 532 1.50188
19 995 1.28072
20 532 1.84673
21 606 1.59119
22 762 1.87222
23 545 1.41651
24 402 2.00291
25 762 1.24635
26 995 2.01194
27 762 0.883435
28 402 1.96661
29 402 1.08313
30 328 1.41949
31 456 1.99886
32 402 1.75383
33 868 1.54443
34 120 1.99267
35 532 1.37561
36 974 1.00624
37 402 1.60522
38 532 1.61203
39 868 1.50158
40 532 1.90577
41 606 1.31812
42 532 1.71128
43 402 1.48488
44 402 1.50829
45 995 2.09727
46 460 1.40184
47 910 1.05763
48 402 1.29175
49 532 2.21433
50 532 1.63072
51 672 1.7449
52 762 2.16105
53 328 1.73949
54 762 1.50513
55 532 1.84157
56 532 1.40229
57 402 1.89395
58 762 1.91117
59 868 1.68895
60 910 1.99547
61 532 1.25121
62 532 1.2387
63 256 1.70635
64 545 1.21539
65 762 2.11273
66 606 1.85332
67 402 1.76665
68 762 0.98807
69 402 1.91373
70 256 1.77952
71 532 1.0519
72 402 1.65794
73 328 1.69091
74 606 1.3687
75 402 1.60231
76 606 1.80719
77 456 1.50026
78 328 1.2366
79 532 1.2902
80 868 1.44658
81 456 1.30791
82 974 1.74217
83 402 1.44996
84 532 1.55795
85 402 1.36031
86 910 1.49218
87 910 1.48592
88 545 1.71718
89 868 1.40468
90 532 1.6099
91 974 1.97502
92 868 1.9718
93 532 1.58868
94 460 1.31903
95 868 1.37467
96 545 1.59416
97 532 1.09771
98 402 1.36324
99 532 1.28321
100 460 1.56019
101 532 1.5037
102 868 0.861868
103 606 1.62948
104 256 1.97994
105 762 1.71742
106 402 1.74333
107 402 1.19348
108 868 1.17248
109 545 1.62114
110 995 1.49705
111 328 1.33598
112 402 1.87976
113 910 2.01949
114 762 1.76632
115 402 0.921377
116 460 1.61273
117 545 1.85242
118 532 1.78001
119 606 1.9782
120 402 2.38146
121 910 1.18642
122 532 1.18452
123 868 1.18973
124 532 1.59188
125 762 1.51865
126 460 1.0872
127 402 1.74502
128 868 2.22589
129 402 1.18193
130 402 2.01574
131 402 1.40939
132 402 0.985537
133 402 1.71846
134 868 1.506
135 995 1.72922
136 868 1.00456
137 843 1.91467
138 910 2.07127
139 606 1.23314
140 460 1.32281
141 460 1.34789
142 532 1.35524
143 532 1.23461
144 402 1.55041
145 402 1.02933
146 402 0.902829
147 974 1.53017
148 402 1.38489
149 402 1.86661
150 843 1.16724
151 545 2.04542
152 120 1.49283
153 995 1.6548
154 456 1.49435
155 545 1.82904
156 402 1.51984
157 545 1.31263
158 532 1.46129
159 974 1.90118
160 532 1.85159
161 328 1.39326
162 120 1.14707
163 532 0.955817
164 532 1.66972
165 532 1.53832
166 402 1.64395
167 402 2.07649
168 606 1.95539
169 910 1.73818
170 460 1.25586
171 532 1.15126
172 532 0.873002
173 456 1.09663
174 402 2.23665
175 868 1.13089
176 762 1.48998
177 974 0.826283
178 606 1.41117
179 545 1.90893
180 532 1.8413
181 762 1.21758
182 402 1.5702
183 995 1.34576
184 256 1.65182
185 995 1.28141
186 868 2.15023
187 402 1.60545
188 456 1.75787
189 402 0.773855
190 402 1.41978
191 120 1.65991
192 402 1.15446
193 762 1.76306
194 532 1.30834
195 256 1.25781
196 460 1.66081
197 402 1.1177
198 762 0.75522
199 995 1.37508
200 402 1.54011
201 402 1.28657
202 545 1.19278
203 910 1.78869
204 545 1.92925
205 532 1.44457
206 995 1.2765
207 402 2.3672
208 868 2.23174
209 868 1.52034
210 762 1.55213
211 974 1.49319
212 456 1.06124
213 460 1.37741
214 532 1.8542
215 762 1.46032
216 545 1.32256
217 402 1.95422
218 460 1.04617
219 545 1.85461
220 328 1.45343
221 762 1.21309
222 606 1.84831
223 868 0.73754
224 868 1.47335
225 606 1.23614
226 402 1.73529
227 762 2.01069
228 402 1.37082
229 868 1.32759
230 256 1.37735
231 606 1.4141
232 672 1.98592
233 402 2.31553
234 545 1.43423
235 460 1.48069
236 532 1.69098
237 910 1.98826
238 974 1.7443
239 402 1.17662
240 402 1.37552
241 910 1.76687
242 762 1.56195
243 762 2.0327
244 545 1.82965
245 402 1.11782
246 910 0.971606
247 545 2.11565
248 456 2.03455
249 974 2.10155
250 868 2.12479
251 762 1.56973
252 545 1.42079
253 762 1.60876
254 762 1.73365
255 456 0.878364
256 762 2.36557
257 910 1.16825
258 402 1.32856
259 545 1.95677
260 762 2.32419
261 868 1.88689
262 256 1.949
263 606 1.82908
264 532 2.01748
265 545 2.16575
266 402 1.40761
267 995 1.75263
268 606 1.1565
269 545 1.26103
270 762 1.59654
271 910 1.36297
272 762 1.61212
273 762 2.30049
274 328 1.06483
275 868 2.1008
276 532 1.25246
277 910 1.03192
278 460 1.37887
279 995 0.924604
280 532 2.3407
281 256 1.82201
282 762 1.19923
283 843 1.48082
284 532 1.35405
285 995 1.41279
286 456 1.54126
287 532 1.88556
288 606 1.54767
289 672 1.34136
290 460 1.50209
291 868 2.06984
292 402 1.30001
293 456 0.952335
294 995 2.2884
295 402 1.39558
296 402 1.70938
297 532 1.60083
298 545 1.08105
299 532 1.0493
300 910 1.88119
301 402 2.02589
302 402 1.56246
303 910 1.71113
304 328 2.00347
305 402 1.63882
306 910 1.66663
307 402 2.17039
308 532 0.838321
309 402 2.32897
310 402 1.50679
311 402 1.09062
312 328 1.33839
313 995 1.82892
314 460 1.62371
315 532 1.43089
316 402 0.967585
317 532 0.981039
318 868 1.47261
319 910 1.13458
320 606 1.4586
321 328 1.63209
322 120 1.41929
323 910 1.0782
324 545 0.937
325 402 1.30477
326 762 1.23829
327 532 1.44056
328 868 2.41074
329 402 1.61627
330 762 1.90782
331 868 1.62811
332 947 1.46285
333 402 2.00636
334 868 1.9051
335 995 1.74053
336 545 1.26489
337 456 1.94104
338 532 1.74196
339 843 1.44488
340 974 1.76033
341 762 2.06435
342 402 1.55325
343 545 1.51538
344 868 1.25432
345 402 1.93317
346 402 2.10127
347 843 1.49835
348 868 2.14143
349 910 1.61153
350 402 1.03042
351 545 1.94089
352 460 1.09777
353 456 1.93396
354 402 1.26828
355 256 1.50757
356 545 1.59834
357 762 2.15619
358 532 2.08374
359 762 1.53772
360 762 1.42739
361 974 1.22939
362 762 1.79108
363 974 1.40146
364 672 1.68153
365 532 1.9986
366 532 1.34911
367 532 1.62143
368 402 0.989355
369 545 1.97894
370 762 1.48919
371 762 1.48583
372 532 1.55448
373 545 1.28274
374 762 1.46561
375 328 0.87007
376 460 1.75527
377 606 1.31733
378 456 1.20725
379 402 1.54202
380 532 0.673792
381 762 1.45522
382 402 2.17592
383 910 1.6534
384 256 1.21624
385 545 1.48725
386 532 1.77098
387 868 1.19121
388 868 0.949129
389 402 1.78028
390 256 1.7993
391 606 1.69486
392 545 2.20418
393 762 1.34276
394 460 2.15217
395 910 1.63626
396 974 1.25083
397 910 1.0925
398 402 1.97046
399 402 1.36401
400 256 1.9215
401 545 1.31128
402 995 2.43013
403 402 1.19871
404 995 1.46123
405 762 2.09548
406 762 0.998641
407 402 1.63267
408 995 1.14202
409 532 1.05626
410 256 1.67117
411 402 1.44178
412 402 0.899851
413 532 1.54061
414 402 1.63054
415 460 1.57464
416 328 1.52419
417 868 1.46376
418 460 1.98691
419 762 1.16313
420 120 1.76166
421 545 1.55698
422 402 1.98758
423 545 1.95493
424 402 1.36531
425 460 1.56767
426 256 2.1876
427 868 1.28711
428 402 1.74284
429 910 1.81662
430 402 2.13746
431 256 1.67778
432 545 1.56249
433 545 2.03788
434 910 1.53025
435 402 1.8621
436 995 1.36657
437 532 1.09808
438 995 1.64335
439 532 1.64514
440 672 1.62404
441 545 2.07491
442 456 1.99366
443 868 1.16878
444 328 1.67147
445 995 1.4126
446 402 1.23686
447 532 1.72475
448 402 1.65845
449 256 1.12251
450 606 1.64654
451 402 1.16824
452 762 1.87674
453 532 2.20177
454 328 1.10498
455 460 1.96366
456 460 2.41283
457 402 1.54556
458 256 1.9122
459 532 1.3904
460 868 2.41712
461 532 1.29808
462 460 1.48417
463 328 1.64716
464 460 1.37285
465 402 1.31848
466 402 1.38832
467 256 1.18454
468 974 1.43683
469 868 2.22278
470 606 1.4856
471 532 1.35692
472 606 0.870127
473 974 1.83666
474 256 1.82956
475 256 1.77599
476 762 1.44595
477 532 1.87635
478 532 0.815704
479 256 1.43487
480 868 1.5039
481 532 1.05315
482 974 1.47962
483 402 1.67453
484 402 0.851118
485 545 2.05153
486 532 1.13416
487 460 1.55787
488 402 2.01639
489 120 1.16956
490 460 1.31215
491 843 1.74223
492 532 1.45208
493 402 1.54924
494 910 1.43942
495 995 1.62934
496 995 1.96968
497 532 1.55259
498 532 1.28145
499 545 1.74772
500 402 1.60815
501 995 1.56738
502 762 1.79538
503 995 1.62763
504 460 1.73452
505 545 1.50669
506 256 1.81363
507 402 1.30647
508 868 1.93469
509 328 1.29644
510 762 1.65466
511 995 1.15037
512 532 1.67941
513 868 1.34218
514 910 1.11409
515 606 1.49774
516 974 1.84406
517 328 1.33361
518 910 1.37506
519 402 1.53327
520 402 1.73425
521 974 1.12993
522 456 1.83041
523 456 1.38069
524 256 1.96192
525 843 1.38875
526 545 1.71609
527 460 1.37645
528 995 1.77836
529 545 1.76058
530 868 2.06024
531 868 1.33829
532 545 2.49133
533 545 1.71611
534 460 1.82497
535 545 1.82567
536 762 1.92075
537 974 1.39787
538 843 1.49032
539 402 1.51167
540 402 1.14322
541 402 1.7809
542 974 1.5516
543 402 1.12298
544 762 2.18196
545 532 2.49133
546 974 1.3738
547 762 0.990332
548 545 1.62722
549 460 1.4966
550 532 1.08119
551 995 1.50331
552 328 1.61649
553 910 2.12539
554 995 1.28042
555 606 1.18823
556 402 1.62045
557 606 2.02312
558 910 1.72043
559 532 1.4561
560 762 2.14437
561 402 1.39475
562 402 1.18263
563 545 1.86739
564 456 1.74664
565 532 1.69197
566 606 0.984589
567 402 1.87434
568 256 1.98509
569 545 2.21538
570 606 1.96123
571 402 0.992123
572 532 1.40932
573 120 1.8183
574 532 1.71798
575 456 1.60834
576 910 1.86987
577 532 1.27499
578 762 1.46251
579 868 1.77287
580 974 1.58591
581 672 1.39057
582 256 1.63819
583 460 1.04962
584 910 1.67446
585 868 1.69314
586 762 1.34437
587 532 1.67106
588 762 1.39977
589 868 1.52544
590 672 1.45366
591 460 1.91416
592 120 1.37361
593 995 1.96041
594 256 1.85286
595 456 1.51393
596 762 1.86281
597 606 2.00665
598 328 1.32572
599 460 1.74506
600 910 1.27812
601 402 0.738648
602 606 1.35053
603 843 1.54097
604 995 1.85617
605 328 1.09182
606 532 2.47842
607 402 1.99545
608 606 1.6667
609 460 1.69762
610 762 1.26668
611 910 1.73361
612 532 0.92588
613 328 1.67947
614 974 2.12138
615 910 1.83823
616 456 1.04248
617 868 1.6344
618 460 1.68166
619 545 1.93214
620 868 1.90976
621 762 1.79898
622 910 1.75764
623 868 0.962909
624 532 1.37361
625 532 1.09823
626 532 1.55577
627 995 0.958956
628 328 1.85336
629 456 1.72646
630 532 1.26655
631 762 1.51285
632 868 2.16917
633 606 1.38264
634 910 1.93551
635 402 1.85708
636 532 1.89317
637 402 1.65015
638 995 1.61347
639 545 1.67855
640 545 1.64993
641 868 1.58371
642 120 1.06125
643 328 0.890924
644 460 0.988783
645 545 1.29555
646 868 2.27881
647 532 2.01496
648 910 1.43657
649 328 1.74612
650 606 0.947992
651 402 0.839415
652 868 0.974863
653 762 1.74557
654 606 1.07531
655 545 1.9546
656 545 1.43239
657 532 1.18742
658 762 1.5375
659 532 2.02458
660 328 1.85387
661 328 2.32486
662 532 1.86477
663 532 1.94221
664 120 1.52008
665 256 1.11141
666 460 1.36717
667 910 1.34949
668 456 1.46748
669 762 1.70222
670 545 1.63509
671 532 1.54337
672 402 2.42019
673 995 1.98955
674 460 1.1605
675 762 1.52062
676 532 1.40459
677 120 1.55683
678 672 1.75543
679 328 1.43288
680 402 1.89536
681 532 1.19705
682 762 0.828859
683 762 1.78346
684 868 1.82596
685 120 0.923878
686 532 2.12041
687 545 1.22015
688 402 1.79819
689 910 1.94523
690 402 0.981317
691 762 1.93029
692 995 1.31237
693 256 1.3734
694 532 1.46446
695 762 0.934153
696 532 1.27295
697 402 1.82085
698 402 1.10315
699 545 1.86056
700 402 1.77407
701 762 1.70945
702 402 1.21667
703 545 1.66325
704 328 0.915889
705 532 1.4625
706 606 1.90497
707 868 2.09714
708 256 1.85646
709 910 1.83267
710 606 1.53027
711 843 1.1136
712 995 1.72812
713 532 1.50124
714 995 1.9851
715 995 1.67745
716 762 1.1947
717 402 1.85827
718 532 1.29245
719 402 1.79513
720 532 1.49426
721 402 2.03779
722 762 1.4131
723 532 1.93127
724 460 1.09904
725 762 1.06221
726 868 1.97798
727 532 1.47854
728 532 1.48968
729 606 1.64661
730 532 1.92814
731 868 2.20292
732 868 1.10524
733 532 1.15463
734 532 2.16982
735 460 2.11875
736 402 1.46385
737 995 1.66963
738 762 1.34587
739 910 1.58504
740 460 1.26255
741 868 2.25292
742 995 1.60053
743 910 1.82091
744 328 1.56572
745 402 1.88056
746 974 0.994343
747 328 1.09847
748 256 1.46533
749 910 1.13773
750 532 1.35845
751 868 1.03523
752 456 1.22518
753 843 1.84319
754 456 1.62718
755 868 1.07635
756 402 1.26652
757 974 1.58144
758 120 1.27338
759 460 0.855523
760 120 1.30424
761 402 1.8673
762 256 2.36557
763 402 2.00698
764 120 1.64212
765 868 1.72826
766 606 2.12399
767 460 2.04076
768 532 1.7354
769 995 1.64872
770 868 2.00423
771 460 1.21765
772 120 1.48766
773 762 1.67171
774 995 0.803023
775 995 1.53184
776 545 1.72187
777 402 1.45856
778 868 2.12014
779 910 1.45861
780 974 1.89943
781 402 1.51816
782 762 1.33494
783 328 1.79654
784 868 1.42469
785 762 1.67616
786 762 1.52941
787 402 1.36029
788 456 1.0241
789 402 1.3037
790 456 1.36966
791 545 1.50358
792 402 1.46518
793 456 1.74771
794 256 1.39003
795 672 1.1364
796 868 1.43703
797 995 1.49907
798 545 1.55441
799 402 1.44177
800 402 1.65018
801 910 1.60432
802 762 1.80684
803 762 0.871127
804 995 1.92312
805 545 1.30305
806 256 1.92078
807 456 1.86436
808 456 1.59456
809 402 1.16339
810 995 2.15194
811 532 1.60263
812 606 1.43103
813 545 1.8907
814 532 2.10083
815 545 1.16411
816 910 1.80615
817 256 1.68835
818 868 2.10663
819 532 1.63453
820 456 1.82332
821 460 1.71993
822 545 1.33411
823 762 1.5356
824 328 1.48149
825 532 1.25851
826 868 1.27474
827 532 1.43924
828 545 1.54639
829 456 1.41785
830 456 1.49631
831 532 1.09723
832 402 1.61718
833 995 1.34222
834 402 1.85151
835 974 1.38492
836 762 1.78575
837 402 1.45713
838 328 1.14186
839 868 1.57986
840 995 1.51991
841 532 1.39314
842 995 1.04778
843 910 2.29324
844 460 1.13157
845 606 1.64859
846 256 1.09788
847 402 1.58425
848 532 1.27902
849 532 0.968895
850 910 1.53765
851 606 1.72214
852 402 1.04054
853 974 1.39206
854 256 1.4039
855 995 1.75842
856 456 1.09536
857 995 1.77144
858 545 1.91812
859 762 0.996074
860 762 1.95768
861 256 1.30809
862 402 1.30702
863 974 2.26544
864 545 1.73032
865 995 1.64548
866 456 1.62331
867 460 0.800629
868 460 2.41712
869 532 1.72912
870 995 1.26231
871 456 1.66039
872 328 1.80397
873 910 1.6512
874 328 2.03383
875 256 1.62914
876 532 1.16341
877 545 0.849094
878 868 1.43088
879 532 1.5979
880 402 1.33909
881 256 1.38165
882 910 1.38697
883 762 1.42765
884 995 1.84406
885 402 1.25623
886 762 1.83933
887 402 1.57896
888 606 1.60165
889 545 1.11489
890 974 2.10789
891 910 1.65745
892 995 1.48056
893 843 1.53051
894 545 1.25069
895 256 1.21503
896 762 1.59773
897 402 1.52632
898 868 1.87476
899 402 1.1096
900 995 1.47506
901 762 1.89409
902 910 1.959
903 460 1.86019
904 672 2.05624
905 532 1.74209
906 120 1.15739
907 868 2.02993
908 606 0.878744
909 328 1.93162
910 256 2.35226
911 868 1.50295
912 762 1.65772
913 402 1.18177
914 910 1.56762
915 532 1.69149
916 402 1.35035
917 762 2.30946
918 328 1.14483
919 606 1.18428
920 460 1.35469
921 460 1.59468
922 532 1.01267
923 402 2.0869
924 910 1.80854
925 532 1.94734
926 995 2.05058
927 545 1.7331
928 532 1.42319
929 762 2.08591
930 532 1.7146
931 460 1.25783
932 606 1.69135
933 762 1.42774
934 762 1.78178
935 402 1.98391
936 762 1.75949
937 402 1.18958
938 402 1.46613
939 974 1.33013
940 545 1.82206
941 868 1.11128
942 460 1.641
943 402 1.61945
944 402 1.67989
945 460 1.07852
946 532 2.04746
947 545 2.37429
948 532 1.36492
949 910 2.00646
950 762 1.26485
951 672 1.20553
952 256 1.54438
953 910 1.79744
954 762 1.90255
955 606 1.68135
956 532 1.50434
957 402 1.76965
958 532 1.76649
959 402 1.2649
960 402 1.20059
961 762 1.12395
962 402 1.74695
963 532 1.706
964 402 1.3268
965 606 1.53532
966 910 1.44133
967 868 0.916135
968 868 1.85204
969 328 1.91598
970 456 1.0706
971 762 1.17517
972 606 0.851181
973 456 1.00504
974 762 2.34402
975 910 1.50986
976 460 1.77978
977 532 1.3602
978 460 1.34026
979 910 1.77142
980 120 1.07604
981 532 1.15858
982 910 1.93861
983 532 1.97435
984 868 2.01647
985 545 2.07703
986 545 1.48484
987 762 2.13172
988 402 1.10934
989 910 1.50595
990 456 1.77147
991 762 1.94705
992 402 1.34101
993 995 1.94819
994 843 1.75019
995 402 2.43013
996 974 1.7732
997 910 1.52491
998 532 1.20636
999 868 2.21862
