0 862 0.464635
0 344 -0.734531
0 224 -0.0901429
0 43 -0.639961
0 0 1
1 703 -0.366633
1 499 -0.648401
1 805 -0.546957
1 639 0.561991
1 1 1
2 867 -1.01199
2 472 -0.943906
2 972 1.05369
2 380 -0.0977952
2 2 1
3 397 -0.0545761
3 319 -0.744406
3 277 -0.36616
3 443 0.165142
3 3 1
4 840 -0.762477
4 827 -0.043311
4 865 0.191915
4 38 -0.386127
4 4 1
5 732 0.621756
5 876 0.266734
5 751 -1.1214
5 492 -0.767089
5 5 1
6 563 -0.525249
6 222 -0.046169
6 569 -0.468754
6 985 0.0401719
6 6 1
7 361 -0.350119
7 97 0.095368
7 928 -0.29193
7 437 -0.453319
7 7 1
8 547 0.844328
8 695 -1.33142
8 419 -1.4239
8 961 0.910991
8 8 1
9 982 0.414142
9 113 -0.737128
9 689 -0.562519
9 843 -0.114494
9 9 1
10 446 -0.329621
10 325 -0.926435
10 451 1.0748
10 630 -0.818744
10 10 1
11 110 0.922823
11 742 -0.444696
11 495 -0.72761
11 775 -0.750517
11 11 1
12 265 -1.26057
12 151 0.173398
12 392 0.341655
12 532 -0.254481
12 12 1
13 285 -0.742266
13 436 -1.03862
13 590 0.418187
13 445 0.362701
13 13 1
14 411 -0.069266
14 789 -0.496187
14 792 -0.352189
14 465 -0.082358
14 14 1
15 740 1.7745
15 549 -2.01049
15 152 0.586589
15 554 -1.3506
15 15 1
16 617 -0.306661
16 585 -0.0373132
16 684 -0.314709
16 224 -0.341316
16 16 1
17 748 -0.638724
17 582 -0.0509726
17 875 0.108173
17 63 -0.418476
17 17 1
18 728 -0.450003
18 413 -0.336898
18 841 -0.0133065
18 694 -0.199792
18 18 1
19 183 -1.18447
19 971 0.0157902
19 199 -0.41635
19 892 0.585026
19 19 1
20 358 -0.247254
20 814 -0.343961
20 671 -0.430552
20 946 0.0217669
20 20 1
21 955 -0.868452
21 932 0.206173
21 608 -0.0208002
21 231 -0.31692
21 21 1
22 884 -0.227327
22 596 -0.40445
22 45 -0.320477
22 503 -0.0477462
22 22 1
23 421 -3.11271
23 385 1.0312
23 88 1.39495
23 356 -0.313443
23 23 1
24 130 1.17144
24 435 -1.92819
24 149 1.12714
24 346 -1.37038
24 24 1
25 586 -0.35694
25 971 -1.0985
25 738 1.26983
25 374 -0.814399
25 25 1
26 496 -0.603956
26 714 -0.479605
26 855 0.176714
26 232 -0.0931538
26 26 1
27 293 -0.748247
27 198 -0.657724
27 172 -0.319068
27 255 0.725038
27 27 1
28 127 -1.65841
28 813 0.227316
28 700 1.63544
28 398 -1.20434
28 28 1
29 350 -0.555344
29 809 -0.354723
29 543 0.00249809
29 245 -0.0924313
29 29 1
30 598 1.10372
30 339 0.475357
30 444 -1.25204
30 150 -1.32703
30 30 1
31 248 -1.03902
31 250 -0.389833
31 741 -0.0505756
31 731 0.479429
31 31 1
32 296 0.122703
32 761 -0.57099
32 800 -0.200539
32 943 -0.351175
32 32 1
33 480 -0.852572
33 531 0.416437
33 589 -0.242944
33 89 -0.320921
33 33 1
34 573 -1.25633
34 904 -0.536573
34 673 -0.0100628
34 678 0.802965
34 34 1
35 276 0.0165864
35 143 -0.283903
35 90 -0.461989
35 733 -0.270694
35 35 1
36 746 -1.21667
36 550 -0.260382
36 177 -0.25298
36 849 0.730034
36 36 1
37 187 -1.20649
37 43 0.158739
37 957 0.657183
37 226 -0.609433
37 37 1
38 827 -0.211424
38 512 -0.96189
38 4 -0.345061
38 372 0.518374
38 38 1
39 89 -0.23046
39 80 -0.527842
39 878 0.243401
39 839 -0.485099
39 39 1
40 958 0.0271696
40 512 0.480142
40 335 -0.764755
40 983 -0.742557
40 40 1
41 225 -2.89016
41 812 2.23043
41 231 2.36286
41 21 -2.70314
41 41 1
42 297 -0.386252
42 574 -0.21339
42 160 -0.346933
42 819 -0.0534245
42 42 1
43 44 -0.536144
43 37 -0.280082
43 500 0.0313238
43 862 -0.215098
43 43 1
44 43 -0.530096
44 166 -0.384162
44 131 -0.2254
44 500 0.139658
44 44 1
45 22 1.67737
45 884 -2.95894
45 330 -1.38794
45 503 1.6695
45 45 1
46 527 -0.437136
46 213 -0.136076
46 235 -0.367331
46 170 -0.0594578
46 46 1
47 323 -0.894044
47 277 -1.30631
47 246 0.393461
47 397 0.806898
47 47 1
48 880 0.303692
48 519 -0.534015
48 539 -0.130224
48 311 -0.639453
48 48 1
49 280 -0.981984
49 545 0.0412376
49 946 0.517167
49 287 -0.576421
49 49 1
50 930 -0.701661
50 626 -0.329867
50 587 0.151712
50 928 -0.120183
50 50 1
51 135 -0.413039
51 364 -0.614273
51 804 -0.752735
51 604 0.780047
51 51 1
52 917 -2.01208
52 260 1.13215
52 273 0.538239
52 65 -0.658307
52 52 1
53 599 -0.546639
53 376 -0.0084137
53 744 -0.221017
53 969 -0.22393
53 53 1
54 360 -0.619401
54 675 -0.0612606
54 253 -0.432747
54 578 0.113409
54 54 1
55 214 -0.7931
55 236 0.166121
55 905 -0.605943
55 447 0.232923
55 55 1
56 676 -0.37686
56 468 -0.39916
56 626 -0.235036
56 853 0.0110559
56 56 1
57 217 1.11041
57 69 -0.581823
57 680 -0.853886
57 488 -0.6747
57 57 1
58 621 -0.119269
58 596 -0.742569
58 802 0.402698
58 691 -0.54086
58 58 1
59 417 -0.312266
59 990 -1.06193
59 911 -0.463627
59 808 0.837825
59 59 1
60 113 -0.575462
60 138 -0.294531
60 241 0.0633868
60 114 -0.193394
60 60 1
61 486 -1.20857
61 276 1.23066
61 143 0.127792
61 35 -1.14988
61 61 1
62 171 -0.318211
62 577 -0.361461
62 194 -0.401584
62 750 0.0812561
62 62 1
63 506 0.669261
63 410 -0.636335
63 475 -0.456859
63 474 -0.576067
63 63 1
64 687 -0.751371
64 401 0.894712
64 157 -0.759318
64 894 -0.384023
64 64 1
65 544 -0.0491896
65 273 -0.824619
65 52 0.536063
65 536 -0.662254
65 65 1
66 851 -0.800255
66 76 -0.820717
66 263 -0.0660211
66 729 0.686993
66 66 1
67 520 -0.390909
67 112 -0.314869
67 149 -0.107934
67 500 -0.186288
67 67 1
68 803 -1.73267
68 246 0.0473638
68 47 -0.386865
68 682 1.07217
68 68 1
69 217 -0.956089
69 57 0.0364311
69 680 0.0706154
69 800 -0.150958
69 69 1
70 708 0.569049
70 400 -0.665942
70 474 -0.298163
70 817 -0.604944
70 70 1
71 876 -1.31204
71 825 -1.67807
71 409 0.0709341
71 461 1.91917
71 71 1
72 329 -0.598027
72 144 -1.03558
72 182 -0.125296
72 938 0.758903
72 72 1
73 463 -1.87392
73 649 -0.271909
73 220 -0.151527
73 552 1.29735
73 73 1
74 178 -0.69781
74 812 -0.30112
74 633 0.296725
74 139 -0.297795
74 74 1
75 792 1.41728
75 847 -0.758975
75 787 -0.434651
75 411 -1.22366
75 75 1
76 729 -0.435393
76 66 -0.183049
76 557 -0.154597
76 168 -0.226961
76 76 1
77 668 -2.32694
77 866 0.150902
77 523 0.753677
77 154 0.422357
77 77 1
78 509 1.02581
78 517 -3.34817
78 674 -0.704409
78 141 2.02677
78 78 1
79 657 -1.02205
79 630 0.639305
79 315 0.234715
79 327 -0.851972
79 79 1
80 39 1.92493
80 617 -1.23209
80 89 -2.09648
80 878 0.403645
80 80 1
81 523 1.05122
81 752 0.147519
81 829 -1.04367
81 99 -1.15508
81 81 1
82 238 -0.269167
82 516 -0.54456
82 147 -0.290836
82 184 0.104563
82 82 1
83 799 -1.11877
83 302 -0.283813
83 507 -0.212675
83 411 0.615262
83 83 1
84 101 -0.678578
84 559 -0.672067
84 720 -0.240019
84 366 0.590664
84 84 1
85 399 -0.757488
85 837 -0.0118581
85 148 -0.266749
85 200 0.0360947
85 85 1
86 434 -0.123802
86 656 -0.386435
86 584 -0.290359
86 798 -0.199405
86 86 1
87 739 -0.609833
87 997 -0.207213
87 494 0.159133
87 600 -0.342087
87 87 1
88 533 3.83547
88 421 -0.939202
88 244 -1.80494
88 391 -2.09133
88 88 1
89 39 -0.0444459
89 826 -0.569429
89 878 0.0525881
89 839 -0.438713
89 89 1
90 869 -0.581824
90 879 -1.00936
90 35 -0.0398151
90 565 0.631002
90 90 1
91 516 0.55293
91 614 -0.978227
91 890 0.203977
91 82 -0.778681
91 91 1
92 898 -0.697373
92 778 -0.495008
92 508 -0.0742576
92 726 0.266638
92 92 1
93 118 -0.246137
93 727 -0.412826
93 915 -0.0140378
93 811 -0.326999
93 93 1
94 861 -0.0919481
94 702 0.466277
94 916 -0.801934
94 278 -0.572395
94 94 1
95 134 1.60405
95 784 -1.34698
95 830 -1.25397
95 229 -0.00309984
95 95 1
96 640 0.732863
96 254 -0.797382
96 776 -0.330101
96 343 -0.605381
96 96 1
97 657 0.325632
97 625 0.210044
97 437 -0.746579
97 451 -0.789097
97 97 1
98 964 -1.13187
98 240 0.495049
98 424 -0.79993
98 959 0.43675
98 98 1
99 752 -0.708672
99 523 -0.0937767
99 81 0.0385181
99 694 -0.23607
99 99 1
100 618 -0.639256
100 666 -0.433555
100 942 0.275446
100 504 -0.202635
100 100 1
101 315 -1.14027
101 84 -0.290836
101 327 0.651736
101 587 -0.220629
101 101 1
102 967 -2.70236
102 623 1.4005
102 189 0.107287
102 652 0.194576
102 102 1
103 399 -1.01231
103 450 1.62528
103 222 -3.52405
103 563 1.91108
103 103 1
104 708 -2.14738
104 458 -1.2108
104 817 0.808194
104 400 1.54999
104 104 1
105 986 -3.72459
105 640 -0.773584
105 343 2.91062
105 631 0.587554
105 105 1
106 296 -2.79456
106 414 0.667884
106 556 0.0937254
106 32 1.03295
106 106 1
107 192 -0.841822
107 197 -0.477928
107 698 -0.0690561
107 571 0.388806
107 107 1
108 941 -2.93387
108 175 1.07479
108 513 0.00580185
108 788 0.853283
108 108 1
109 927 -1.53327
109 529 1.34197
109 155 0.334236
109 535 -1.14294
109 109 1
110 775 -1.70043
110 11 0.76849
110 840 0.620595
110 495 -0.688658
110 110 1
111 835 0.862999
111 396 -2.32897
111 848 -2.2782
111 998 2.74417
111 111 1
112 67 -0.519457
112 333 -0.403691
112 345 0.0258537
112 130 -0.102706
112 112 1
113 9 -0.0643686
113 982 -0.619759
113 60 -0.590589
113 241 0.274716
113 113 1
114 836 -0.703512
114 873 -0.475306
114 253 0.236841
114 60 -0.0580232
114 114 1
115 571 -0.541217
115 316 -0.103428
115 368 0.0277032
115 651 -0.383058
115 115 1
116 196 -0.0356729
116 283 -0.943431
116 893 1.03368
116 321 -1.05458
116 116 1
117 639 -0.245496
117 699 -0.308758
117 244 -0.0588628
117 369 -0.386883
117 117 1
118 723 -0.406452
118 93 -0.516635
118 925 -0.191022
118 915 0.114109
118 118 1
119 597 -1.59042
119 168 0.170612
119 706 -0.993588
119 570 1.41339
119 119 1
120 430 0.880976
120 346 -1.62659
120 672 -0.816195
120 607 0.561805
120 120 1
121 749 -0.662701
121 271 -0.241349
121 514 -0.167547
121 323 0.0715966
121 121 1
122 733 -2.5873
122 831 1.21722
122 276 0.667101
122 951 -0.29702
122 122 1
123 443 -0.517171
123 175 -0.255979
123 95 -0.442198
123 784 0.215348
123 123 1
124 497 -0.538672
124 676 0.0023276
124 165 -0.24008
124 386 -0.223576
124 124 1
125 176 -0.936655
125 785 -0.291936
125 631 0.127247
125 669 0.101344
125 125 1
126 674 -0.321986
126 274 -0.341837
126 218 -0.252544
126 711 -0.0836325
126 126 1
127 428 -0.229547
127 700 0.0979525
127 28 -0.471585
127 828 -0.39682
127 127 1
128 186 0.0442705
128 328 -0.574491
128 778 -0.115822
128 726 -0.353957
128 128 1
129 197 -0.549027
129 988 -0.5008
129 403 0.658429
129 258 -0.608601
129 129 1
130 24 -0.714569
130 435 0.128392
130 763 -0.383094
130 112 -0.030728
130 130 1
131 885 -0.529545
131 44 -0.785599
131 500 -0.251475
131 43 0.56662
131 131 1
132 145 -4.73905
132 543 -0.10687
132 368 2.38147
132 197 1.46445
132 132 1
133 719 -1.21866
133 962 0.602808
133 897 -0.134174
133 156 -0.249978
133 133 1
134 784 -0.801863
134 830 -0.754797
134 95 0.536336
134 229 0.0203241
134 134 1
135 51 -2.05557
135 804 1.36678
135 604 -1.48939
135 364 1.17818
135 135 1
136 652 0.353803
136 311 -0.922229
136 690 0.349035
136 967 -0.780609
136 136 1
137 806 -0.849886
137 491 -0.0469599
137 753 -0.735743
137 281 0.632589
137 137 1
138 987 -0.68926
138 405 0.13051
138 60 -0.137228
138 237 -0.304021
138 138 1
139 633 -0.171955
139 978 0.317269
139 666 -0.636733
139 919 -0.508581
139 139 1
140 920 -0.745438
140 666 0.344283
140 139 -0.385974
140 290 -0.21287
140 140 1
141 517 0.865145
141 679 -0.849523
141 509 -0.675187
141 931 -0.340436
141 141 1
142 572 -0.880677
142 727 0.685819
142 93 -0.300267
142 461 -0.504875
142 142 1
143 299 -0.469606
143 35 -0.279528
143 276 0.0882034
143 572 -0.339069
143 143 1
144 938 -0.243041
144 72 -1.15758
144 240 -0.31836
144 329 0.718984
144 144 1
145 368 -0.460837
145 197 -0.272502
145 698 -0.0745893
145 132 -0.192071
145 145 1
146 484 -1.38123
146 189 0.387426
146 132 0.36979
146 145 -0.375986
146 146 1
147 952 0.525668
147 479 -0.988688
147 238 -0.0638472
147 82 -0.473133
147 147 1
148 837 0.0948222
148 85 -0.561555
148 556 -0.0958793
148 266 -0.437387
148 148 1
149 67 -0.350238
149 346 0.413928
149 607 -0.605948
149 24 -0.457741
149 149 1
150 598 -0.482686
150 521 -0.474066
150 30 0.207501
150 525 -0.250749
150 150 1
151 265 -0.0648017
151 12 -0.534577
151 369 0.176988
151 244 -0.57761
151 151 1
152 664 -0.482356
152 161 -1.18248
152 772 1.06269
152 420 -0.397854
152 152 1
153 495 1.3626
153 445 -1.07242
153 313 -1.47599
153 267 0.185806
153 153 1
154 668 -2.99983
154 523 0.854675
154 829 -0.294897
154 77 1.44005
154 154 1
155 204 -3.06732
155 927 -0.470738
155 619 2.87312
155 423 -0.335069
155 155 1
156 736 -2.15553
156 258 3.53862
156 897 0.870339
156 992 -3.25343
156 156 1
157 401 1.47877
157 216 -2.38797
157 64 -1.46437
157 687 1.37357
157 157 1
158 705 -0.611874
158 459 2.56597
158 696 -1.78813
158 297 -1.16597
158 158 1
159 473 -1.44989
159 780 1.24032
159 996 -1.89775
159 386 1.10732
159 159 1
160 42 1.4283
160 574 0.229827
160 730 -1.20294
160 819 -1.45519
160 160 1
161 772 -0.67022
161 664 0.357309
161 152 -0.444787
161 162 -0.242303
161 161 1
162 906 -0.494978
162 489 -0.495873
162 642 0.108858
162 838 -0.118006
162 162 1
163 922 -0.628262
163 172 0.108974
163 255 -0.343412
163 788 -0.1373
163 163 1
164 963 -0.581018
164 338 -0.788567
164 180 0.104407
164 636 0.265179
164 164 1
165 956 -1.10305
165 977 0.0593946
165 284 2.59226
165 750 -2.5486
165 165 1
166 44 -0.854845
166 305 -0.113802
166 149 -0.473271
166 500 0.441918
166 166 1
167 923 -2.08653
167 174 -0.848958
167 233 1.36865
167 688 0.566841
167 167 1
168 597 2.27994
168 119 -2.23906
168 557 -1.47479
168 570 0.43391
168 168 1
169 558 -0.617292
169 622 -0.187191
169 953 -0.35391
169 429 0.158393
169 169 1
170 213 -0.109114
170 278 -0.218022
170 945 -0.409273
170 46 -0.263591
170 170 1
171 62 0.101723
171 481 0.714463
171 577 -0.908443
171 849 -0.907743
171 171 1
172 255 0.24154
172 163 -0.498643
172 27 -0.564934
172 922 -0.177962
172 172 1
173 212 -0.821845
173 221 -0.0582192
173 970 0.0220188
173 81 -0.141954
173 173 1
174 233 0.409982
174 309 -1.07823
174 207 0.0457308
174 923 -0.377478
174 174 1
175 941 -0.075209
175 123 -0.439925
175 108 -0.339651
175 973 -0.145215
175 175 1
176 125 -0.73907
176 631 -0.477498
176 578 0.0624032
176 669 0.154164
176 176 1
177 308 -0.513018
177 36 -0.0883722
177 375 -0.584856
177 746 0.186247
177 177 1
178 74 -1.13046
178 633 0.757797
178 515 -1.97433
178 710 1.34699
178 178 1
179 655 -1.10588
179 485 0.400502
179 433 0.0505729
179 423 -0.345197
179 179 1
180 963 -1.61038
180 164 1.76678
180 338 -1.14003
180 636 -0.0163772
180 180 1
181 393 0.893186
181 326 -1.00683
181 782 -0.867901
181 933 -0.0184589
181 181 1
182 329 -0.413278
182 897 -0.401075
182 72 -0.0756919
182 781 -0.109955
182 182 1
183 19 -1.07551
183 738 -0.833276
183 892 0.193402
183 971 0.71538
183 183 1
184 340 -0.250714
184 355 -0.700428
184 82 -0.424141
184 147 0.375282
184 184 1
185 692 -1.37951
185 554 -0.176786
185 289 0.519504
185 199 0.0367936
185 185 1
186 128 -1.195
186 984 0.403778
186 726 0.952297
186 261 -1.16108
186 186 1
187 37 -0.470926
187 957 -0.334301
187 331 0.081353
187 641 -0.276126
187 187 1
188 629 -1.36875
188 754 0.229081
188 442 -0.661887
188 353 0.801555
188 188 1
189 102 0.971922
189 484 -1.91568
189 146 1.08362
189 967 -1.13986
189 189 1
190 325 1.53623
190 787 -1.46255
190 10 -1.5011
190 465 0.427422
190 190 1
191 764 -2.51236
191 772 0.373247
191 677 0.543487
191 573 0.595628
191 191 1
192 107 -0.231195
192 571 -0.130438
192 885 -0.366385
192 311 -0.271981
192 192 1
193 701 0.113465
193 510 -1.32075
193 621 -0.559803
193 272 0.767084
193 193 1
194 676 -0.633897
194 62 -0.944544
194 56 0.12209
194 577 0.456351
194 194 1
195 895 -0.558569
195 384 -0.796853
195 794 -0.0199412
195 540 0.375364
195 195 1
196 116 -0.46093
196 321 -0.195552
196 744 0.0498625
196 599 -0.39338
196 196 1
197 145 -0.0959113
197 129 -0.512399
197 698 -0.267895
197 368 -0.123795
197 197 1
198 223 -0.850309
198 27 -0.146067
198 255 0.300754
198 172 -0.304378
198 198 1
199 900 -3.19037
199 215 0.119524
199 501 0.69171
199 797 1.37914
199 199 1
200 887 -0.343843
200 457 -0.246214
200 832 -0.243605
200 85 -0.166339
200 200 1
201 540 4.13906
201 467 -0.645595
201 239 -2.23394
201 384 -2.25953
201 201 1
202 298 -0.551375
202 602 -0.345885
202 225 0.0960921
202 805 -0.198832
202 202 1
203 611 -0.935374
203 237 -0.305249
203 615 0.220033
203 891 0.02059
203 203 1
204 619 -1.10427
204 155 0.0136963
204 927 -0.0996088
204 219 0.19018
204 204 1
205 284 1.21059
205 956 -1.00659
205 332 -0.0729511
205 718 -1.13105
205 205 1
206 285 -0.170701
206 404 -1.48573
206 19 -0.588146
206 551 1.24458
206 206 1
207 309 3.29789
207 672 -1.42347
207 233 -2.52131
207 174 -0.353108
207 207 1
208 907 2.83858
208 632 -1.82101
208 984 -2.28516
208 999 0.267592
208 208 1
209 648 -0.365216
209 589 -0.726501
209 997 0.285265
209 558 -0.193549
209 209 1
210 359 -0.853451
210 896 -0.212764
210 883 -0.0310549
210 371 0.0972697
210 210 1
211 468 -1.31092
211 546 2.61917
211 363 -1.1771
211 230 -1.13116
211 211 1
212 173 0.325276
212 970 -0.661179
212 221 -0.414999
212 408 -0.249097
212 212 1
213 278 -1.02136
213 170 -0.0458625
213 46 0.0070708
213 94 0.0601547
213 213 1
214 55 -1.59836
214 236 -0.187902
214 447 0.578753
214 365 0.207504
214 214 1
215 371 -1.01074
215 199 0.195485
215 359 0.176134
215 900 -0.360883
215 215 1
216 401 -0.87832
216 687 -0.424914
216 157 -0.200253
216 64 0.503487
216 216 1
217 69 -0.637784
217 57 0.562407
217 680 -0.503482
217 488 -0.421142
217 217 1
218 945 -0.637787
218 724 0.74843
218 126 -0.252474
218 654 -0.858168
218 218 1
219 927 -0.437513
219 619 -4.18061
219 204 3.74474
219 529 -0.126609
219 219 1
220 463 2.99118
220 73 -1.80617
220 312 -0.658068
220 552 -1.52694
220 220 1
221 173 -1.59663
221 212 0.880203
221 408 0.1058
221 586 -0.38937
221 221 1
222 563 0.404378
222 940 0.975217
222 6 -1.28134
222 450 -1.09826
222 222 1
223 198 -1.16378
223 255 -0.357092
223 27 0.163806
223 172 0.357067
223 223 1
224 417 -0.589052
224 641 -0.527288
224 16 -0.362377
224 585 0.478716
224 224 1
225 41 0.00294058
225 812 0.11037
225 231 -0.62628
225 654 -0.48703
225 225 1
226 435 -0.725915
226 500 -0.297905
226 37 -0.310732
226 957 0.334551
226 226 1
227 341 -0.173375
227 836 -0.324738
227 52 -0.34936
227 560 -0.152527
227 227 1
228 789 -1.05422
228 14 1.42435
228 466 -0.359513
228 792 -1.01061
228 228 1
229 95 -1.68006
229 779 -0.887664
229 830 1.23732
229 257 0.330411
229 229 1
230 693 -2.63494
230 546 1.95135
230 211 -1.75637
230 355 1.43996
230 230 1
231 805 -0.838295
231 21 0.164644
231 225 0.621781
231 812 -0.94813
231 231 1
232 714 -0.716222
232 904 -0.238755
232 855 0.179924
232 678 -0.224946
232 232 1
233 174 1.62937
233 309 -1.98246
233 207 0.0481435
233 923 -0.695054
233 233 1
234 822 -2.52125
234 645 0.466479
234 894 0.745052
234 157 0.309717
234 234 1
235 415 -0.0842906
235 46 -0.509206
235 679 -1.06651
235 141 0.660005
235 235 1
236 447 -4.07031
236 915 -0.152985
236 905 3.67339
236 55 -0.450094
236 236 1
237 203 -2.58754
237 615 -0.505029
237 138 -0.135927
237 611 2.22849
237 237 1
238 82 -0.525199
238 594 -0.0448539
238 281 -0.244769
238 431 -0.185178
238 238 1
239 540 -0.769473
239 852 -0.173316
239 466 -0.472145
239 201 0.414934
239 239 1
240 938 -2.44782
240 98 -0.285664
240 144 1.2688
240 424 0.464685
240 240 1
241 873 -0.524356
241 891 -0.548949
241 306 0.454372
241 982 -0.381067
241 241 1
242 476 -1.87569
242 374 -0.969731
242 270 0.394047
242 586 1.45138
242 242 1
243 886 -0.00195231
243 544 -1.67173
243 52 1.80903
243 227 -1.13535
243 243 1
244 369 -0.328773
244 533 -0.00384246
244 88 -0.432064
244 117 -0.23532
244 244 1
245 960 -0.972112
245 937 0.1963
245 268 0.194101
245 945 -0.418289
245 245 1
246 47 -0.420817
246 277 -0.729938
246 68 -0.621842
246 323 0.772596
246 246 1
247 392 -0.558354
247 766 0.0781407
247 985 -0.42133
247 117 -0.0984561
247 247 1
248 31 -0.824353
248 731 -0.336733
248 442 -0.0993464
248 250 0.260433
248 248 1
249 426 -1.24964
249 890 0.169906
249 910 0.900856
249 863 -0.821124
249 249 1
250 646 -0.712596
250 741 0.285996
250 31 -0.475781
250 291 -0.0976192
250 250 1
251 381 0.0567578
251 823 -0.609686
251 476 0.0481227
251 270 -0.495194
251 251 1
252 343 -0.674595
252 986 -0.288495
252 588 0.551882
252 950 -0.588792
252 252 1
253 54 -0.856941
253 785 -0.40975
253 836 -0.154884
253 675 0.421576
253 253 1
254 96 -2.37165
254 584 -0.518315
254 434 0.861896
254 640 1.02807
254 254 1
255 172 1.24551
255 163 -1.17655
255 27 -0.939461
255 788 -0.129495
255 255 1
256 260 -2.47588
256 917 1.26436
256 273 0.0943299
256 52 0.117191
256 256 1
257 229 0.832456
257 882 -1.43838
257 518 0.418961
257 123 -0.813036
257 257 1
258 992 -0.668557
258 354 1.24667
258 561 -0.639779
258 403 -0.938337
258 258 1
259 351 -1.07992
259 535 -0.660063
259 858 0.275105
259 529 0.464874
259 259 1
260 917 -0.548011
260 256 -0.380357
260 52 -0.0343758
260 273 -0.0372559
260 260 1
261 620 -0.32837
261 726 -0.579822
261 984 0.294511
261 968 -0.386319
261 261 1
262 281 -2.05217
262 238 2.08703
262 524 0.963223
262 594 -1.99808
262 262 1
263 66 -0.878679
263 851 0.294522
263 504 -0.691105
263 609 0.275262
263 263 1
264 925 -0.479929
264 734 -0.282933
264 160 0.226268
264 730 -0.463406
264 264 1
265 12 -0.564387
265 151 -0.18699
265 392 -0.121451
265 204 -0.127171
265 265 1
266 777 -1.2505
266 379 2.2374
266 342 -1.73658
266 466 -0.250318
266 266 1
267 438 -3.31803
267 865 1.70701
267 840 0.394508
267 153 0.216518
267 267 1
268 245 -1.37897
268 756 -0.912183
268 960 1.47382
268 702 -0.182667
268 268 1
269 815 -0.417513
269 656 -0.344317
269 687 -0.320003
269 216 0.0818335
269 269 1
270 370 -1.12815
270 381 1.42931
270 476 -0.364764
270 251 -0.936397
270 270 1
271 975 -0.37167
271 360 -0.270624
271 121 -0.329777
271 749 -0.0279292
271 271 1
272 510 -0.156676
272 193 -0.351828
272 502 -0.106672
272 933 -0.384825
272 272 1
273 544 -0.765255
273 917 -0.0318069
273 52 0.542184
273 260 -0.745122
273 273 1
274 674 2.11845
274 126 -2.09741
274 78 -0.730272
274 509 -0.290775
274 274 1
275 818 0.528455
275 469 -0.750618
275 530 -0.361544
275 770 -0.416293
275 275 1
276 35 -0.666561
276 733 0.0501547
276 122 0.142192
276 831 -0.525786
276 276 1
277 47 -0.534042
277 397 -0.638863
277 323 0.568412
277 246 -0.395507
277 277 1
278 213 -0.905328
278 170 0.0543149
278 46 -0.0531304
278 94 -0.0958566
278 278 1
279 774 -0.489881
279 627 -1.2067
279 725 0.00539095
279 612 0.691186
279 279 1
280 49 0.134547
280 545 -0.666017
280 946 0.0795196
280 814 -0.548049
280 280 1
281 262 -0.322308
281 753 -0.366765
281 431 -0.154214
281 238 -0.156713
281 281 1
282 950 -1.82332
282 961 0.279297
282 815 -0.135097
282 588 0.679122
282 282 1
283 881 -0.515396
283 116 -0.477639
283 464 0.0593114
283 893 -0.066277
283 283 1
284 750 0.00928113
284 577 -0.793179
284 718 0.338162
284 205 -0.554264
284 284 1
285 13 -0.68633
285 404 -0.0563624
285 206 0.105991
285 551 -0.363298
285 285 1
286 830 -0.292589
286 829 -0.374717
286 793 -0.166667
286 564 -0.166027
286 286 1
287 946 -0.427379
287 118 -0.538332
287 663 -0.132508
287 723 0.0982196
287 287 1
288 921 -1.27287
288 178 2.3383
288 74 -2.26806
288 527 0.20263
288 288 1
289 692 0.0409306
289 581 -0.654074
289 185 0.249767
289 554 -0.636623
289 289 1
290 942 -0.302137
290 415 -0.220535
290 824 -0.31969
290 931 -0.157637
290 290 1
291 250 -0.0552253
291 731 -0.809524
291 707 -0.713921
291 646 0.57867
291 291 1
292 937 3.0996
292 916 0.164725
292 861 -1.87049
292 960 -2.39384
292 292 1
293 973 0.72108
293 27 -0.7907
293 970 0.285102
293 856 -1.21548
293 293 1
294 402 -0.598356
294 904 -0.767043
294 714 -0.820089
294 232 1.18549
294 294 1
295 310 -0.590449
295 959 0.0488097
295 880 -0.188313
295 107 -0.270048
295 295 1
296 106 -0.616377
296 32 -0.137015
296 943 -0.243243
296 414 -0.00336478
296 296 1
297 42 -0.642075
297 705 -1.45921
297 367 0.460679
297 459 0.640611
297 297 1
298 202 -0.642514
298 324 -0.352302
298 650 -0.553239
298 566 0.548056
298 298 1
299 831 -2.56791
299 733 2.41123
299 143 -0.819309
299 612 -0.0240144
299 299 1
300 429 -0.333619
300 622 0.149763
300 770 -0.425749
300 953 -0.390395
300 300 1
301 382 0.452264
301 697 -0.284778
301 430 -0.689958
301 307 -0.477528
301 301 1
302 83 -1.99446
302 799 2.57699
302 389 -0.341173
302 411 -1.24136
302 302 1
303 979 -0.644045
303 584 -0.418645
303 816 -0.134643
303 576 0.197333
303 303 1
304 969 -1.21686
304 599 -3.61645
304 444 -1.06224
304 53 4.89555
304 304 1
305 635 1.41255
305 166 0.282303
305 541 -1.60436
305 520 -1.09049
305 305 1
306 891 -0.842851
306 395 -0.121374
306 241 -0.103064
306 873 0.0672885
306 306 1
307 217 0.170691
307 69 -0.797129
307 995 -0.538743
307 761 0.165181
307 307 1
308 412 -0.838151
308 177 -0.48098
308 478 0.431536
308 651 -0.112405
308 308 1
309 233 -0.29882
309 174 -0.255902
309 207 -0.235217
309 995 -0.210061
309 309 1
310 295 -0.423724
310 493 -0.278845
310 305 -0.266908
310 962 -0.0305224
310 310 1
311 136 -0.464301
311 690 0.0970808
311 652 -0.176906
311 959 -0.455874
311 311 1
312 824 -0.470682
312 931 0.172178
312 509 -0.411479
312 838 -0.290018
312 312 1
313 993 -0.484031
313 495 0.169172
313 11 -0.407173
313 528 -0.277968
313 313 1
314 821 -0.0280355
314 462 -0.236052
314 613 -0.421118
314 618 -0.314795
314 314 1
315 327 -0.500893
315 101 -0.342182
315 79 0.0590933
315 630 -0.216018
315 315 1
316 412 -0.0271856
316 651 -3.58924
316 478 2.7354
316 115 -0.11897
316 316 1
317 454 -1.16832
317 605 0.433958
317 481 0.690219
317 849 -0.955852
317 317 1
318 911 -0.751593
318 641 0.00733783
318 344 0.605208
318 0 -0.860953
318 318 1
319 3 0.600034
319 397 -0.942997
319 443 -0.205633
319 427 -0.451403
319 319 1
320 602 -0.572663
320 515 -0.273339
320 710 0.224358
320 845 -0.378357
320 320 1
321 893 -2.44532
321 339 1.21681
321 196 -1.75421
321 116 1.98272
321 321 1
322 332 -0.700159
322 760 -0.601628
322 951 0.404772
322 364 -0.102986
322 322 1
323 47 -0.741986
323 277 0.136498
323 246 -0.0756392
323 749 -0.318872
323 323 1
324 877 -0.48072
324 972 -0.140278
324 298 -0.452095
324 566 0.0730924
324 324 1
325 465 -0.525228
325 10 -0.513995
325 446 0.273229
325 451 -0.234007
325 325 1
326 181 -0.526072
326 393 0.153949
326 323 -0.244201
326 360 -0.383676
326 326 1
327 315 -1.89185
327 79 -0.0797898
327 630 0.357853
327 101 0.613789
327 327 1
328 128 -2.8476
328 186 2.05276
328 208 -0.709404
328 646 0.504236
328 328 1
329 72 -0.656713
329 182 -0.258173
329 781 -0.290857
329 144 0.205744
329 329 1
330 683 -0.700432
330 452 -0.911423
330 653 0.328409
330 701 0.283446
330 330 1
331 957 1.6843
331 187 -1.23785
331 717 -1.21238
331 500 -0.23406
331 331 1
332 322 -0.453206
332 205 -0.267987
332 565 -0.246132
332 951 -0.0326749
332 332 1
333 112 1.5747
333 763 -0.678258
333 717 -0.566018
333 345 -1.33042
333 333 1
334 333 -0.460191
334 717 -0.375966
334 348 0.954348
334 632 -1.11819
334 334 1
335 715 -0.582456
335 958 -2.24229
335 372 0.854863
335 40 0.969878
335 335 1
336 889 -1.04186
336 282 2.13737
336 950 -2.20173
336 722 0.106225
336 336 1
337 662 -2.45449
337 477 1.32447
337 807 0.9092
337 442 -0.779179
337 337 1
338 164 -1.20842
338 636 -0.359238
338 180 -0.102324
338 963 0.669985
338 338 1
339 347 5.17118
339 538 -3.3781
339 893 -2.18741
339 525 -0.605673
339 339 1
340 184 -0.739819
340 516 -0.955828
340 82 0.675835
340 91 0.0198122
340 340 1
341 227 -0.546316
341 987 -0.332951
341 560 -0.131187
341 929 0.0104544
341 341 1
342 379 -0.73724
342 777 -0.0688265
342 266 -0.00953077
342 800 -0.184403
342 342 1
343 252 -0.384703
343 986 -0.452386
343 640 0.260108
343 776 -0.423019
343 343 1
344 0 3.30814
344 862 -3.02106
344 224 -1.97737
344 318 0.690294
344 344 1
345 520 -1.75995
345 112 -1.25889
345 67 2.11334
345 333 -0.0945009
345 345 1
346 430 1.05981
346 607 -2.15957
346 149 1.86365
346 24 -1.76389
346 346 1
347 603 -0.261657
347 538 -0.38383
347 893 -0.226776
347 525 -0.127737
347 347 1
348 632 -1.38925
348 999 -0.704213
348 208 1.11485
348 334 -0.0213842
348 348 1
349 395 -1.53113
349 383 0.0434279
349 306 0.417623
349 924 0.0700819
349 349 1
350 29 -1.87546
350 809 0.919127
350 908 0.155216
350 132 -0.19888
350 350 1
351 259 -0.892569
351 535 0.522696
351 858 -0.235914
351 529 -0.394212
351 351 1
352 844 0.687046
352 771 -0.687196
352 644 -0.440117
352 919 -0.559733
352 352 1
353 990 -1.08636
353 629 0.518866
353 807 0.363404
353 442 -0.795914
353 353 1
354 992 -0.0172938
354 403 -0.529517
354 258 -0.154741
354 424 -0.298448
354 354 1
355 693 -0.315258
355 184 -0.636498
355 147 0.461473
355 479 -0.509717
355 355 1
356 670 -0.787061
356 343 0.469892
356 88 -0.196524
356 252 -0.486306
356 356 1
357 929 -0.76249
357 405 -0.635396
357 991 0.405679
357 560 -0.00779287
357 357 1
358 814 -0.508176
358 20 -0.910602
358 946 1.08899
358 280 -0.670213
358 358 1
359 210 -1.14406
359 371 -0.122292
359 896 0.23734
359 883 0.0290152
359 359 1
360 54 -0.851685
360 675 0.532452
360 271 -0.306213
360 578 -0.374555
360 360 1
361 7 -0.393182
361 446 -0.229849
361 928 -0.0691427
361 230 -0.307826
361 361 1
362 669 -0.839732
362 860 -0.26209
362 785 -0.0186303
362 631 0.120453
362 362 1
363 546 -0.219977
363 468 -0.390498
363 211 -0.00779334
363 537 -0.381732
363 363 1
364 51 -1.33191
364 715 -0.5898
364 135 0.612943
364 604 0.30877
364 364 1
365 925 -0.837808
365 659 -0.589628
365 723 0.433189
365 55 -0.00575191
365 365 1
366 624 -0.975343
366 559 0.298077
366 84 -0.1797
366 981 -0.143034
366 366 1
367 574 -0.991442
367 42 0.672981
367 727 -0.156195
367 297 -0.525344
367 367 1
368 145 -1.87859
368 698 0.0246487
368 197 0.569749
368 132 0.284192
368 368 1
369 441 -0.0484871
369 244 -0.135338
369 119 -0.439923
369 151 -0.376252
369 369 1
370 742 -0.779015
370 270 0.337956
370 381 -0.0409328
370 476 -0.518008
370 370 1
371 215 -0.764014
371 359 0.141392
371 210 -0.0945956
371 896 -0.282782
371 371 1
372 512 -0.115495
372 958 -0.39964
372 833 -0.408584
372 38 -0.0762807
372 372 1
373 505 -3.56755
373 561 0.326623
373 399 -0.854091
373 828 3.09501
373 373 1
374 242 -0.621764
374 586 0.0965004
374 738 -0.574188
374 476 0.0994514
374 374 1
375 849 1.513
375 746 -0.579875
375 317 -1.1198
375 177 -0.813324
375 375 1
376 53 0.943853
376 599 -1.5598
376 969 0.0567743
376 976 -0.44083
376 376 1
377 919 -0.145412
377 602 -1.40312
377 320 1.35671
377 965 -0.808183
377 377 1
378 856 3.09291
378 788 0.75748
378 970 -2.59196
378 941 -2.25843
378 378 1
379 342 -1.21937
379 777 -0.0108794
379 266 0.0482205
379 800 0.182027
379 379 1
380 601 0.242003
380 2 -1.11637
380 867 0.519642
380 223 -0.645276
380 380 1
381 251 -0.644141
381 370 -0.768022
381 476 -0.247969
381 270 0.660133
381 381 1
382 672 -1.48385
382 207 -0.277695
382 309 3.59152
382 174 -2.82997
382 382 1
383 395 -1.30924
383 306 -1.66029
383 891 1.39057
383 349 0.578953
383 383 1
384 195 -1.13513
384 540 -0.487149
384 895 0.613139
384 201 0.00913888
384 384 1
385 421 -1.78769
385 23 0.165973
385 533 -0.120483
385 88 0.742199
385 385 1
386 996 -0.624744
386 124 -1.80988
386 497 1.60832
386 626 -0.173696
386 386 1
387 826 0.9463
387 755 -1.74437
387 443 1.60714
387 531 -1.80907
387 387 1
388 616 0.340779
388 788 -0.124018
388 751 -0.748823
388 255 -0.467938
388 388 1
389 302 -0.85789
389 407 -0.0727901
389 83 0.337366
389 488 -0.406686
389 389 1
390 458 -1.31727
390 340 0.0975923
390 400 0.677778
390 184 -0.458105
390 390 1
391 533 -0.154054
391 845 -0.686543
391 888 0.131958
391 88 -0.291361
391 391 1
392 247 -0.631594
392 265 -0.698511
392 947 0.0219902
392 151 0.308115
392 392 1
393 181 1.00162
393 326 -1.06189
393 782 -0.917222
393 933 -0.0225026
393 393 1
394 767 -2.33192
394 418 2.3409
394 456 0.327945
394 735 -1.33693
394 394 1
395 349 -0.658786
395 306 -0.62143
395 891 0.290495
395 383 -0.0102785
395 395 1
396 835 -0.401313
396 111 -0.129348
396 998 -0.0818759
396 521 -0.387463
396 396 1
397 3 -0.0671592
397 277 -0.167848
397 319 -0.463848
397 323 -0.301144
397 397 1
398 700 0.343099
398 567 -1.03653
398 28 -0.78597
398 745 0.479405
398 398 1
399 85 -0.986977
399 457 -0.829988
399 200 0.822071
399 373 -0.00510573
399 399 1
400 70 0.497867
400 458 -1.02399
400 708 0.323563
400 474 -0.797436
400 400 1
401 216 -1.07249
401 157 0.176949
401 687 0.421715
401 64 -0.526174
401 401 1
402 294 -1.57942
402 904 0.554774
402 26 0.486497
402 714 -0.461852
402 402 1
403 354 0.425658
403 988 -0.735245
403 992 -0.75504
403 258 0.064627
403 403 1
404 551 -0.57486
404 285 -0.268414
404 206 0.0369599
404 581 -0.193686
404 404 1
405 929 0.897641
405 357 -0.914644
405 991 -0.520014
405 987 -0.462984
405 405 1
406 27 0.0487315
406 725 -0.553168
406 293 -0.478527
406 172 -0.0170365
406 406 1
407 466 0.272499
407 799 -0.556185
407 389 -0.132886
407 800 -0.583427
407 407 1
408 173 4.85579
408 752 -1.09453
408 221 -1.08362
408 212 -3.67764
408 408 1
409 437 -0.70209
409 625 -0.116839
409 71 -0.312312
409 696 0.13124
409 409 1
410 63 0.227934
410 506 -2.55388
410 475 3.45723
410 431 -2.13128
410 410 1
411 792 -0.683216
411 14 0.228764
411 465 -0.245221
411 799 -0.300328
411 411 1
412 651 -0.119266
412 478 0.0963672
412 316 -0.512568
412 308 -0.464533
412 412 1
413 18 2.2567
413 728 -2.87394
413 866 -0.919987
413 77 0.537228
413 413 1
414 448 -3.14989
414 944 1.83504
414 296 2.701
414 106 -2.38615
414 414 1
415 235 -0.628579
415 679 0.255916
415 376 -0.294138
415 290 -0.333199
415 415 1
416 220 0.185284
416 592 -0.594492
416 73 0.134566
416 649 -0.725358
416 416 1
417 224 -0.559555
417 585 1.90181
417 16 -1.55069
417 59 -0.791566
417 417 1
418 767 -0.865522
418 735 -0.457398
418 394 0.492545
418 903 -0.169625
418 418 1
419 716 -1.38491
419 961 0.574014
419 8 0.640066
419 547 -0.829169
419 419 1
420 628 -0.727495
420 664 -1.10429
420 152 0.093321
420 772 0.73846
420 420 1
421 385 -0.501006
421 23 -0.13896
421 88 -0.373694
421 533 0.0136605
421 421 1
422 719 -3.03243
422 962 1.53416
422 133 0.905415
422 635 -0.407146
422 422 1
423 485 -0.847758
423 155 -0.495391
423 179 0.0909342
423 433 0.252215
423 423 1
424 992 1.65235
424 354 -1.5965
424 98 -0.295514
424 897 -0.760333
424 424 1
425 549 0.0704186
425 487 -0.964737
425 821 0.655551
425 613 -0.761233
425 425 1
426 249 0.351934
426 910 -0.190326
426 762 -0.546291
426 262 -0.615317
426 426 1
427 600 -0.411717
427 531 -0.157138
427 319 -0.19745
427 648 -0.233695
427 427 1
428 127 -1.45522
428 457 1.03482
428 887 3.276
428 200 -3.8556
428 428 1
429 622 0.0511551
429 300 -0.678313
429 169 -0.658781
429 953 0.285939
429 429 1
430 346 0.635625
430 607 -1.77344
430 24 -1.43696
430 149 1.57478
430 430 1
431 475 0.00151143
431 952 -0.35643
431 281 -0.386605
431 410 -0.258477
431 431 1
432 965 -1.30818
432 888 0.570359
432 670 -1.28045
432 356 1.01827
432 432 1
433 655 -3.73985
433 485 1.11123
433 179 2.9421
433 423 -1.31349
433 433 1
434 86 -0.896099
434 656 0.0963131
434 584 -0.0858332
434 96 -0.114381
434 434 1
435 226 -0.321651
435 130 -0.22951
435 24 -0.218743
435 957 -0.230096
435 435 1
436 13 -0.316821
436 445 -0.00535564
436 590 -0.287324
436 833 -0.3905
436 436 1
437 409 -0.684168
437 625 0.381622
437 97 -0.507764
437 696 -0.18969
437 437 1
438 865 -1.41547
438 267 0.336766
438 840 -0.378859
438 4 0.457558
438 438 1
439 768 -0.805172
439 694 -0.63654
439 18 0.919028
439 728 -0.477316
439 439 1
440 677 0.227078
440 678 -0.781456
440 573 0.0214848
440 581 -0.467107
440 440 1
441 369 -2.39115
441 119 0.465714
441 244 0.582428
441 151 0.343008
441 441 1
442 353 0.143088
442 807 -0.816907
442 188 0.330074
442 248 -0.656255
442 442 1
443 123 -0.514137
443 319 -0.193768
443 387 -0.253034
443 3 -0.039061
443 443 1
444 744 -0.345107
444 53 -4.1957
444 599 4.02097
444 196 -0.480164
444 444 1
445 436 1.10451
445 13 -0.917991
445 833 -0.831654
445 153 -0.354865
445 445 1
446 10 -2.29131
446 325 1.92142
446 451 -2.38574
446 630 1.75562
446 446 1
447 905 -0.906152
447 915 0.00236853
447 236 -0.178282
447 55 0.0820658
447 447 1
448 944 -0.666076
448 943 -0.331898
448 414 -0.0078028
448 296 0.00577668
448 448 1
449 665 -1.02461
449 467 0.0959178
449 230 -0.496044
449 693 0.424735
449 449 1
450 639 -2.23775
450 932 0.7173
450 499 1.39163
450 222 -0.871184
450 450 1
451 630 0.0619118
451 657 -0.627512
451 446 0.137651
451 325 -0.572052
451 451 1
452 330 -1.05649
452 683 0.718443
452 653 -0.363797
452 701 -0.298161
452 452 1
453 723 -0.3916
453 734 0.184331
453 606 -0.553134
453 659 -0.239597
453 453 1
454 605 -1.88361
454 317 0.026191
454 918 -0.10973
454 747 0.967154
454 454 1
455 903 -0.831169
455 735 -0.687036
455 591 -0.108371
455 418 0.626576
455 455 1
456 868 -1.10563
456 661 0.315436
456 394 -0.401281
456 767 0.191473
456 456 1
457 887 -0.104437
457 200 -0.572629
457 828 -0.885146
457 505 0.562213
457 457 1
458 390 -0.414485
458 400 -0.458009
458 104 -0.428271
458 708 0.300764
458 458 1
459 705 -0.425576
459 696 -0.0827741
459 158 -0.200849
459 498 -0.290802
459 459 1
460 646 -1.42303
460 741 -0.306148
460 250 1.11128
460 731 -0.382096
460 460 1
461 825 -0.232475
461 876 -0.432766
461 727 -0.426136
461 142 0.0913774
461 461 1
462 487 -0.375826
462 314 -0.31518
462 978 -0.352994
462 821 0.0440005
462 462 1
463 552 -0.520396
463 73 -0.456164
463 824 -0.138574
463 220 0.115134
463 463 1
464 283 -0.352429
464 116 0.183246
464 235 -0.491471
464 525 -0.339346
464 464 1
465 325 -0.603257
465 14 -0.670707
465 507 0.0840012
465 411 0.189962
465 465 1
466 228 0.979372
466 789 -1.20629
466 379 -0.528419
466 342 -0.244662
466 466 1
467 449 -0.89799
467 665 0.332557
467 201 -0.387235
467 693 -0.0473315
467 467 1
468 211 -0.567974
468 546 -0.148829
468 363 -0.0105574
468 56 -0.272639
468 468 1
469 275 -1.38548
469 818 0.80623
469 778 -1.06306
469 508 0.642309
469 469 1
470 965 -0.00459026
470 888 -0.907236
470 978 -0.735852
470 320 0.647679
470 470 1
471 671 0.482496
471 158 -0.901777
471 977 -0.65756
471 696 0.0768406
471 471 1
472 908 -0.0133465
472 566 -0.302895
472 972 -0.253488
472 759 -0.43027
472 472 1
473 159 -0.580802
473 780 -0.254696
473 996 0.0291341
473 757 -0.193636
473 473 1
474 63 -2.21595
474 506 2.83895
474 70 -0.138498
474 568 -1.4845
474 474 1
475 431 -0.485975
475 506 -0.102202
475 63 -0.114898
475 524 -0.296925
475 475 1
476 586 -0.489538
476 242 -0.479
476 381 -0.248581
476 374 0.217118
476 476 1
477 662 -2.70334
477 337 1.40871
477 807 -0.240772
477 905 0.5354
477 477 1
478 651 -1.32568
478 412 0.0679943
478 316 0.257504
478 308 0.000180009
478 478 1
479 952 -2.19906
479 147 -0.159108
479 355 0.421136
479 431 0.937031
479 479 1
480 33 -1.1274
480 531 -0.457982
480 589 0.245937
480 89 0.339445
480 480 1
481 171 -0.43022
481 849 -0.567885
481 746 0.491871
481 521 -0.493767
481 481 1
482 580 -0.0513428
482 542 -0.510581
482 853 -0.2872
482 537 -0.150876
482 482 1
483 832 0.0467921
483 567 -0.570163
483 736 -0.63219
483 156 0.155561
483 483 1
484 146 -1.39767
484 189 0.24831
484 132 0.438006
484 601 -0.288646
484 484 1
485 423 -0.807418
485 655 -2.35073
485 179 2.05665
485 433 0.101495
485 485 1
486 61 -0.543778
486 276 -0.0671898
486 612 -0.178982
486 511 -0.21005
486 486 1
487 425 -1.75772
487 462 -0.453729
487 549 0.930505
487 821 0.280943
487 487 1
488 217 -3.45673
488 69 3.725
488 57 -0.624344
488 389 -0.643929
488 488 1
489 554 -0.522133
489 162 -0.43105
489 740 -0.219708
489 289 0.172891
489 489 1
490 771 -2.11227
490 824 0.0673434
490 844 1.08827
490 352 -0.0433388
490 490 1
491 994 -0.821411
491 603 -0.844898
491 538 -0.205849
491 347 0.872157
491 491 1
492 720 -0.418441
492 819 -0.328382
492 236 0.144886
492 948 -0.398063
492 492 1
493 519 -0.353499
493 880 -0.304055
493 310 0.0484166
493 962 -0.390863
493 493 1
494 667 -1.90319
494 739 -2.47185
494 87 1.45081
494 989 1.92423
494 494 1
495 313 0.467923
495 153 -0.808268
495 11 -1.20166
495 110 0.542003
495 495 1
496 26 -0.410865
496 528 0.00575987
496 993 -0.325097
496 593 -0.269797
496 496 1
497 124 -1.53099
497 676 0.993112
497 194 -0.860585
497 165 0.398465
497 497 1
498 981 -0.521657
498 459 -0.648505
498 625 -0.0203636
498 696 0.190526
498 498 1
499 940 -0.849602
499 699 0.254696
499 703 -0.207694
499 639 -0.1974
499 499 1
500 226 0.195739
500 44 0.601371
500 43 -1.0949
500 67 -0.702208
500 500 1
501 769 -1.05878
501 900 1.28392
501 737 -0.116351
501 199 -1.10879
501 501 1
502 536 0.172681
502 901 -0.500627
502 691 -0.321189
502 272 -0.350865
502 502 1
503 892 -0.0216946
503 884 -0.482947
503 683 -0.043205
503 215 -0.452154
503 503 1
504 263 -0.583573
504 609 0.360973
504 100 -0.426245
504 591 -0.351155
504 504 1
505 828 -1.84866
505 457 0.53374
505 526 0.582123
505 637 -0.267201
505 505 1
506 63 -0.852678
506 475 0.420968
506 568 0.280816
506 524 -0.849106
506 506 1
507 789 -0.844537
507 14 1.15987
507 465 -0.787516
507 799 -0.527816
507 507 1
508 726 -1.07437
508 898 0.915533
508 92 -1.95147
508 778 1.11031
508 508 1
509 517 -1.12892
509 141 0.483623
509 931 -0.201009
509 78 -0.153696
509 509 1
510 272 -1.20157
510 193 -2.1512
510 701 1.44167
510 502 0.911095
510 510 1
511 842 0.451321
511 870 -0.686425
511 627 -0.437857
511 486 -0.327039
511 511 1
512 958 1.38559
512 372 -0.83185
512 38 -0.385173
512 40 -1.16857
512 512 1
513 796 -0.684607
513 108 0.56593
513 878 -0.113418
513 175 -0.767906
513 513 1
514 562 0.0364128
514 913 -0.999163
514 687 -1.66551
514 64 1.62826
514 514 1
515 710 -1.02676
515 633 -0.842413
515 320 0.333131
515 178 0.536045
515 515 1
516 91 -1.19396
516 82 0.125976
516 340 -0.397893
516 614 0.465876
516 516 1
517 509 -0.690559
517 141 0.12088
517 679 -0.351092
517 931 -0.0792287
517 517 1
518 882 1.0587
518 779 -2.06459
518 229 0.997321
518 257 -0.991435
518 518 1
519 493 -2.34918
519 539 1.27146
519 48 -2.18418
519 880 2.2619
519 519 1
520 67 -1.51381
520 345 -0.453379
520 112 0.78907
520 149 0.178119
520 520 1
521 481 1.14623
521 746 -1.06899
521 396 -0.857603
521 849 -0.219638
521 521 1
522 871 -0.914192
522 564 -0.763035
522 575 0.862348
522 770 -0.185121
522 522 1
523 668 -1.35534
523 154 0.375036
523 81 -0.403948
523 77 0.384251
523 523 1
524 568 -0.896092
524 506 0.824662
524 475 -0.71442
524 806 -0.21415
524 524 1
525 347 -5.55868
525 603 1.53663
525 538 1.93373
525 893 1.08832
525 525 1
526 864 -0.600604
526 828 -1.48569
526 505 1.13155
526 813 -0.0452569
526 526 1
527 46 2.29843
527 170 0.828571
527 213 -2.54074
527 920 -1.58626
527 527 1
528 638 -0.384992
528 496 -0.0617639
528 593 -0.249984
528 313 -0.30326
528 528 1
529 535 -0.115143
529 351 -2.98813
529 109 -0.412979
529 259 2.51625
529 529 1
530 818 -1.29449
530 275 0.0496372
530 92 -0.0856645
530 469 0.330517
530 530 1
531 427 -0.154189
531 480 -0.477504
531 387 0.0722268
531 443 -0.440534
531 531 1
532 392 -1.54701
532 12 -3.0186
532 947 0.26622
532 265 3.29938
532 532 1
533 391 -0.521079
533 88 0.116982
533 244 -0.412397
533 421 -0.183506
533 533 1
534 909 -3.21675
534 872 0.148601
534 660 3.59076
534 613 -1.52261
534 534 1
535 351 -0.906538
535 259 0.359255
535 529 -0.189257
535 703 -0.26346
535 535 1
536 502 -1.17394
536 65 -0.799257
536 691 0.74989
536 901 0.223307
536 536 1
537 147 0.450011
537 363 0.18692
537 479 -0.939463
537 482 -0.697469
537 537 1
538 347 -3.10793
538 603 1.36499
538 525 0.473896
538 339 0.269043
538 538 1
539 519 -0.653869
539 48 -0.499172
539 520 -0.602937
539 493 0.755977
539 539 1
540 384 0.20915
540 239 -0.662594
540 201 -0.0471122
540 195 -0.499444
540 540 1
541 635 -0.305168
541 834 -0.0646889
541 305 -0.249457
541 697 -0.380686
541 541 1
542 482 1.03994
542 580 -1.49823
542 853 0.0511087
542 939 -0.592815
542 542 1
543 132 0.326326
543 809 -0.716271
543 29 0.0751726
543 145 -0.685227
543 543 1
544 273 -0.735609
544 65 -0.399272
544 52 0.580867
544 243 -0.445986
544 544 1
545 606 -0.677905
545 280 -0.795596
545 49 0.412875
545 453 0.0606255
545 545 1
546 211 0.260139
546 468 -0.4044
546 363 -0.446119
546 230 -0.40962
546 546 1
547 695 -1.37094
547 8 0.86495
547 419 -1.42746
547 961 0.933452
547 547 1
548 798 -0.162585
548 219 -0.890182
548 927 0.479604
548 216 -0.426837
548 548 1
549 425 -0.772831
549 613 -0.210081
549 487 0.288362
549 740 -0.30545
549 549 1
550 36 -0.203287
550 746 -0.228513
550 437 -0.371984
550 194 -0.196216
550 550 1
551 404 -0.864528
551 797 -0.0322597
551 638 -0.235426
551 285 0.132213
551 551 1
552 463 -0.248246
552 824 -0.107596
552 976 -0.373247
552 220 -0.270911
552 552 1
553 924 0.482767
553 843 -0.891137
553 902 0.56485
553 953 -1.15648
553 553 1
554 185 -1.35787
554 692 0.724778
554 489 -0.281326
554 289 -0.0855838
554 554 1
555 610 -0.160297
555 740 -0.548041
555 889 0.0471541
555 336 -0.338816
555 555 1
556 106 -1.54068
556 414 0.616921
556 296 0.494103
556 148 -0.570345
556 556 1
557 570 -2.52284
557 168 -3.35546
557 597 3.67466
557 76 1.20363
557 557 1
558 169 -1.54579
558 622 0.171917
558 429 -0.193463
558 953 0.567334
558 558 1
559 624 -1.4606
559 713 -0.184806
559 366 0.845785
559 84 -0.200383
559 559 1
560 929 -0.911634
560 357 -1.25075
560 341 -0.535354
560 405 1.69773
560 560 1
561 736 -1.28797
561 258 1.40412
561 992 0.470396
561 354 -1.58655
561 561 1
562 913 1.82507
562 964 -1.67129
562 667 0.088748
562 514 -1.24253
562 562 1
563 222 -0.93274
563 6 -0.320048
563 526 -0.353897
563 940 0.606685
563 563 1
564 522 -0.990689
564 575 -1.33693
564 871 1.44315
564 286 -0.115535
564 564 1
565 879 -1.45585
565 869 -0.805361
565 332 -0.0441263
565 90 1.30534
565 565 1
566 650 -1.40672
566 472 -1.91625
566 972 0.508861
566 908 1.81411
566 566 1
567 483 -1.1039
567 935 2.45243
567 721 -2.95285
567 745 0.604314
567 567 1
568 524 -1.09427
568 506 -0.921251
568 475 0.786565
568 806 0.228954
568 568 1
569 6 -2.3931
569 858 1.16013
569 985 2.43092
569 247 -2.19795
569 569 1
570 706 -0.644719
570 597 -0.285512
570 557 -0.364108
570 168 0.294338
570 570 1
571 652 1.99542
571 192 -0.256712
571 115 -1.04435
571 136 -1.69437
571 571 1
572 142 -0.0988903
572 727 0.490358
572 93 -0.823228
572 143 -0.56824
572 572 1
573 34 -0.524926
573 678 -0.0121702
573 764 -0.33786
573 440 -0.125043
573 573 1
574 367 -1.0345
574 42 0.714484
574 160 -0.713845
574 819 0.0338591
574 574 1
575 871 -1.06967
575 564 -0.564197
575 779 0.0089616
575 522 0.624905
575 575 1
576 816 -1.03195
576 949 -0.411054
576 584 0.0964713
576 954 0.346534
576 576 1
577 750 -0.622222
577 62 -0.26438
577 998 -0.335455
577 284 0.222057
577 577 1
578 675 0.135885
578 631 -0.881763
578 176 0.322208
578 360 -0.57633
578 578 1
579 589 -0.747258
579 261 -0.817662
579 33 1.50935
579 480 -0.944432
579 579 1
580 482 -2.44508
580 542 0.652195
580 853 0.545591
580 537 0.247295
580 580 1
581 289 -1.83386
581 404 -0.550648
581 440 0.164374
581 692 1.22013
581 581 1
582 875 -1.43593
582 17 -0.952266
582 748 1.03877
582 474 0.349422
582 582 1
583 644 -1.32664
583 931 -0.915563
583 838 0.708994
583 844 0.533207
583 583 1
584 816 3.4007
584 912 -1.5099
584 576 -2.61382
584 303 -0.276976
584 584 1
585 16 -1.59925
585 617 1.88697
585 641 -0.761242
585 684 -0.526477
585 585 1
586 476 -0.796213
586 374 0.419395
586 25 -0.26766
586 738 -0.355522
586 586 1
587 930 -0.857038
587 101 -0.484055
587 50 0.183278
587 315 0.157815
587 587 1
588 631 -0.83047
588 950 0.122874
588 986 0.744356
588 252 -1.03676
588 588 1
589 209 -0.620181
589 997 -0.253268
589 648 0.140008
589 480 -0.26656
589 589 1
590 760 -0.458253
590 436 0.405506
590 13 -0.567412
590 51 -0.379841
590 590 1
591 455 0.633925
591 609 -0.871493
591 504 0.157781
591 735 -0.920213
591 591 1
592 758 0.621388
592 918 0.0135254
592 760 -0.881133
592 416 -0.753781
592 592 1
593 528 2.30903
593 496 -2.29179
593 857 1.05318
593 769 -2.07042
593 593 1
594 238 1.08203
594 82 -1.25443
594 475 -0.195745
594 524 -0.631852
594 594 1
595 754 -0.158568
595 808 -0.44006
595 629 0.0493386
595 796 -0.450711
595 595 1
596 58 -0.289895
596 802 -0.52527
596 621 0.253463
596 22 -0.438298
596 596 1
597 119 -0.607966
597 168 -0.121398
597 570 -0.889297
597 706 0.61866
597 597 1
598 30 0.0349518
598 78 -0.579841
598 339 -0.496175
598 150 0.0410638
598 598 1
599 53 -1.68998
599 376 -0.00821832
599 744 0.342536
599 969 0.355659
599 599 1
600 427 -2.44331
600 87 -0.952699
600 319 1.09937
600 997 1.29664
600 600 1
601 380 -0.837458
601 2 0.446309
601 908 -0.630253
601 484 0.0214015
601 601 1
602 320 -2.69224
602 919 -0.831554
602 377 1.39185
602 710 1.13194
602 602 1
603 347 -3.05645
603 538 1.04412
603 893 0.60912
603 525 0.403208
603 603 1
604 804 -0.432664
604 926 -0.197553
604 135 -0.0941595
604 715 -0.275623
604 604 1
605 747 -0.515891
605 454 -0.493894
605 918 0.0451149
605 317 -0.0353302
605 605 1
606 545 -1.00324
606 453 -0.467471
606 49 0.612424
606 734 -0.141708
606 606 1
607 635 -0.615232
607 346 -0.16356
607 149 0.153876
607 430 -0.375084
607 607 1
608 932 -2.5746
608 21 -0.542343
608 955 1.35736
608 639 0.759584
608 608 1
609 921 -0.389916
609 851 -0.194513
609 504 -0.149838
609 591 -0.265733
609 609 1
610 555 -0.819762
610 722 -0.675207
610 658 0.0556207
610 336 0.439348
610 610 1
611 203 -0.947067
611 615 -0.275269
611 237 0.289157
611 891 -0.0668217
611 611 1
612 627 -0.631029
612 922 -0.0190273
612 486 -0.0137369
612 299 -0.336207
612 612 1
613 660 2.21045
613 821 -2.70723
613 314 1.63864
613 872 -2.14186
613 613 1
614 890 2.21579
614 91 0.695172
614 863 -2.28994
614 516 -1.62103
614 614 1
615 816 -0.413074
615 991 -0.0645981
615 237 -0.265493
615 611 -0.256834
615 615 1
616 388 -0.342439
616 788 -0.463326
616 751 0.483455
616 732 -0.677691
616 616 1
617 16 -0.816098
617 585 0.472975
617 684 -0.270369
617 641 -0.386508
617 617 1
618 942 -0.971895
618 100 0.0488227
618 314 -0.403019
618 290 0.326092
618 618 1
619 204 -0.873981
619 155 -0.0469342
619 927 0.116296
619 219 -0.195381
619 619 1
620 984 -1.75072
620 907 1.08093
620 261 0.55495
620 968 -0.88516
620 620 1
621 58 0.199907
621 596 -0.791338
621 802 0.11885
621 193 -0.527419
621 621 1
622 429 -0.603609
622 169 -1.67866
622 953 0.44945
622 558 0.832817
622 622 1
623 967 -0.784861
623 102 -0.22716
623 755 -0.601734
623 652 0.613755
623 623 1
624 366 -0.610519
624 559 -0.612077
624 713 0.0894062
624 84 0.13319
624 624 1
625 981 -0.648387
625 657 0.301444
625 97 -0.506453
625 409 -0.146604
625 625 1
626 50 -0.71018
626 56 0.0280649
626 676 -0.448318
626 928 0.130432
626 626 1
627 612 -0.414138
627 279 -0.381847
627 842 0.0228947
627 511 -0.226909
627 627 1
628 420 -1.03616
628 191 -1.80297
628 772 0.0912667
628 764 1.74787
628 628 1
629 188 -0.760375
629 990 -0.664483
629 754 0.120976
629 353 0.303882
629 629 1
630 79 -0.506203
630 657 0.508826
630 451 -0.745694
630 315 -0.256929
630 630 1
631 176 -1.18929
631 588 -0.244887
631 578 -0.121202
631 125 0.555376
631 631 1
632 208 -0.755399
632 348 -0.66734
632 907 -0.0398184
632 999 0.462557
632 632 1
633 515 -0.351843
633 139 -0.197092
633 178 -0.224328
633 978 -0.226736
633 633 1
634 689 -1.54409
634 982 0.573446
634 743 0.296842
634 934 -0.326195
634 634 1
635 607 -1.23636
635 541 0.469817
635 305 -0.915598
635 149 0.682142
635 635 1
636 983 -0.310575
636 338 -0.554068
636 180 0.113724
636 686 -0.249081
636 636 1
637 505 0.0716742
637 700 -0.47999
637 781 -0.276972
637 864 -0.314712
637 637 1
638 797 -0.646836
638 769 -0.217216
638 528 -0.291997
638 900 0.15605
638 638 1
639 450 1.20967
639 932 -1.41016
639 499 -1.44621
639 117 0.646697
639 639 1
640 96 -0.0876242
640 776 -0.801531
640 343 1.06925
640 986 -1.18009
640 640 1
641 617 -1.71157
641 585 -0.711854
641 224 -0.588084
641 16 2.01151
641 641 1
642 795 -0.526468
642 685 -0.323679
642 906 0.0693407
642 162 -0.219193
642 642 1
643 644 -0.336295
643 685 -0.493479
643 704 0.0789201
643 695 -0.249146
643 643 1
644 352 -0.266524
644 643 -0.457169
644 844 -0.184108
644 583 -0.0921989
644 644 1
645 894 -0.199186
645 822 -2.30454
645 234 0.922426
645 64 0.581296
645 645 1
646 460 -0.383208
646 250 0.155769
646 741 -0.450482
646 707 -0.322079
646 646 1
647 946 1.69009
647 663 -0.971855
647 814 -1.59841
647 869 -0.119821
647 647 1
648 209 -1.01506
648 589 0.438202
648 427 -0.239045
648 914 -0.184092
648 648 1
649 73 -2.59323
649 463 4.6698
649 552 -3.37147
649 220 0.294899
649 649 1
650 566 -0.663276
650 908 -1.29752
650 472 1.34744
650 972 -0.386637
650 650 1
651 478 -0.742324
651 412 -0.0439444
651 316 -0.204827
651 308 -0.00890516
651 651 1
652 136 -0.161166
652 571 -0.420788
652 967 -0.127879
652 755 -0.290167
652 652 1
653 936 -0.393792
653 452 -0.405765
653 210 -0.540856
653 896 0.340412
653 653 1
654 724 -1.22373
654 218 0.270921
654 566 -0.23784
654 225 0.190646
654 654 1
655 179 -0.892722
655 485 -0.369928
655 433 -0.0501538
655 423 0.312804
655 655 1
656 86 -0.0471955
656 269 -0.419653
656 434 -0.409566
656 216 -0.123585
656 656 1
657 79 -1.25074
657 630 1.15912
657 451 -1.0147
657 97 0.106312
657 657 1
658 786 -1.27186
658 722 0.654058
658 883 -0.195616
658 610 -0.186579
658 658 1
659 365 -1.62943
659 723 -0.732338
659 925 1.36917
659 453 -0.00739622
659 659 1
660 909 -0.842885
660 872 0.0669726
660 613 -0.419852
660 534 0.195765
660 660 1
661 868 -2.44754
661 456 1.90622
661 767 0.211774
661 394 -0.670458
661 661 1
662 477 -0.271502
662 337 -0.627897
662 807 0.119925
662 905 -0.220526
662 662 1
663 647 -0.441753
663 686 -0.047015
663 287 -0.110564
663 636 -0.400667
663 663 1
664 152 -1.67269
664 161 1.77433
664 772 -1.67045
664 420 0.56881
664 664 1
665 449 -0.546597
665 467 -0.23341
665 846 -0.279827
665 693 0.0598345
665 665 1
666 140 0.385692
666 920 -0.92649
666 139 0.0952661
666 978 -0.554468
666 666 1
667 989 -0.480474
667 494 -0.0922959
667 966 -0.0237483
667 562 -0.403482
667 667 1
668 77 -0.355336
668 523 -0.361197
668 154 -0.171175
668 866 -0.112292
668 668 1
669 362 -0.708335
669 631 -0.022537
669 125 -0.0354044
669 176 -0.233723
669 669 1
670 356 -0.602633
670 343 -0.792646
670 252 0.625116
670 432 -0.229838
670 670 1
671 471 0.133677
671 158 -0.56442
671 20 -0.124902
671 165 -0.444355
671 671 1
672 207 -1.12445
672 995 -0.807153
672 382 -0.215555
672 309 1.14715
672 672 1
673 904 -1.60796
673 857 -0.519215
673 34 0.00303679
673 232 1.12414
673 673 1
674 126 -0.798053
674 274 0.220489
674 78 -0.296954
674 141 -0.125481
674 674 1
675 578 -0.562083
675 54 -0.451408
675 360 0.108517
675 253 -0.0950259
675 675 1
676 194 -0.407221
676 56 -0.438777
676 497 -0.261076
676 853 0.107075
676 676 1
677 440 2.30689
677 764 -0.140891
677 678 -1.93244
677 581 -1.23356
677 677 1
678 440 0.400216
678 573 -0.579619
678 677 -0.349489
678 855 -0.471108
678 678 1
679 141 -0.437239
679 517 -1.20291
679 509 0.864829
679 744 -0.224679
679 679 1
680 32 -2.18231
680 57 -0.632797
680 761 0.614226
680 800 1.20088
680 680 1
681 752 0.0922382
681 841 -0.805016
681 99 0.335647
681 173 -0.62287
681 681 1
682 803 -1.309
682 774 -0.0659826
682 68 0.24966
682 695 0.125327
682 682 1
683 330 -1.36246
683 452 1.2056
683 701 -0.403204
683 653 -0.439938
683 683 1
684 617 -3.1945
684 16 2.49863
684 585 -1.55355
684 641 1.24942
684 684 1
685 704 -0.682558
685 642 0.180434
685 643 -0.149223
685 795 -0.348653
685 685 1
686 636 4.23999
686 983 -3.18489
686 180 -2.25926
686 663 0.204171
686 686 1
687 401 1.50442
687 216 -1.95143
687 64 -1.07712
687 157 0.524127
687 687 1
688 834 0.147148
688 935 -1.0112
688 721 0.336661
688 556 -0.472605
688 688 1
689 634 -0.295313
689 982 -0.39398
689 902 -0.340398
689 743 0.0296905
689 689 1
690 311 -1.40826
690 136 1.28107
690 102 -1.08166
690 571 0.208855
690 690 1
691 58 -0.34004
691 502 -0.509579
691 536 0.274459
691 65 -0.424841
691 691 1
692 185 -0.648642
692 289 0.0652543
692 554 -0.136934
692 581 -0.279679
692 692 1
693 355 -0.0589629
693 230 -0.124342
693 794 -0.437578
693 546 -0.379117
693 693 1
694 99 -0.703504
694 18 -2.46546
694 728 2.66056
694 439 -0.491592
694 694 1
695 547 -0.937143
695 8 0.281331
695 803 -0.424311
695 877 0.0801223
695 695 1
696 459 0.632672
696 158 -0.228568
696 437 -0.605018
696 705 -0.799086
696 696 1
697 761 -0.756563
697 541 -0.700786
697 32 0.106677
697 834 0.350672
697 697 1
698 368 -2.05244
698 145 2.2301
698 197 -1.06091
698 107 -0.116747
698 698 1
699 940 -0.947139
699 499 0.30332
699 858 -0.0978353
699 117 -0.258345
699 699 1
700 745 -0.44261
700 127 -0.0925343
700 637 -0.398246
700 398 -0.0666093
700 700 1
701 193 0.202386
701 683 -0.522576
701 452 -0.0917952
701 510 -0.588015
701 701 1
702 937 -0.690167
702 916 -0.22774
702 94 -0.763964
702 861 0.681871
702 702 1
703 499 -0.217699
703 1 -0.434939
703 535 -0.433064
703 940 0.0857017
703 703 1
704 685 -1.76352
704 643 -0.101826
704 867 0.15823
704 642 0.707115
704 704 1
705 459 -1.69638
705 158 -0.559833
705 297 0.358628
705 696 0.89759
705 705 1
706 570 -1.37339
706 597 1.37043
706 119 -0.864216
706 168 -0.132829
706 706 1
707 999 -0.219301
707 291 -0.36574
707 646 -0.117815
707 984 -0.297145
707 707 1
708 70 -2.21847
708 817 0.793754
708 400 1.31972
708 104 -0.895007
708 708 1
709 914 0.678443
709 203 -0.920636
709 169 -1.69714
709 953 0.939334
709 709 1
710 515 -0.00620019
710 729 -0.495881
710 320 -0.277343
710 633 -0.220575
710 710 1
711 945 -1.00256
711 126 -0.861223
711 218 1.17553
711 895 -0.311746
711 711 1
712 737 -0.801303
712 769 -0.161213
712 857 -0.325063
712 501 0.287579
712 712 1
713 559 -0.867494
713 720 -0.255305
713 624 0.366044
713 808 -0.243244
713 713 1
714 232 -1.269
714 26 -0.266687
714 855 0.0924326
714 904 0.44325
714 714 1
715 335 -0.527617
715 364 -0.505385
715 604 0.0812367
715 372 -0.0482347
715 715 1
716 961 -1.54457
716 419 0.299516
716 950 -1.4763
716 282 1.72135
716 716 1
717 763 -0.728501
717 957 -0.00593702
717 331 -0.430374
717 435 0.164813
717 717 1
718 848 -1.21642
718 998 0.353739
718 939 0.326169
718 577 -0.463486
718 718 1
719 962 -0.333974
719 133 0.715219
719 422 -0.74306
719 897 -0.638185
719 719 1
720 492 -0.440961
720 713 -0.253858
720 84 -0.262685
720 819 -0.0424963
720 720 1
721 935 -0.383552
721 567 -0.453856
721 923 -0.477662
721 688 0.31507
721 721 1
722 786 -1.8255
722 883 -0.301816
722 658 1.39859
722 610 -0.271267
722 722 1
723 118 -0.0902955
723 925 -1.60408
723 365 1.85964
723 659 -1.16526
723 723 1
724 654 -1.21207
724 218 0.596502
724 945 -0.528025
724 225 0.143593
724 724 1
725 971 -0.484768
725 406 -0.160911
725 25 -0.0863855
725 279 -0.267936
725 725 1
726 508 -0.190768
726 778 -0.36052
726 261 -0.405314
726 92 -0.0433981
726 726 1
727 367 -0.428803
727 93 -0.0612343
727 461 -0.228408
727 572 -0.281555
727 727 1
728 18 -0.381104
728 413 -0.313671
728 841 -0.155967
728 694 -0.149258
728 728 1
729 710 -1.76769
729 76 -0.0568379
729 851 -0.338798
729 515 1.16333
729 729 1
730 160 2.41001
730 264 -1.84658
730 42 -3.95773
730 574 2.39429
730 730 1
731 248 2.82823
731 291 0.843746
731 250 -2.65523
731 442 -2.01675
731 731 1
732 751 -0.697868
732 5 -0.465207
732 616 0.237827
732 876 -0.0747522
732 732 1
733 831 -0.112446
733 122 -0.519831
733 276 -0.16119
733 299 -0.206533
733 733 1
734 264 -1.45069
734 925 1.96922
734 365 -1.33092
734 453 -0.187619
734 734 1
735 418 -0.750154
735 455 -1.17787
735 394 -0.132093
735 903 1.06012
735 735 1
736 561 0.309873
736 258 -0.736819
736 156 -0.00825592
736 832 -0.564799
736 736 1
737 712 -0.661159
737 501 -1.10805
737 769 0.430184
737 900 0.33902
737 737 1
738 183 -0.659072
738 374 -0.21793
738 25 -0.4099
738 971 0.286903
738 738 1
739 87 1.43789
739 494 -1.99237
739 801 -1.33381
739 989 0.888289
739 739 1
740 555 -0.529284
740 489 -0.0629041
740 549 -0.719083
740 425 0.311271
740 740 1
741 646 -1.21116
741 250 1.48307
741 460 -0.264982
741 31 -1.00693
741 741 1
742 370 1.01443
742 11 -0.593831
742 270 -1.12651
742 775 -0.29409
742 742 1
743 902 -0.902145
743 689 0.743172
743 383 -0.430581
743 634 -0.410446
743 743 1
744 53 1.60923
744 444 -0.480615
744 599 -1.70169
744 679 -0.42692
744 744 1
745 700 -0.243953
745 567 -1.29313
745 832 -1.34708
745 483 1.88417
745 745 1
746 849 -0.323519
746 36 -0.413291
746 481 -0.176192
746 521 -0.086998
746 746 1
747 605 -1.90371
747 918 -0.113813
747 454 1.00941
747 704 0.00811299
747 747 1
748 17 -0.161057
748 854 -0.23752
748 875 -0.35803
748 292 -0.243393
748 748 1
749 121 -0.816956
749 323 -0.284023
749 397 0.00874954
749 271 0.0922297
749 749 1
750 284 -0.682866
750 577 -1.62671
750 62 0.727431
750 718 0.582143
750 750 1
751 732 -1.55907
751 616 -0.465641
751 388 0.155803
751 5 0.868906
751 751 1
752 99 -0.630628
752 81 -0.397006
752 681 -0.227048
752 523 0.254682
752 752 1
753 281 1.35999
753 137 1.08452
753 262 -2.04049
753 491 -1.40402
753 753 1
754 629 2.73581
754 188 -2.3843
754 595 0.231925
754 808 -1.58344
754 754 1
755 652 -1.05471
755 623 -1.9919
755 387 -0.00295792
755 967 2.04956
755 755 1
756 960 -1.67588
756 268 -0.872612
756 245 1.27991
756 937 0.268582
756 756 1
757 928 -0.773662
757 211 -1.75802
757 468 1.82099
757 473 -0.289311
757 757 1
758 592 -0.324854
758 918 -0.58781
758 980 0.188656
758 760 -0.275993
758 758 1
759 472 2.16909
759 908 -1.60247
759 218 -0.714802
759 2 -0.851822
759 759 1
760 951 -0.0534272
760 590 -0.391663
760 322 -0.251675
760 980 -0.303236
760 760 1
761 32 -1.47249
761 296 2.39688
761 106 -1.8131
761 697 -0.111288
761 761 1
762 910 0.712749
762 863 -1.68894
762 426 -2.4785
762 249 2.45469
762 762 1
763 717 -0.907849
763 130 -1.08323
763 333 0.152599
763 435 0.838481
763 763 1
764 191 -0.373676
764 677 -0.220588
764 573 -0.244533
764 772 -0.161203
764 764 1
765 839 -1.44747
765 16 3.07023
765 878 0.092816
765 585 -2.71557
765 765 1
766 247 -0.402415
766 985 -0.460748
766 117 0.427817
766 119 -0.564655
766 766 1
767 394 -0.71501
767 418 -1.75763
767 976 0.330092
767 735 1.14254
767 767 1
768 439 -0.771472
768 811 -0.519425
768 728 1.9276
768 18 -1.63671
768 768 1
769 501 -0.882842
769 638 -0.608413
769 900 0.536019
769 737 -0.0447641
769 769 1
770 300 -1.98245
770 429 1.26216
770 522 0.0374353
770 275 -0.317147
770 770 1
771 490 -0.511689
771 844 -0.70731
771 352 0.308856
771 644 -0.0898564
771 771 1
772 161 -0.514049
772 664 -0.27089
772 764 0.559737
772 191 -0.774797
772 772 1
773 934 -0.556184
773 850 -0.738805
773 823 0.485902
773 251 -0.190913
773 773 1
774 279 -0.557303
774 682 -1.48716
774 198 -0.111772
774 803 1.15623
774 774 1
775 110 -0.0101914
775 840 -0.676913
775 11 0.0938833
775 742 -0.406778
775 775 1
776 640 1.3911
776 96 0.0236717
776 343 -1.36555
776 179 -1.04922
776 776 1
777 266 -0.558853
777 379 -2.20174
777 342 1.90749
777 556 -0.1469
777 777 1
778 92 -0.562803
778 128 -0.665674
778 726 0.599571
778 508 -0.371094
778 778 1
779 518 0.0401559
779 882 -0.596921
779 575 -0.373552
779 229 -0.0696832
779 779 1
780 473 0.479654
780 159 -0.473245
780 996 -0.476592
780 91 -0.529817
780 780 1
781 329 -0.583807
781 182 -0.000960014
781 791 -0.418278
781 72 0.00304412
781 781 1
782 393 -0.196241
782 181 -0.217506
782 25 -0.21686
782 371 -0.369393
782 782 1
783 321 0.995002
783 994 -1.04679
783 444 -0.560433
783 304 -0.387775
783 783 1
784 134 -1.21196
784 95 -0.68732
784 830 0.918619
784 229 -0.019339
784 784 1
785 253 0.96257
785 125 -1.39941
785 669 0.688459
785 836 -1.25161
785 785 1
786 658 -0.77452
786 722 -0.520617
786 883 0.15123
786 610 0.143907
786 786 1
787 465 -3.25039
787 325 2.8007
787 190 -1.31503
787 792 0.764727
787 787 1
788 616 -0.727946
788 388 0.17877
788 973 -0.587038
788 941 0.136214
788 788 1
789 14 -0.182833
789 507 -0.62776
789 228 -0.523856
789 411 0.334448
789 789 1
790 948 -0.973532
790 754 0.245126
790 595 -0.64516
790 5 0.373567
790 790 1
791 781 -0.289293
791 234 0.16136
791 864 -0.37037
791 822 -0.501697
791 791 1
792 411 -1.68942
792 14 2.19308
792 465 -0.529369
792 228 -0.974293
792 792 1
793 286 -0.538458
793 31 -0.410054
793 829 0.430676
793 154 -0.482164
793 793 1
794 693 -0.33744
794 355 -0.211749
794 195 -1.50417
794 895 1.05335
794 794 1
795 642 -3.19787
795 906 -0.049232
795 685 1.65389
795 581 0.593213
795 795 1
796 513 -0.690251
796 595 -0.442874
796 108 0.183243
796 378 -0.0501181
796 796 1
797 638 -0.574644
797 900 -0.607848
797 551 -0.154085
797 769 0.336577
797 797 1
798 548 -0.463876
798 966 0.927973
798 86 -0.480149
798 989 -0.983949
798 798 1
799 83 -0.858012
799 507 0.167344
799 302 0.226259
799 411 -0.535591
799 799 1
800 32 -0.296444
800 943 -0.0271519
800 342 -3.62847
800 379 2.95207
800 800 1
801 739 0.404228
801 87 -0.807356
801 979 -0.532363
801 709 -0.0645092
801 801 1
802 596 -1.71538
802 58 2.19426
802 621 -0.24275
802 691 -1.23614
802 802 1
803 682 -0.633568
803 68 -0.248225
803 695 -0.0613737
803 877 -0.0568338
803 803 1
804 604 1.42128
804 135 -0.581674
804 51 -0.663071
804 926 -1.17654
804 804 1
805 231 0.48826
805 1 -0.682755
805 225 -0.750752
805 202 -0.0547529
805 805 1
806 137 -0.577319
806 524 -0.319142
806 506 -0.472289
806 475 0.36875
806 806 1
807 337 -0.547091
807 353 -0.00953705
807 442 -0.0933063
807 629 -0.350065
807 807 1
808 990 -1.27825
808 629 1.31725
808 595 -0.694707
808 754 -0.344295
808 808 1
809 29 -1.83007
809 350 0.991067
809 543 -0.177146
809 960 0.0161488
809 809 1
810 926 -1.02693
810 804 -1.06597
810 604 1.27961
810 993 -0.186711
810 810 1
811 93 0.0337621
811 841 -0.305124
811 915 -0.460203
811 768 -0.268436
811 811 1
812 74 -0.492887
812 21 -0.345017
812 225 0.00686001
812 41 -0.168956
812 812 1
813 864 -1.0297
813 526 0.213286
813 28 -0.649781
813 637 0.466192
813 813 1
814 946 -1.69041
814 358 -1.53233
814 20 1.28516
814 280 0.937584
814 814 1
815 269 -0.495421
815 282 -0.170222
815 950 -0.131098
815 859 -0.20326
815 815 1
816 576 -0.715645
816 584 0.0571094
816 912 -0.342679
816 954 0.00121399
816 816 1
817 708 3.39114
817 70 -1.47152
817 104 -1.91504
817 582 -1.00459
817 817 1
818 530 -0.758259
818 275 -0.0487973
818 469 -0.251151
818 92 0.0582077
818 818 1
819 42 -0.469892
819 236 -0.246748
819 720 -0.184717
819 492 -0.0986428
819 819 1
820 990 -3.37581
820 808 1.32183
820 353 1.53887
820 807 -0.484883
820 820 1
821 314 0.478519
821 613 -1.64114
821 425 2.18063
821 487 -2.01801
821 821 1
822 645 -0.262413
822 234 -0.441319
822 894 -0.0965267
822 64 -0.199742
822 822 1
823 850 -0.859401
823 251 -0.784142
823 381 0.253913
823 773 0.38963
823 823 1
824 312 -0.309922
824 552 1.54647
824 463 -1.55868
824 290 -0.677874
824 824 1
825 461 -0.615092
825 876 -0.0786025
825 696 -0.451329
825 459 0.145023
825 825 1
826 387 -0.849937
826 89 -0.526211
826 531 0.272128
826 755 0.104021
826 826 1
827 38 -0.0531477
827 4 -0.30957
827 439 -0.301186
827 61 -0.336097
827 827 1
828 505 -0.469303
828 457 -0.651745
828 526 -0.214419
828 887 0.335467
828 828 1
829 154 0.246349
829 81 -0.179873
829 523 -0.526931
829 286 -0.539545
829 829 1
830 134 -0.563647
830 95 0.176468
830 286 -0.387827
830 229 -0.224994
830 830 1
831 733 -1.35898
831 122 0.0557296
831 299 -0.0255066
831 276 0.328761
831 831 1
832 200 -2.11057
832 887 1.59567
832 483 -0.828647
832 736 0.343552
832 832 1
833 436 -0.35285
833 372 -0.420325
833 445 -0.0259013
833 486 -0.200923
833 833 1
834 688 -0.185782
834 541 -0.309897
834 935 -0.33944
834 697 -0.164881
834 834 1
835 111 -1.11175
835 396 0.505964
835 939 -1.1907
835 848 0.796489
835 835 1
836 253 1.86724
836 114 -1.52213
836 785 -1.78495
836 227 0.439833
836 836 1
837 148 -0.208342
837 414 0.397408
837 85 -0.477185
837 448 -0.711881
837 837 1
838 312 -0.418369
838 583 -0.102398
838 162 -0.211932
838 704 -0.267301
838 838 1
839 878 0.533226
839 39 0.557153
839 89 -1.30513
839 765 -0.785249
839 839 1
840 775 -0.46712
840 4 -0.349687
840 865 -0.139736
840 438 -0.0434559
840 840 1
841 728 -0.0445075
841 681 -0.483678
841 18 -0.126523
841 811 -0.345291
841 841 1
842 511 -1.42136
842 627 0.334586
842 870 0.662267
842 725 -0.575494
842 842 1
843 9 -2.30387
843 113 -0.766988
843 982 3.2779
843 689 -1.20705
843 843 1
844 352 0.0608637
844 771 -0.503131
844 919 -0.388623
844 644 -0.16911
844 844 1
845 888 -0.740364
845 391 -0.191826
845 320 0.538138
845 710 -0.605949
845 845 1
846 665 0.550429
846 895 -0.692834
846 449 -0.240058
846 36 -0.617536
846 846 1
847 792 -0.412598
847 75 -0.16981
847 44 0.229811
847 166 -0.647403
847 847 1
848 718 -0.808727
848 998 -0.302176
848 939 -0.270092
848 577 0.380995
848 848 1
849 746 -0.321041
849 481 0.424943
849 375 -0.554518
849 171 -0.549384
849 849 1
850 823 -0.873641
850 773 -0.236543
850 251 0.230255
850 518 -0.120072
850 850 1
851 66 -1.1575
851 729 -0.849939
851 263 0.0373667
851 76 0.970072
851 851 1
852 239 -0.140579
852 540 -0.415947
852 412 -0.563014
852 308 0.119541
852 852 1
853 482 -0.987725
853 580 0.374994
853 676 0.0558408
853 56 -0.44311
853 853 1
854 881 -0.466598
854 861 0.511442
854 748 -0.475542
854 94 -0.569302
854 854 1
855 714 -1.70275
855 232 1.6137
855 857 -0.253971
855 678 -0.656975
855 855 1
856 973 -0.725158
856 970 -0.133192
856 788 0.305184
856 378 -0.446834
856 856 1
857 712 -0.784808
857 855 -0.639086
857 673 0.139445
857 551 0.284449
857 857 1
858 699 1.4876
858 940 -1.91493
858 259 -1.14759
858 535 0.574928
858 858 1
859 68 -0.055267
859 815 -0.574535
859 961 0.121628
859 803 -0.491826
859 859 1
860 362 -3.22351
860 669 2.26183
860 560 0.252681
860 954 -0.290993
860 860 1
861 94 -0.151665
861 854 -0.452015
861 702 -0.285682
861 292 -0.110637
861 861 1
862 0 -0.50865
862 43 -0.186019
862 344 -0.0246125
862 787 -0.280718
862 862 1
863 890 0.850417
863 614 -1.06324
863 249 -0.147588
863 762 -0.639589
863 863 1
864 526 -0.0401375
864 813 -0.682483
864 791 -0.614989
864 637 0.337609
864 864 1
865 438 -0.41002
865 267 -0.466684
865 840 0.314468
865 4 -0.437764
865 865 1
866 77 -1.74901
866 668 3.03993
866 413 -0.726531
866 154 -1.56439
866 866 1
867 2 -0.672048
867 972 0.258931
867 877 -0.513593
867 704 -0.0732904
867 867 1
868 456 -0.865926
868 661 -0.317987
868 394 0.332912
868 767 -0.149
868 868 1
869 90 -1.28003
869 879 1.34576
869 565 -0.965943
869 663 -0.099788
869 869 1
870 511 -0.774169
870 842 0.122018
870 183 -0.906959
870 19 0.55911
870 870 1
871 575 -0.567128
871 522 -0.729116
871 564 0.492593
871 779 -0.196349
871 871 1
872 909 1.69575
872 660 -1.01613
872 534 -0.97647
872 874 -0.703148
872 872 1
873 241 -0.27074
873 891 -1.65947
873 306 1.17122
873 114 -0.241009
873 873 1
874 872 -1.3363
874 909 -2.33215
874 660 1.34477
874 534 1.32367
874 874 1
875 582 -0.534103
875 748 -0.939355
875 17 0.871882
875 474 -0.398424
875 875 1
876 461 -0.960115
876 71 -0.564371
876 825 0.75802
876 5 -0.233535
876 876 1
877 324 -0.450379
877 695 -0.4442
877 682 0.129504
877 867 -0.234925
877 877 1
878 839 0.0592063
878 39 -0.756952
878 89 0.165517
878 513 -0.467771
878 878 1
879 90 -0.879903
879 565 -0.625848
879 869 0.504897
879 35 0.000854312
879 879 1
880 959 -0.522754
880 964 -0.480365
880 98 0.265564
880 493 -0.262445
880 880 1
881 854 0.0621163
881 283 -0.561638
881 861 -1.0635
881 94 0.563023
881 881 1
882 518 0.490128
882 779 -1.47976
882 229 0.721088
882 257 -0.73146
882 882 1
883 210 1.0423
883 722 -0.585595
883 359 -1.40538
883 896 -0.0513203
883 883 1
884 22 -3.45301
884 503 0.0754632
884 45 1.02182
884 596 1.35573
884 884 1
885 131 -0.33531
885 192 -0.595506
885 0 -0.26704
885 107 0.197856
885 885 1
886 936 -0.588138
886 243 -0.366137
886 701 -0.35423
886 653 0.308505
886 886 1
887 200 0.270967
887 457 -0.459844
887 832 -0.590636
887 828 -0.220487
887 887 1
888 845 -0.215031
888 965 -0.548687
888 391 -0.271628
888 320 0.0353464
888 888 1
889 336 -1.09502
889 961 -2.66234
889 282 1.25269
889 419 1.50467
889 889 1
890 863 0.70166
890 614 -1.63428
890 249 -1.04898
890 91 0.9816
890 890 1
891 306 -1.07289
891 395 0.082517
891 873 -0.117656
891 241 0.108026
891 891 1
892 183 -0.829309
892 503 -0.43195
892 738 0.100882
892 19 0.160376
892 892 1
893 347 1.38719
893 603 -1.17229
893 525 -0.687408
893 321 -0.52749
893 893 1
894 645 -0.309552
894 822 -1.48976
894 64 0.011024
894 234 0.788284
894 894 1
895 195 -1.67979
895 384 1.24736
895 794 0.0279733
895 540 -0.595546
895 895 1
896 210 -0.619541
896 936 -0.737222
896 359 -0.0733802
896 653 0.430143
896 896 1
897 182 -0.479789
897 424 0.111847
897 992 -0.410915
897 133 -0.221143
897 897 1
898 92 -1.39128
898 508 0.067591
898 726 -0.354162
898 778 0.67785
898 898 1
899 451 -1.00299
899 97 -0.261027
899 465 -1.80317
899 325 2.06719
899 899 1
900 797 -0.187497
900 199 -0.587111
900 501 0.21302
900 769 -0.438412
900 900 1
901 502 0.556744
901 536 -0.826175
901 934 -0.649506
901 691 -0.081064
901 901 1
902 743 -1.46496
902 689 -2.69133
902 634 2.18142
902 924 0.974859
902 902 1
903 455 -1.20214
903 418 -0.965842
903 942 0.110572
903 735 1.05741
903 903 1
904 232 -1.92107
904 673 -0.298556
904 714 1.05507
904 34 0.16455
904 904 1
905 447 -1.0874
905 915 -0.0130486
905 236 0.193623
905 55 -0.0931775
905 905 1
906 642 4.05302
906 162 -1.25183
906 795 -2.38921
906 685 -1.41198
906 906 1
907 620 -0.818473
907 984 0.334948
907 208 -0.385674
907 632 -0.130801
907 907 1
908 472 0.452823
908 650 -0.818556
908 759 -0.687472
908 350 0.0532051
908 908 1
909 660 -0.586076
909 534 -0.555378
909 872 0.539351
909 874 -0.397896
909 909 1
910 762 0.130188
910 426 -1.62708
910 249 1.43637
910 863 -0.939478
910 910 1
911 318 -0.671352
911 624 1.27209
911 559 -1.06976
911 366 -0.530976
911 911 1
912 816 -0.573135
912 584 0.104571
912 675 -0.380614
912 975 -0.150822
912 912 1
913 964 2.16454
913 562 -1.33213
913 959 -0.014266
913 98 -1.81814
913 913 1
914 395 1.79971
914 349 -2.09452
914 306 2.0417
914 891 -2.74689
914 914 1
915 447 0.0436627
915 905 -0.762144
915 236 -0.40165
915 55 0.120132
915 915 1
916 702 -1.26311
916 292 -1.21101
916 861 0.240273
916 937 1.23384
916 916 1
917 260 -1.72995
917 52 0.0342724
917 273 0.055296
917 256 0.640385
917 917 1
918 758 -0.571936
918 605 -0.81788
918 454 0.504673
918 980 -0.114858
918 918 1
919 377 0.313378
919 602 -1.03193
919 844 -0.916288
919 139 0.634844
919 919 1
920 140 -0.410749
920 666 -0.348811
920 527 0.0883311
920 46 -0.328772
920 920 1
921 288 -0.57881
921 609 -0.62637
921 178 -0.0221113
921 851 0.227292
921 921 1
922 163 -0.874105
922 172 0.212711
922 612 -0.0801498
922 486 -0.258456
922 922 1
923 167 -0.548862
923 174 -0.224152
923 233 0.0424444
923 721 -0.269431
923 923 1
924 395 -1.8185
924 349 1.53237
924 953 -0.59694
924 306 -0.116932
924 924 1
925 365 -0.581946
925 264 -0.623463
925 723 -0.104047
925 734 0.309455
925 925 1
926 810 -0.742751
926 604 -1.10438
926 804 0.901005
926 335 -0.053875
926 926 1
927 155 -0.79067
927 219 -0.873414
927 619 1.84786
927 204 -1.18377
927 927 1
928 7 -0.073059
928 50 -0.460499
928 361 -0.352659
928 757 -0.113783
928 928 1
929 405 -0.529583
929 357 -0.0134149
929 991 -0.155394
929 560 -0.301608
929 929 1
930 587 -0.254226
930 50 -1.32778
930 626 0.421959
930 928 0.160047
930 930 1
931 509 -2.09315
931 517 3.77069
931 141 -2.17135
931 312 -0.50619
931 931 1
932 608 -0.358922
932 955 -0.544729
932 21 0.211293
932 639 -0.307642
932 932 1
933 272 1.38641
933 393 -2.38883
933 181 1.3509
933 242 -1.34848
933 933 1
934 773 -0.961069
934 901 -0.52814
934 634 0.176805
934 242 0.312404
934 934 1
935 721 -0.68069
935 688 0.0953164
935 567 -0.136847
935 834 -0.27778
935 935 1
936 653 -1.15168
936 896 -1.89337
936 886 0.486851
936 210 1.5582
936 936 1
937 960 0.445212
937 292 -0.538703
937 245 -0.76413
937 702 -0.14238
937 937 1
938 144 -0.34614
938 240 -0.516743
938 98 0.0269407
938 182 -0.164058
938 938 1
939 998 0.883727
939 848 -3.22502
939 718 2.58272
939 577 -1.24142
939 939 1
940 699 -0.238282
940 499 -0.370753
940 858 -0.167562
940 222 -0.223403
940 940 1
941 108 -0.514888
941 175 -0.155267
941 788 -0.106618
941 973 -0.223228
941 941 1
942 618 0.0431777
942 290 -0.276923
942 100 -0.391833
942 903 -0.374422
942 942 1
943 448 -2.06923
943 296 -0.0486201
943 800 -0.139706
943 944 1.25755
943 943 1
944 448 -1.47208
944 414 -0.00279975
944 943 0.475728
944 296 -0.000849925
944 944 1
945 218 -0.378908
945 170 -0.251019
945 245 -0.344401
945 268 -0.025672
945 945 1
946 814 -0.453379
946 647 -0.343015
946 49 -0.51569
946 280 0.312083
946 946 1
947 392 -4.22873
947 247 1.71429
947 532 0.555359
947 265 0.959085
947 947 1
948 790 -0.579612
948 492 -0.105093
948 142 -0.304163
948 811 -0.0111328
948 948 1
949 576 -2.46956
949 954 -0.94573
949 816 2.27098
949 357 0.144307
949 949 1
950 282 -0.18416
950 588 -0.515699
950 961 -0.466009
950 716 0.165867
950 950 1
951 760 -1.02525
951 122 -0.613175
951 322 0.199005
951 980 0.439419
951 951 1
952 479 -0.619451
952 147 -0.129831
952 431 0.179653
952 475 -0.430371
952 952 1
953 622 0.336618
953 169 -2.13418
953 429 2.84659
953 300 -2.04903
953 953 1
954 991 0.338335
954 816 -0.7021
954 929 -0.719272
954 949 0.0830364
954 954 1
955 21 -0.800101
955 932 -1.9529
955 608 1.22103
955 450 0.531966
955 955 1
956 977 -0.617464
956 165 -0.447849
956 205 -0.737252
956 284 0.802565
956 956 1
957 187 -0.638458
957 717 -0.539803
957 435 -0.143498
957 331 0.32176
957 957 1
958 40 -0.0799535
958 512 -0.90149
958 372 0.446143
958 335 -0.464699
958 958 1
959 880 -1.20485
959 98 -0.482422
959 964 1.31051
959 913 -0.623238
959 959 1
960 245 -0.765056
960 937 -0.162696
960 756 -0.57617
960 268 0.503923
960 960 1
961 716 -0.476591
961 419 -0.324493
961 282 -1.07671
961 950 0.87779
961 961 1
962 719 0.532208
962 133 -0.311098
962 422 -0.668033
962 493 -0.553078
962 962 1
963 164 -0.9323
963 180 -0.461133
963 338 0.477206
963 93 -0.083773
963 963 1
964 880 -0.894036
964 98 -0.363727
964 913 -0.464996
964 959 0.722759
964 964 1
965 888 -0.248595
965 432 -0.42732
965 470 -0.286107
965 377 -0.0379782
965 965 1
966 989 -1.39104
966 798 0.295291
966 667 0.617141
966 216 -0.521397
966 966 1
967 623 -0.512748
967 102 -0.4292
967 652 -0.14431
967 136 0.0862578
967 967 1
968 620 -0.883586
968 261 -0.704532
968 907 -1.30192
968 984 1.89003
968 968 1
969 376 1.63278
969 53 0.577462
969 599 -2.1859
969 976 -1.02434
969 969 1
970 856 -0.663084
970 212 -1.48262
970 293 0.243106
970 173 0.902602
970 970 1
971 725 -0.357989
971 19 -0.281763
971 25 -0.24062
971 183 -0.119628
971 971 1
972 566 0.00932707
972 472 -0.415218
972 867 -0.246502
972 324 -0.347607
972 972 1
973 856 0.210759
973 293 -0.684932
973 788 0.0634919
973 941 -0.589318
973 973 1
974 987 -1.87428
974 405 1.26462
974 357 -2.35264
974 929 1.9623
974 974 1
975 271 -0.554865
975 912 -0.146378
975 303 -0.460831
975 584 0.162074
975 975 1
976 376 -0.333747
976 969 -0.0248481
976 767 -0.299896
976 552 -0.341509
976 976 1
977 956 0.374428
977 165 -1.02624
977 284 0.331184
977 122 -0.67937
977 977 1
978 633 0.3666
978 139 -0.377709
978 666 -0.481293
978 470 -0.507598
978 978 1
979 303 1.21006
979 801 -1.23046
979 576 -1.90793
979 615 0.928336
979 979 1
980 918 -0.248135
980 317 -1.35269
980 758 -0.681465
980 454 1.28229
980 980 1
981 625 -1.03141
981 498 0.187804
981 657 0.378353
981 366 -0.534745
981 981 1
982 9 0.617277
982 689 -0.651063
982 113 -0.858105
982 634 -0.108109
982 982 1
983 636 -0.836448
983 686 -0.157858
983 338 0.274899
983 40 -0.280592
983 983 1
984 620 -1.48455
984 907 1.35414
984 186 -0.0278878
984 208 -0.841703
984 984 1
985 766 -0.717696
985 699 3.31722
985 247 -0.51288
985 940 -3.08664
985 985 1
986 343 1.62665
986 252 -1.7347
986 588 0.0275244
986 640 -0.919477
986 986 1
987 138 -0.0944381
987 405 -1.48036
987 929 1.25498
987 341 -0.680185
987 987 1
988 403 0.220554
988 354 -1.76004
988 129 -0.837104
988 258 1.37659
988 988 1
989 966 -1.50084
989 667 1.67517
989 739 0.627198
989 494 -1.80153
989 989 1
990 820 -0.232936
990 629 0.0485653
990 808 -0.420877
990 353 -0.394753
990 990 1
991 954 -0.563141
991 929 -0.0482702
991 405 -1.01435
991 357 0.625761
991 991 1
992 354 -0.862074
992 258 -0.27489
992 424 -0.115183
992 403 0.252147
992 992 1
993 313 0.0690152
993 496 -0.756097
993 267 -0.800623
993 153 0.487704
993 993 1
994 491 -1.01384
994 603 0.346524
994 321 -0.17764
994 538 -0.155047
994 994 1
995 672 0.684449
995 309 -5.0562
995 174 0.802247
995 233 2.56951
995 995 1
996 386 -0.611014
996 159 -0.271965
996 473 0.562746
996 780 -0.679767
996 996 1
997 87 0.778069
997 589 -0.58453
997 209 -0.201269
997 739 -0.99227
997 997 1
998 848 -2.73087
998 718 2.14092
998 577 -1.10202
998 939 0.691976
998 998 1
999 999 1
