100
1.257082e-001
1.400366e-001
1.623906e-001
1.452690e-001
1.151948e-001
8.367080e-002
5.098846e-002
1.165047e-001
1.131185e-001
1.054513e-001
1.653265e-001
1.050926e-001
1.604449e-001
1.991662e-001
1.690441e-001
1.570966e-001
1.588155e-001
1.112989e-001
1.165536e-001
2.296944e-001
1.600528e-001
2.202520e-001
1.111633e-001
1.565983e-001
1.379388e-001
1.750835e-001
1.339651e-001
1.516465e-001
1.554249e-001
1.414628e-001
1.055378e-001
8.218395e-002
8.197801e-002
1.721872e-001
1.111890e-001
9.733712e-002
1.205869e-001
1.206710e-001
1.647614e-001
1.451903e-001
1.605164e-001
1.232811e-001
1.208034e-001
1.198308e-001
1.381180e-001
1.223268e-001
9.458789e-002
1.529047e-001
1.672199e-001
6.369400e-002
9.911180e-002
1.382121e-001
1.262007e-001
9.655180e-002
1.063100e-001
9.822609e-002
8.873458e-002
1.399165e-001
1.296708e-001
1.615489e-001
1.287726e-001
1.413880e-001
1.548445e-001
1.675721e-001
1.638294e-001
1.214177e-001
9.757975e-002
1.104202e-001
5.957235e-002
1.243036e-001
1.404156e-001
9.361844e-002
1.151424e-001
1.171097e-001
1.496635e-001
1.284787e-001
1.017769e-001
1.284635e-001
1.809381e-001
1.345122e-001
9.348437e-002
1.544279e-001
1.130095e-001
9.555006e-002
1.438560e-001
1.085689e-001
1.453898e-001
1.316761e-001
1.315651e-001
1.488537e-001
1.290189e-001
1.224230e-001
1.679466e-001
1.458952e-001
1.296352e-001
1.568131e-001
1.048357e-001
1.443712e-001
5.512634e-002
1.102954e-001
