100
7.346300e-001
7.374979e-001
6.936535e-001
6.702775e-001
3.585772e-001
3.788121e-002
6.882729e-001
5.103941e-001
9.355582e-002
6.561860e-001
2.742218e-001
8.160376e-001
4.988111e-001
4.135763e-001
7.811456e-002
1.533728e-001
7.781087e-001
7.116524e-002
6.191919e-001
7.837094e-001
3.357823e-001
4.321649e-001
9.888512e-001
6.287611e-001
5.200221e-001
8.553515e-001
2.970969e-001
6.629188e-001
2.882765e-001
4.245862e-001
2.932094e-001
8.619233e-002
3.591635e-001
5.709677e-001
1.852744e-001
7.045443e-001
1.094038e-001
3.699633e-001
9.528905e-001
4.761181e-001
7.107067e-001
4.244987e-001
9.773447e-002
1.779219e-001
1.568666e-001
9.488745e-001
5.287958e-001
1.639944e-001
6.588165e-001
7.308261e-001
1.184186e-001
9.766621e-001
8.974463e-001
5.587714e-002
2.780151e-001
8.585589e-001
5.404314e-001
3.657045e-001
7.672973e-001
9.261288e-001
9.578967e-001
3.975565e-001
7.885566e-001
2.553015e-001
3.865935e-001
3.717164e-001
8.374367e-002
4.662825e-002
2.722296e-001
4.231244e-001
2.592126e-001
9.676257e-001
2.489725e-001
6.949686e-001
4.222361e-001
8.012153e-001
9.405026e-001
1.749261e-001
8.117695e-001
1.439838e-001
2.903612e-001
6.262911e-001
3.743479e-001
9.042863e-001
5.591988e-001
4.358584e-001
8.493601e-001
9.298170e-001
8.974617e-001
7.291850e-001
5.741265e-002
8.949562e-001
5.714349e-002
7.734559e-001
4.302593e-001
3.125377e-001
4.284127e-001
7.553944e-001
9.414088e-001
8.817028e-001
