100
1.996082e-001
1.889655e-001
9.194082e-002
1.192612e-001
1.178196e-001
6.371303e-002
8.445448e-002
7.254164e-002
1.501248e-001
7.637947e-002
1.017771e-001
1.586293e-001
1.454267e-001
9.962082e-002
1.618512e-001
1.169950e-001
1.602426e-001
1.503602e-001
9.723121e-002
1.544979e-001
1.282722e-001
1.969347e-001
1.400065e-001
1.401031e-001
1.943900e-001
1.063137e-001
1.159788e-001
1.402335e-001
1.962225e-001
1.223936e-001
9.956518e-002
7.307372e-002
1.328334e-001
1.739886e-001
1.178861e-001
1.750638e-001
1.567168e-001
7.882769e-002
1.143720e-001
1.498869e-001
1.465052e-001
1.251158e-001
1.358222e-001
1.373314e-001
1.610891e-001
6.361812e-002
1.505142e-001
9.882921e-002
7.997550e-002
1.352742e-001
1.058145e-001
1.007919e-001
1.257767e-001
1.393872e-001
8.415361e-002
1.252699e-001
1.477836e-001
1.410945e-001
1.449693e-001
7.195210e-002
1.410983e-001
1.530136e-001
9.629503e-002
9.223418e-002
1.493975e-001
1.702489e-001
1.085944e-001
2.034601e-001
1.499395e-001
9.145450e-002
8.656999e-002
1.806174e-001
1.534616e-001
1.759834e-001
1.462790e-001
1.833845e-001
1.217257e-001
1.349850e-001
1.359490e-001
1.315232e-001
1.183845e-001
7.881309e-002
1.944763e-001
7.765502e-002
1.662613e-001
1.018637e-001
1.385411e-001
1.492866e-001
1.521674e-001
8.788967e-002
1.452975e-001
1.085360e-001
1.243462e-001
1.241706e-001
1.349890e-001
1.493517e-001
2.081636e-001
1.325996e-001
1.267389e-001
1.164725e-001
