   9.5012929e-01   5.8279168e-01   4.3979086e-01
   2.3113851e-01   4.2349626e-01   3.4004795e-01
   6.0684258e-01   5.1551175e-01   3.1421731e-01
   4.8598247e-01   3.3395148e-01   3.6507839e-01
   8.9129897e-01   4.3290660e-01   3.9323955e-01
   7.6209683e-01   2.2594987e-01   5.9152520e-01
   4.5646767e-01   5.7980687e-01   1.1974662e-01
   1.8503643e-02   7.6036501e-01   3.8128797e-02
   8.2140716e-01   5.2982312e-01   4.5859795e-01
   4.4470336e-01   6.4052650e-01   8.6986735e-01
   6.1543235e-01   2.0906940e-01   9.3423652e-01
   7.9193704e-01   3.7981837e-01   2.6444917e-01
   9.2181297e-01   7.8332865e-01   1.6030034e-01
   7.3820725e-01   6.8084575e-01   8.7285526e-01
   1.7626614e-01   4.6109513e-01   2.3788031e-01
   4.0570621e-01   5.6782871e-01   6.4583125e-01
   9.3546970e-01   7.9421065e-01   9.6688742e-01
   9.1690444e-01   5.9182593e-02   6.6493121e-01
   4.1027021e-01   6.0286909e-01   8.7038103e-01
   8.9364953e-01   5.0268804e-02   9.9273048e-03
   5.7891305e-02   4.1537486e-01   1.3700989e-01
   3.5286813e-01   3.0499868e-01   8.1875583e-01
   8.1316650e-01   8.7436717e-01   4.3016605e-01
   9.8613007e-03   1.5009499e-02   8.9032172e-01
   1.3889088e-01   7.6795039e-01   7.3490821e-01
   2.0276522e-01   9.7084494e-01   6.8732359e-01
   1.9872174e-01   9.9008259e-01   3.4611197e-01
   6.0379248e-01   7.8886169e-01   1.6603474e-01
   2.7218792e-01   4.3865853e-01   1.5561258e-01
   1.9881427e-01   4.9831130e-01   1.9111631e-01
   1.5273927e-02   2.1396333e-01   4.2245153e-01
   7.4678568e-01   6.4349229e-01   8.5597571e-01
   4.4509643e-01   3.2003558e-01   4.9024999e-01
   9.3181458e-01   9.6009860e-01   8.1593477e-01
   4.6599434e-01   7.2663177e-01   4.6076983e-01
   4.1864947e-01   4.1195321e-01   4.5735438e-01
   8.4622142e-01   7.4456578e-01   4.5068888e-01
   5.2515250e-01   2.6794725e-01   4.1221906e-01
   2.0264736e-01   4.3992431e-01   9.0160982e-01
   6.7213747e-01   9.3338011e-01   5.5839392e-03
   8.3811845e-01   6.8333232e-01   2.9740568e-01
   1.9639514e-02   2.1255986e-01   4.9162489e-02
   6.8127716e-01   8.3923824e-01   6.9318045e-01
   3.7948102e-01   6.2878460e-01   6.5010641e-01
   8.3179602e-01   1.3377275e-01   9.8298778e-01
   5.0281288e-01   2.0713273e-01   5.5267324e-01
   7.0947139e-01   6.0719894e-01   4.0007352e-01
   4.2889237e-01   6.2988785e-01   1.9878852e-01
   3.0461737e-01   3.7047683e-01   6.2520102e-01
   1.8965375e-01   5.7514778e-01   7.3336280e-01
   1.9343116e-01   4.5142483e-01   3.7588548e-01
   6.8222322e-01   4.3895325e-02   9.8764629e-03
   3.0276440e-01   2.7185123e-02   4.1985781e-01
   5.4167385e-01   3.1268505e-01   7.5366963e-01
   1.5087298e-01   1.2862575e-02   7.9387177e-01
   6.9789848e-01   3.8396729e-01   9.1995721e-01
   3.7837300e-01   6.8311597e-01   8.4472150e-01
   8.6001160e-01   9.2842462e-02   3.6775288e-01
   8.5365513e-01   3.5338324e-02   6.2080133e-01
   5.9356291e-01   6.1239548e-01   7.3127726e-01
   4.9655245e-01   6.0854036e-01   1.9389318e-01
   8.9976918e-01   1.5759818e-02   9.0481233e-01
   8.2162916e-01   1.6354934e-02   5.6920575e-01
   6.4491038e-01   1.9007459e-01   6.3178993e-01
   8.1797434e-01   5.8691847e-01   2.3441296e-01
   6.6022756e-01   5.7581090e-02   5.4878213e-01
   3.4197062e-01   3.6756804e-01   9.3158335e-01
   2.8972590e-01   6.3145116e-01   3.3519743e-01
   3.4119357e-01   7.1763442e-01   6.5553106e-01
   5.3407902e-01   6.9266939e-01   3.9190421e-01
   7.2711322e-01   8.4079061e-02   6.2731479e-01
   3.0929016e-01   4.5435515e-01   6.9908014e-01
   8.3849604e-01   4.4182830e-01   3.9718395e-01
   5.6807246e-01   3.5325046e-01   4.1362890e-01
   3.7041356e-01   1.5360636e-01   6.5521295e-01
   7.0273991e-01   6.7564465e-01   8.3758510e-01
   5.4657115e-01   6.9921333e-01   3.7160803e-01
   4.4488020e-01   7.2750913e-01   4.2525316e-01
   6.9456724e-01   4.7838438e-01   5.9466337e-01
   6.2131013e-01   5.5484199e-01   5.6573857e-01
   7.9482108e-01   1.2104711e-01   7.1654240e-01
   9.5684345e-01   4.5075394e-01   5.1131145e-01
   5.2259035e-01   7.1588295e-01   7.7640121e-01
   8.8014221e-01   8.9284161e-01   4.8934548e-01
   1.7295614e-01   2.7310247e-01   1.8590445e-01
   9.7974690e-01   2.5476930e-01   7.0063541e-01
   2.7144726e-01   8.6560348e-01   9.8270880e-01
   2.5232935e-01   2.3235037e-01   8.0663775e-01
   8.7574190e-01   8.0487174e-01   7.0356766e-01
   7.3730599e-01   9.0839754e-01   4.8496372e-01
   1.3651874e-01   2.3189432e-01   1.1461282e-01
   1.1756687e-02   2.3931256e-01   6.6485557e-01
   8.9389797e-01   4.9754484e-02   3.6537389e-01
   1.9913807e-01   7.8384075e-02   1.4004446e-01
   2.9872301e-01   6.4081541e-01   5.6677280e-01
   6.6144258e-01   1.9088657e-01   8.2300831e-01
   2.8440859e-01   8.4386950e-01   6.7394863e-01
   4.6922429e-01   1.7390025e-01   9.9944730e-01
   6.4781123e-02   1.7079281e-01   9.6163641e-01
   9.8833494e-01   9.9429549e-01   5.8862165e-02
