0.32945
0.20032
0.26959
0.30211
0.2253
0.20832
0.30945
0.33662
0.33846
0.27785
0.33483
0.34049
0.32043
0.21928
0.39055
0.24077
0.34683
0.32455
0.27387
0.28566
0.36296
0.16857
0.31705
0.36053
0.30612
0.36136
0.31562
0.25206
0.32417
0.31713
0.28784
0.34013
0.26578
0.38534
0.25502
0.34528
0.29605
0.2195
0.26544
0.36259
0.27189
0.32194
0.30214
0.40253
0.31601
0.40945
0.32343
0.25454
0.13344
0.37705
0.361
0.30319
0.40916
0.34067
0.32572
0.18667
0.33434
0.14621
0.33877
0.30377
0.14748
0.38241
0.27983
0.35278
0.31646
0.35296
0.32509
0.31434
0.31744
0.3227
0.008606
0.26529
0.32823
0.27186
0.34789
0.32738
0.35347
0.3341
0.26724
0.25143
0.30113
0.28599
0.11097
0.2202
0.32856
0.40383
0.34919
0.35003
0.26296
0.36154
0.3691
0.30912
0.36292
0.39709
0.28627
0.34243
0.19221
0.32145
0.25481
0.34064
0.32726
0.3331
0.054795
0.3412
0.30991
0.35229
0.18251
0.40339
0.34839
0.34197
0.38451
0.35402
0.37802
0.36845
0.35214
0.33277
0.36137
0.1495
0.33594
0.34035
0.20017
0.29562
0.24272
0.36122
0.38899
0.19716
0.13801
0.34002
0.30493
0.25313
0.27941
0.25624
0.3083
0.34042
0.33436
0.35323
0.29297
0.26049
0.3207
0.28364
0.28055
0.27175
0.32996
0.36129
0.40969
0.24303
0.17762
0.3384
0.35424
0.27737
0.26092
0.27891
0.10638
0.37711
0.25223
0.3278
0.35121
0.40979
0.32318
0.3386
0.14293
0.33585
0.29191
0.36684
0.26554
0.31453
0.2518
0.33448
0.26281
0.20012
0.34734
0.21521
0.2872
0.35298
0.3392
0.30126
0.34002
0.36158
0.37935
0.25341
0.36076
0.30853
0.21676
0.22297
0.2631
0.37391
0.17865
0.34374
0.26222
0.33416
0.31408
0.27887
0.27721
0.27953
0.3423
0.342
0.30366
0.40629
0.33672
0.26265
0.34374
0.41238
0.31277
0.15754
0.3061
0.30135
0.33104
0.18738
0.33431
0.35051
0.31213
0.41232
0.38125
0.29665
0.31526
0.23688
0.3068
0.33657
0.40167
0.4094
0.40998
0.40502
0.072001
0.2781
0.097543
0.15018
0.22534
0.33449
0.3234
0.35737
0.25052
0.33031
0.40931
0.40983
0.4043
0.27942
0.37293
0.35178
0.22722
0.25732
0.3509
0.15353
0.20427
0.32036
0.29431
0.32043
0.36135
0.38858
0.33474
0.19273
0.2686
0.33685
0.29015
0.18491
0.35149
0.3341
0.33885
0.36147
0.2323
0.33816
0.30414
0.23359
0.41159
0.36134
0.39794
0.33124
0.36133
0.31928
0.33777
0.36675
0.33346
0.19691
0.3281
0.40793
0.30662
0.31249
0.33893
0.33881
0.3995
0.29164
0.32362
0.32923
0.19524
0.36136
0.40742
0.34102
0.26354
0.40075
0.37274
0.37806
0.33945
0.31495
0.41105
0.3337
0.33191
0.38646
0.11668
0.33422
0.33046
0.39886
0.34521
0.26615
0.18882
0.27479
0.3996
0.37839
0.36135
0.36121
0.33864
0.33481
0.40839
0.36238
0.2692
0.40927
0.23657
0.41065
0.37099
0.34038
0.33522
0.33842
0.12968
0.32388
0.18783
0.30498
0.32647
0.25944
0.22837
0.26873
0.33689
0.33636
0.39929
0.34227
0.35909
0.39861
0.29331
0.20227
0.31171
0.24656
0.35415
0.33559
0.29982
0.18398
0.25372
0.36806
0.37379
0.23908
0.17791
0.32135
0.28482
0.33458
0.29584
0.3241
0.27935
0.35358
0.29821
0.35218
0.32835
0.34197
0.39564
0.27386
0.29659
0.33166
0.2691
0.3404
0.33447
0.36131
0.27041
0.35541
0.34627
0.33933
0.31149
0.37361
0.40696
0.38753
0.40934
0.33298
0.38339
0.29963
0.40654
0.41114
0.27142
0.32342
0.31642
0.22307
0.16291
0.25966
0.28912
0.3036
0.25687
0.38022
0.30206
0.24962
0.3966
0.30848
0.21562
0.25212
0.21631
0.28508
0.362
0.23912
0.1928
0.19238
0.31177
0.34598
0.33085
0.17852
0.20534
0.33804
0.34676
0.31929
0.37174
0.35507
0.28404
0.31622
0.25772
0.33023
0.31329
0.36115
0.27971
0.38254
0.4098
0.29152
0.24829
0.093167
0.32568
0.33379
0.21437
0.38068
0.28521
0.12666
0.26921
0.39308
0.33407
0.36218
0.30989
0.39296
0.41088
0.30578
0.40138
0.077984
0.25512
0.3213
0.34093
0.27638
0.30176
0.30945
0.28054
0.32583
0.25563
0.38331
0.33137
0.33609
0.35371
0.28626
0.3308
0.17834
0.26559
0.33944
0.29536
0.2435
0.3352
0.40737
0.085065
0.33925
0.32807
0.32689
0.30604
0.20341
0.39925
0.30734
0.089422
0.21875
0.32976
0.30081
0.33487
0.25492
0.35507
0.12729
0.17771
0.34154
0.30716
0.32448
0.33882
0.35171
0.21632
0.36278
0.31912
0.36135
0.25824
0.17791
0.39869
0.26922
0.22397
0.29236
0.28995
0.2643
0.35603
0.33988
0.35434
0.25012
0.35976
0.32483
0.34993
0.37652
0.3334
0.25186
0.35662
0.41217
0.3226
0.25892
0.21807
0.29748
0.34747
0.26836
0.31984
0.26739
0.25781
0.3584
0.34438
0.34547
0.17945
0.2339
0.32741
0.21868
0.36512
0.34973
0.35942
0.33627
0.24847
0.14376
0.2948
0.25602
0.3286
0.38533
0.22243
0.17769
0.35378
0.25632
0.32565
0.30773
0.36146
0.39743
0.37096
0.24953
0.26725
0.26136
0.39575
0.27974
0.36964
0.38239
0.32706
0.40726
0.11684
0.26236
0.3015
0.41212
0.35837
0.33903
0.3315
0.048248
0.31159
0.28145
0.24207
0.36089
0.28621
0.31921
0.35967
0.20303
0.19494
0.35008
0.33898
0.27073
0.33997
0.21451
0.31103
0.32895
0.33662
0.26507
0.24782
0.25484
0.38212
0.34864
0.33234
0.073953
0.23261
0.25478
0.34322
0.35511
0.31619
0.3035
0.40546
0.4012
0.24695
0.039558
0.31114
0.30818
0.23173
0.37807
0.33891
0.31168
0.25018
0.20689
0.29027
0.28876
0.34006
0.2718
0.28542
0.305
0.36119
0.29183
0.31556
0.39371
0.3113
0.37586
0.1787
0.17782
0.40113
0.32768
0.29322
0.17942
0.26288
0.18205
0.35842
0.31075
0.41142
0.39143
0.34046
0.23654
0.2878
0.02526
0.40042
0.41106
0.28122
0.3467
0.40527
0.35327
0.33736
0.24457
0.18035
0.26809
0.33217
0.34039
0.29285
0.40539
0.3684
0.3168
0.31559
0.35269
0.32365
0.36288
0.4016
0.32732
0.35772
0.3401
0.33425
0.33513
0.35864
0.29778
0.17598
0.31081
0.32855
0.2534
0.36277
0.26514
0.41124
0.34469
0.39086
0.3034
0.40689
0.31437
0.26497
0.24882
0.29374
0.12609
0.31424
0.35033
0.34897
0.29122
0.31239
0.25752
0.37579
0.27845
0.36803
0.39158
0.25999
0.33419
0.28838
0.31472
0.35735
0.37357
0.28825
0.26769
0.38275
0.31827
0.35637
0.071592
0.36054
0.35638
0.35596
0.407
0.18399
0.36244
0.35838
0.31026
0.28224
0.41224
0.33422
0.040885
0.39518
0.26284
0.24192
0.34051
0.26381
0.24605
0.19465
0.36121
0.24683
0.19641
0.33076
0.1776
0.3504
0.33491
0.17192
0.28607
0.36038
0.25707
0.34331
0.19227
0.3191
0.33678
0.35655
0.27853
0.33749
0.25198
0.32046
0.27314
0.41123
0.30973
0.26502
0.2315
0.39888
0.32835
0.3065
0.26019
0.40479
0.40847
0.2962
0.33726
0.35906
0.35223
0.38866
0.1904
0.27431
0.25612
0.30711
0.29974
0.41157
0.3341
0.26993
0.33835
0.26564
0.36549
0.31938
0.35005
0.17916
0.40584
0.37383
0.28419
0.40907
0.27206
0.19653
0.33685
0.3305
0.34161
0.35997
0.29694
0.27284
0.19667
0.22705
0.23567
0.33015
0.35699
0.32988
0.3175
0.19907
0.27882
0.33664
0.31453
0.35971
0.28832
0.36126
0.0080498
0.28181
0.18286
0.27333
0.26346
0.34099
0.38615
0.20079
0.32401
0.38026
0.25977
0.30778
0.36866
0.33474
0.3032
0.30948
0.19138
0.40702
0.26753
0.27504
0.23056
0.24266
0.33698
0.41172
0.2633
0.33028
0.24797
0.23751
0.34147
0.26868
0.33923
0.30037
0.32668
0.39003
0.38893
0.28037
0.40707
0.38196
0.41059
0.34372
0.32337
0.36279
0.36174
0.28689
0.28497
0.40587
0.3479
0.35717
0.36115
0.29141
0.28704
0.23701
0.41123
0.31205
0.23045
0.36247
0.40972
0.30403
0.29821
0.32002
0.2712
0.33378
0.18636
0.31202
0.21806
0.3612
0.064203
0.30082
0.39827
0.3498
0.27922
0.2934
0.26775
0.38011
0.3611
0.33585
0.34182
0.33397
0.32536
0.30998
0.36293
0.35742
0.32823
0.22136
0.34824
0.25529
0.41095
0.25659
0.31154
0.40525
0.34011
0.38302
0.33661
0.3263
0.1994
0.3253
0.23979
0.27819
0.29974
0.29284
0.40171
0.38576
0.33503
0.26678
0.40228
0.38831
0.36154
0.33484
0.35905
0.35581
0.14235
0.34276
0.20885
0.24439
0.28936
0.29878
0.27868
0.25033
0.015568
0.30845
0.33568
0.26677
0.3366
0.16245
0.25297
0.28229
0.29653
0.027554
0.40558
0.41029
0.29391
0.28739
0.3465
0.20173
0.25241
0.26194
0.28221
0.35333
0.29304
0.27688
0.38976
0.28661
0.39436
0.27321
0.36082
0.24849
0.26305
0.20354
0.24519
0.36222
0.26625
0.26773
0.28687
0.18408
0.31214
0.28053
0.40315
0.25606
0.36174
0.24326
0.18187
0.4076
0.40834
0.32439
0.32199
0.31793
0.36005
0.27692
0.32032
0.23296
0.38461
0.33093
0.21952
0.32893
0.35136
0.30721
0.26716
0.33414
0.31529
0.33217
0.26056
0.38706
0.23114
0.34224
0.33772
0.31056
0.35529
0.36758
0.40397
0.24073
0.33989
0.33027
0.39989
0.37519
0.32919
0.091696
0.081459
0.36095
0.16188
0.37507
0.35764
0.19047
0.24384
0.26794
0.28053
0.36509
0.29553
0.26778
0.33384
0.33583
0.39851
0.34913
0.36035
0.36271
0.33855
0.35338
0.27474
0.36164
0.38785
0.35291
0.262
0.27236
0.33081
0.23146
0.25082
0.30374
0.29814
0.33857
0.27514
0.39526
0.099943
0.25844
0.40502
0.22462
0.31114
0.23123
0.32976
0.3149
0.39032
0.3554
0.23383
0.3522
0.33594
0.12741
0.35828
0.33952
0.36192
0.26823
0.31667
0.20373
0.4118
0.28704
0.41124
0.35908
0.2572
0.19516
0.33455
0.34001
0.3282
0.33657
0.33763
0.40845
0.21048
0.35874
0.31639
0.25199
0.36525
0.289
0.040511
0.27282
0.41082
0.29145
0.18914
0.32211
0.40927
0.34007
0.21783
0.33588
0.2009
0.36033
0.27413
0.2583
0.35155
0.34084
0.391
0.41034
0.40887
0.36841
0.25371
0.33986
0.32609
0.33846
0.40501
0.26887
0.35341
0.33816
0.11445
0.293
0.21618
0.26125
0.36122
0.095163
0.35018
0.26932
0.23589
0.34895
0.40591
0.31708
0.26362
0.33256
0.40696
0.37587
0.37515
0.29543
0.38288
0.34219
0.33958
0.25856
0.33144
0.28456
0.2923
0.33496
0.36188
0.29896
0.1809
0.39851
0.040294
0.33826
0.31078
0.32941
0.31862
0.28778
0.33893
0.38262
0.30056
0.29024
0.32448
0.31118
0.31778
0.40883
0.27273
0.40022
0.18048
0.32627
0.33457
0.41152
0.34013
0.36134
0.30909
0.41011
0.39664
0.38541
0.40944
0.32598
0.074906
0.38506
0.2322
0.33511
0.34607
0.36609
0.35682
0.31912
0.067854
0.35915
0.28325
0.33863
0.25391
0.41058
0.12905
0.30603
0.32503
0.41168
0.28037
0.4074
0.32737
0.38921
0.31024
0.3836
0.2788
0.31999
0.3712
0.33713
0.35217
0.3544
0.31733
0.31398
0.39148
0.32728
0.40863
0.39027
0.41061
0.33146
0.39592
0.33309
0.27845
0.2994
0.28495
0.40265
0.37095
0.17766
0.26985
0.35158
0.29879
0.29835
0.34143
0.22358
0.35352
0.18179
0.3826
0.31275
0.40779
0.022511
0.28027
0.41132
0.33128
0.33171
0.30867
0.32361
0.33982
0.29678
0.021417
0.33252
0.33806
0.33316
0.19335
0.15972
0.33244
0.22174
0.34114
0.3326
0.28986
0.26792
0.13772
0.30217
0.23463
0.34123
0.25906
0.35303
0.38083
0.33945
0.18174
0.28488
0.34166
0.26031
0.41117
0.25581
0.298
0.33805
0.27328
0.33902
0.3799
0.34373
0.35785
0.25163
0.32821
0.38805
0.3813
0.26696
0.29005
0.23475
0.31925
0.33985
0.33175
0.31192
0.30432
0.33839
0.33591
0.40394
0.22422
0.27131
0.28455
0.17989
0.34605
0.28781
0.33633
0.38252
0.3751
0.23561
0.33835
0.21107
0.36135
0.28891
0.37416
0.26736
0.061842
0.35139
0.3847
0.27889
0.32191
0.32798
0.39311
0.25686
0.40501
0.41179
0.36298
0.347
0.30313
0.24201
0.2962
0.31456
0.34544
0.19148
0.23686
0.34226
0.31951
0.40003
0.36298
0.25197
0.22646
0.3304
0.34032
0.3599
0.32733
0.21879
0.38918
0.33428
0.33302
0.30923
0.40644
0.24012
0.18164
0.33482
0.36294
0.41071
0.31427
0.33494
0.27676
0.41098
0.40491
0.27807
0.35358
0.2187
0.31125
0.23187
0.40881
0.33809
0.28452
0.33699
0.36996
0.31369
0.25435
0.15945
0.35984
0.19531
0.29168
0.3082
0.16607
0.24081
0.40944
0.17421
0.29056
0.20031
0.35988
0.29665
0.35013
0.20706
0.36392
0.22743
0.2868
0.3115
0.32425
0.31604
0.31669
0.41048
0.40096
0.35757
0.37043
0.29924
0.40895
0.235
0.36297
0.33942
0.41236
0.35052
0.32118
0.40781
0.4092
0.38537
0.31281
0.36013
0.25408
0.02387
0.38421
0.36203
0.34098
0.31093
0.33444
0.3428
0.26571
0.38829
0.17767
0.41046
0.2298
0.31384
0.37829
0.37011
0.25445
0.35088
0.31232
0.19395
0.31533
0.33711
0.34949
0.03335
0.32785
0.40575
0.34224
0.35854
0.31981
0.22846
0.33776
0.34861
0.27105
0.093422
0.34071
0.2564
0.31434
0.36792
0.32572
0.28547
0.39937
0.33814
0.34952
0.25514
0.26239
0.29594
0.4061
0.32078
0.2202
0.33653
0.33299
0.36704
0.25738
0.26246
0.26479
0.36166
0.38221
0.23147
0.27088
0.33733
0.26003
0.23378
0.37064
0.39074
0.32834
0.361
0.30644
0.31813
0.034087
0.33391
0.29144
0.33834
0.29175
0.40958
0.056686
0.37516
0.30179
0.16141
0.36024
0.34072
0.24738
0.34534
0.3485
0.21923
0.40104
0.27207
0.26534
0.35726
0.27977
0.3378
0.27832
0.30828
0.28978
0.27529
0.15721
0.33728
0.32821
0.33189
0.20498
0.28143
0.33915
0.29806
0.27283
0.28414
0.32713
0.2832
0.36004
0.31578
0.30365
0.35812
0.22893
0.2843
0.26975
0.36297
0.35989
0.24988
0.35644
0.34087
0.34889
0.036215
0.29794
0.25876
0.35597
0.13435
0.30631
0.31937
0.4068
0.32154
0.35962
0.41184
0.19672
0.31354
0.38444
0.021513
0.40615
0.20257
0.2882
0.35586
0.35902
0.26193
0.29631
0.32468
0.39051
0.17226
0.34011
0.40348
0.40179
0.32131
0.32961
0.30401
0.28905
0.29021
0.27381
0.41216
0.40972
0.41239
0.41044
0.30635
0.35573
0.28482
0.30886
0.33594
0.27478
0.32321
0.25764
0.3515
0.32201
0.36112
0.34016
0.33886
0.27605
0.21242
0.33031
0.3701
0.37868
0.35797
0.29069
0.40531
0.38738
0.32761
0.31791
0.22721
0.28912
0.33439
0.02856
0.32066
0.31544
0.38799
0.4108
0.27982
0.3274
0.050682
0.40534
0.3613
0.24779
0.22105
0.18858
0.36112
0.32494
0.3178
0.34921
0.40791
0.31887
0.40636
0.36135
0.31699
0.27663
0.19083
0.18416
0.29678
0.26222
0.28282
0.36034
0.3923
0.3843
0.34209
0.41123
0.25551
0.33799
0.24159
0.31016
0.27355
0.33907
0.36129
0.26698
0.32171
0.33392
0.35594
0.40144
0.25836
0.30098
0.31783
0.3385
0.18008
0.38886
0.077973
0.40415
0.21237
0.26271
0.16081
0.31551
0.27963
0.39963
0.30228
0.054316
0.11139
0.337
0.36277
0.27823
0.3372
0.30219
0.27856
0.241
0.34618
0.36036
0.26349
0.31429
0.29027
0.3197
0.34768
0.27974
0.13818
0.36064
0.14048
0.28683
0.30528
0.34197
0.39219
0.41057
0.25511
0.30822
0.40595
0.16991
0.2592
0.36123
0.34479
0.32691
0.25175
0.32652
0.34646
0.35768
0.17875
0.27887
0.2604
0.41225
0.35375
0.39249
0.31712
0.34197
0.3843
0.41239
0.34689
0.1601
0.2702
0.32122
0.36045
0.4082
0.33941
0.32327
0.40878
0.29048
0.30524
0.37842
0.37658
0.32093
0.32915
0.20948
0.36296
0.25655
0.18918
0.2673
0.40623
0.22748
0.35638
0.377
0.27639
0.25712
0.32057
0.3395
0.40978
0.34475
0.34145
0.27768
0.31703
0.2517
0.41057
0.34406
0.22278
0.41098
0.38165
0.35762
0.41227
0.31786
0.2615
0.17582
0.36122
0.40849
0.35751
0.28147
0.30374
0.16273
0.30545
0.3348
0.40989
0.39118
0.40286
0.043429
0.26984
0.32992
0.41099
0.32935
0.24662
0.41238
0.28237
0.1535
0.40102
0.31465
0.33675
0.2803
0.40756
0.29572
0.38787
0.41099
0.41233
0.39403
0.41237
0.25243
0.2319
0.37347
0.10686
0.35936
0.29619
0.27986
0.13553
0.30454
0.32073
0.32619
0.20508
0.29346
0.33627
0.26456
0.24267
0.27938
0.33956
0.29069
0.35408
0.28902
0.33347
0.33578
0.27531
0.39975
0.33954
0.21515
0.32022
0.40935
0.30172
0.28581
0.33611
0.36297
0.30136
0.28194
0.19612
0.28048
0.31039
0.072267
0.31642
0.36105
0.31008
0.40236
0.34169
0.14048
0.30429
0.33645
0.40473
0.4122
0.32996
0.19503
0.38264
0.26069
0.26945
0.32329
0.30236
0.32742
0.21111
0.1994
0.20464
0.24271
0.33137
0.21194
0.25771
0.33883
0.36219
0.3388
0.2736
0.29807
0.31765
0.41108
0.27932
0.23743
0.34218
0.25713
0.29911
0.39316
0.34056
0.35371
0.29285
0.21331
0.27218
0.33647
0.3184
0.33407
0.33856
0.33207
0.40668
0.1743
0.37218
0.41012
0.29437
0.31006
0.32428
0.18035
0.32206
0.21865
0.37672
0.33705
0.37651
0.26346
0.33797
0.31467
0.36029
0.35961
0.38016
0.39481
0.33352
0.29295
0.33996
0.28722
0.33294
0.40651
0.36893
0.34467
0.368
0.33775
0.41079
0.41217
0.30923
0.41162
0.24356
0.33161
0.32679
0.31947
0.2941
0.29117
0.38606
0.19827
0.28651
0.33369
0.14244
0.34144
0.1901
0.35505
0.21389
0.25557
0.34204
0.27372
0.17347
0.28632
0.32913
0.074978
0.41087
0.20593
0.26436
0.32706
0.40642
0.29714
0.33949
0.29863
0.36226
0.18117
0.30624
0.34226
0.40781
0.34541
0.35427
0.31239
0.41238
0.40001
0.34782
0.33598
0.32476
0.41064
0.39801
0.29758
0.36954
0.35527
0.25433
0.3802
0.23307
0.34191
0.34166
0.31618
0.19816
0.36218
0.25379
0.39812
0.35843
0.19071
0.20963
0.24615
0.35904
0.34086
0.39264
0.4089
0.24976
0.34012
0.33376
0.29804
0.31381
0.36114
0.23901
0.35982
0.31943
0.40847
0.2585
0.34013
0.25825
0.030822
0.3275
0.29706
0.31284
0.2799
0.27624
0.24955
0.34477
0.23356
0.30669
0.40734
0.41107
0.26156
0.24343
0.35079
0.31751
0.35959
0.34557
0.39677
0.35015
0.33256
0.10523
0.31653
0.2691
0.31433
0.30516
0.2655
0.27871
0.33712
0.28344
0.35803
0.18313
0.21981
0.25264
0.26934
0.36115
0.31352
0.21608
0.39518
0.3396
0.35609
0.081482
0.33182
0.40413
0.26157
0.33506
0.35839
0.32903
0.35988
0.36032
0.40513
0.36049
0.29643
0.050852
0.28117
0.41095
0.24341
0.28239
0.41018
0.32724
0.3312
0.26651
0.32522
0.40432
0.2774
0.40207
0.40633
0.36287
0.27193
0.35049
0.33489
0.32185
0.39028
0.29797
0.38903
0.19876
0.31897
0.30045
0.27219
0.32871
0.31855
0.27222
0.41235
0.41192
0.4028
0.31466
0.26967
0.26609
0.26533
0.34531
0.39503
0.11127
0.26688
0.22068
0.27889
0.33584
0.2658
0.33799
0.37485
0.30954
0.32426
0.34103
0.17772
0.17815
0.36094
0.30413
0.26344
0.28577
0.41113
0.19058
0.33441
0.29768
0.36154
0.29503
0.26232
0.35788
0.30635
0.33171
0.4017
0.23656
0.35037
0.068289
0.40223
0.3881
0.39771
0.3594
0.25835
0.17333
0.28154
0.37777
0.3366
0.37754
0.33534
0.27688
0.36261
0.19899
0.17832
0.24153
0.31324
0.32808
0.33901
0.36273
0.24152
0.30506
0.29937
0.23015
0.17025
0.25617
0.41099
0.40856
0.38324
0.35647
0.34343
0.40821
0.33778
0.31376
0.1812
0.24311
0.28689
0.40839
0.41174
0.30195
0.28141
0.34145
0.36932
0.25375
0.38805
0.33855
0.36035
0.18407
0.32824
0.27868
0.41229
0.38594
0.2868
0.40371
0.26047
0.26374
0.28475
0.33018
0.28961
0.33197
0.40003
0.33888
0.26481
0.37264
0.35591
0.31962
0.3915
0.31925
0.33842
0.32757
0.26473
0.34115
0.33809
0.30667
0.31668
0.20099
0.3414
0.27984
0.30299
0.35252
0.40252
0.036723
0.2906
0.39649
0.40321
0.33784
0.4089
0.3448
0.35359
0.2864
0.25536
0.23402
0.41081
0.30747
0.41016
0.22863
0.31035
0.30702
0.32296
0.31755
0.30235
0.30662
0.18725
0.33718
0.21725
0.30283
0.10401
0.33945
0.40747
0.30745
0.26383
0.25083
0.37987
0.33045
0.35645
0.1278
0.31008
0.23396
0.27923
0.31851
0.2638
0.31525
0.28983
0.30902
0.41232
0.28893
0.24193
0.29667
0.39702
0.25305
0.3459
0.32158
0.2795
0.39053
0.29359
0.22165
0.33648
0.29636
0.41074
0.34187
0.25923
0.34358
0.29361
0.19202
0.30871
0.34894
0.28499
0.14761
0.39715
0.32204
0.32955
0.34291
0.33506
0.27653
0.34376
0.34195
0.33426
0.3441
0.27155
0.31933
0.30226
0.34358
0.3967
0.3583
0.21975
0.31842
0.2807
0.39649
0.27007
0.35241
0.38461
0.25288
0.25053
0.32575
0.35852
0.28126
0.34641
0.31844
0.25299
0.29649
0.28575
0.32823
0.28579
0.26251
0.3991
0.33264
0.39948
0.32023
0.33764
0.33266
0.34549
0.30405
0.33294
0.35784
0.40383
0.31123
0.38535
0.12074
0.3873
0.29261
0.33001
0.29036
0.12759
0.35481
0.32974
0.32339
0.29624
0.32379
0.34073
0.28376
0.30214
0.28931
0.28304
0.40422
0.35962
0.38865
0.17762
0.36293
0.24211
0.31505
0.22264
0.30531
0.3105
0.25537
0.31345
0.31545
0.41234
0.36816
0.39847
0.31984
0.41066
0.32074
0.32588
0.26447
0.30623
0.28418
0.23077
0.33981
0.32339
0.30724
0.36182
0.26598
0.33925
0.26109
0.37012
0.24233
0.25497
0.077604
0.34013
0.36005
0.37239
0.29571
0.24315
0.18411
0.34369
0.28003
0.40065
0.23113
0.27427
0.18005
0.23403
0.27895
0.18293
0.39134
0.24872
0.14595
0.27938
0.29656
0.39177
0.2643
0.17774
0.36728
0.41188
0.18442
0.4093
0.325
0.26706
0.33578
0.22402
0.33511
0.33707
0.19939
0.1965
0.33027
0.3423
0.39085
0.29379
0.3378
0.01319
0.3209
0.33695
0.36245
0.36133
0.34448
0.34156
0.33799
0.32282
0.39447
0.08188
0.28411
0.33236
0.22614
0.20136
0.30788
0.32253
0.091918
0.30978
0.41075
0.32438
0.29072
0.10791
0.26814
0.2576
0.27013
0.28297
0.19171
0.34166
0.30387
0.3386
0.3402
0.29054
0.39227
0.34419
0.33977
0.37129
0.33898
0.32195
0.24187
0.27802
0.32085
0.32235
0.26175
0.33117
0.28033
0.41238
0.32866
0.2756
0.34229
0.27083
0.38415
0.33312
0.36807
0.35894
0.39445
0.2153
0.36031
0.29525
0.3313
0.34203
0.40946
0.4034
0.27903
0.26285
0.20538
0.40997
0.35822
0.32037
0.19099
0.26608
0.30332
0.044772
0.41124
0.16178
0.23441
0.31908
0.35891
0.4028
0.25592
0.26507
0.40404
0.23107
0.32895
0.3593
0.34151
0.33678
0.36135
0.32056
0.2684
0.21538
0.39579
0.27391
0.33856
0.28258
0.37122
0.24583
0.32624
0.27843
0.3345
0.39185
0.26273
0.33312
0.23575
0.19112
0.41124
0.34801
0.28925
0.32413
0.34225
0.3408
0.29789
0.17859
0.34032
0.27304
0.29092
0.33298
0.33956
0.36012
0.36787
0.39179
0.35086
0.28869
0.34114
0.30315
0.26215
0.32026
0.27145
0.2523
0.33493
0.3823
0.30628
0.3421
0.34629
0.29753
0.39613
0.22545
0.35725
0.34012
0.34667
0.18545
0.26691
0.26688
0.16693
0.40348
0.19662
0.31992
0.18215
0.33348
0.33914
0.37581
0.40455
0.29042
0.25632
0.25935
0.36059
0.32226
0.34972
0.41208
0.23847
0.24851
0.35902
0.33832
0.40065
0.34771
0.27486
0.26885
0.33858
0.34274
0.32715
0.3668
0.35997
0.34919
0.24917
0.32419
0.34482
0.37969
0.26227
0.35267
0.32728
0.3073
0.2656
0.41126
0.37397
0.32676
0.004966
0.29566
0.29742
0.36186
0.3685
0.3881
0.37948
0.15688
0.17852
0.35897
0.40501
0.23858
0.33349
0.28379
0.411
0.34635
0.30772
0.3268
0.07577
0.27831
0.23807
0.34657
0.2964
0.38708
0.36129
0.39269
0.26599
0.25613
0.23294
0.28624
0.20329
0.38022
0.31733
0.30851
0.32716
0.23435
0.23725
0.17872
0.32571
0.13825
0.26631
0.313
0.23343
0.2742
0.35325
0.26362
0.36624
0.2643
0.31572
0.3205
0.11383
0.32869
0.33389
0.24261
0.29547
0.35452
0.27998
0.35292
0.25401
0.40442
0.41158
0.33981
0.38585
0.40243
0.24742
0.22887
0.33445
0.29937
0.22203
0.32432
0.34014
0.25712
0.2596
0.23049
0.34012
0.04783
0.17987
0.41148
0.18177
0.4032
0.35792
0.32128
0.3543
0.40434
0.26549
0.28099
0.29653
0.39059
0.40073
0.32255
0.30286
0.27605
0.26724
0.19677
0.31473
0.36113
0.3726
0.30776
0.24608
0.26561
0.31551
0.061733
0.3617
0.33622
0.33806
0.28145
0.28369
0.25813
0.22866
0.30807
0.41096
0.33604
0.26449
0.29041
0.35468
0.36136
0.40285
0.27225
0.21438
0.32219
0.23714
0.27924
0.40614
0.30731
0.36158
0.37439
0.34168
0.31291
0.28267
0.29463
0.33954
0.25394
0.31415
0.36233
0.35303
0.34055
0.2365
0.17824
0.36295
0.070172
0.18973
0.36135
0.35409
0.33536
0.14803
0.17888
0.26182
0.33875
0.18128
0.40458
0.32823
0.39974
0.20861
0.31586
0.29502
0.26479
0.33721
0.27579
0.39788
0.32729
0.40486
0.33342
0.32544
0.22252
0.27895
0.34011
0.30058
0.40398
0.39366
0.33604
0.36288
0.27852
0.34804
0.32106
0.16458
0.26061
0.31407
0.40084
0.32709
0.3622
0.31944
0.30976
0.35449
0.2945
0.32486
0.32844
0.36119
0.35971
0.36169
0.2777
0.37213
0.32086
0.3325
0.34089
0.31618
0.33939
0.3353
0.27139
0.36193
0.35738
0.38976
0.2318
0.24113
0.26051
0.33977
0.406
0.29213
0.41238
0.34213
0.10642
0.20474
0.11629
0.40879
0.32796
0.08372
0.26544
0.37851
0.34014
0.27434
0.32147
0.21609
0.31546
0.33892
0.34222
0.18126
0.31515
0.31111
0.40659
0.40124
0.34384
0.40887
0.40723
0.34008
0.18412
0.34945
0.39156
0.27838
0.30917
0.29527
0.35509
0.29674
0.38036
0.31889
0.18446
0.30612
0.31633
0.3322
0.36683
0.35433
0.2523
0.33814
0.35542
0.39884
0.37742
0.39112
0.37118
0.33952
0.36591
0.25734
0.30766
0.26303
0.32954
0.32521
0.33369
0.32632
0.40937
0.39716
0.39557
0.23401
0.20169
0.18976
0.34175
0.33108
0.18682
0.21232
0.35836
0.35837
0.34011
0.33971
0.34215
0.24524
0.27967
0.3133
0.2203
0.352
0.19218
0.32876
0.23306
0.24959
0.34749
0.25395
0.34227
0.33999
0.28004
0.27119
0.25157
0.41023
0.31359
0.32997
0.27313
0.21981
0.25226
0.40697
0.22177
0.27265
0.33389
0.37854
0.18254
0.40694
0.36236
0.23724
0.32703
0.33678
0.26028
0.32838
0.29185
0.26226
0.26009
0.25468
0.30052
0.35129
0.36048
0.33943
0.13467
0.28318
0.18503
0.26843
0.34168
0.36102
0.33867
0.24616
0.38254
0.34014
0.3414
0.29423
0.33345
0.34147
0.30615
0.3535
0.29857
0.35276
0.35586
0.31454
0.34048
0.24888
0.29926
0.36297
0.26913
0.31849
0.33825
0.3629
0.3172
0.27009
0.1532
0.29637
0.33955
0.15017
0.3331
0.25605
0.35695
0.25412
0.26557
0.35735
0.37792
0.259
0.30487
0.33753
0.35607
0.32513
0.33944
0.26314
0.36037
0.36135
0.23763
0.28921
0.28474
0.33355
0.35701
0.14829
0.2692
0.40493
0.19215
0.27972
0.34465
0.25172
0.30823
0.32913
0.32334
0.27938
0.25749
0.32046
0.33984
0.36127
0.40884
0.312
0.31228
0.33353
0.33452
0.3417
0.30221
0.344
0.35732
0.30171
0.28099
0.34132
0.34321
0.20557
0.34225
0.34508
0.26578
0.35969
0.31344
0.33628
0.18452
0.30749
0.19703
0.25208
0.33781
0.34341
0.32257
0.34965
0.33267
0.34413
0.30539
0.27014
0.40356
0.28453
0.40684
0.35613
0.33739
0.20227
0.30882
0.34081
0.25438
0.27802
0.3665
0.38159
0.27198
0.32749
0.33548
0.3585
0.33305
0.31521
0.22967
0.33813
0.28424
0.2362
0.4091
0.26762
0.34806
0.19786
0.37695
0.19085
0.30417
0.33346
0.28745
0.26238
0.27943
0.19606
0.18923
0.41124
0.3628
0.18229
0.40526
0.25471
0.28752
0.31562
0.26005
0.22396
0.22248
0.36116
0.33842
0.40433
0.26757
0.40999
0.34654
0.34165
0.27313
0.24667
0.36226
0.31301
0.18517
0.21386
0.33273
0.33767
0.33034
0.35368
0.34317
0.27605
0.30421
0.19778
0.3029
0.36234
0.31385
0.40958
0.2715
0.27715
0.41015
0.26856
0.056248
0.31403
0.3414
0.30548
0.35804
0.34211
0.40729
0.17761
0.2655
0.34229
0.41238
0.3608
0.30649
0.33962
0.30799
0.22412
0.40529
0.3852
0.26131
0.34066
0.22226
0.3118
0.29981
0.30113
0.33594
0.39737
0.33826
0.19298
0.33999
0.18344
0.32369
0.38113
0.31536
0.27315
0.13756
0.25388
0.34229
0.29655
0.26347
0.33724
0.33187
0.36522
0.28274
0.18427
0.34409
0.3975
0.29598
0.24603
0.26859
0.23566
0.33977
0.21382
0.30598
0.35678
0.33609
0.29456
0.11615
0.32487
0.40965
0.2357
0.36069
0.21774
0.34838
0.38587
0.32696
0.33465
0.33614
0.11349
0.27953
0.40904
0.31397
0.22355
0.30119
0.28464
0.36297
0.10474
0.32907
0.25183
0.3448
0.38958
0.35893
0.3452
0.39747
0.40705
0.31004
0.28222
0.23939
0.32755
0.38359
0.34472
0.34762
0.29619
0.32581
0.26039
0.24753
0.31912
0.33666
0.41052
0.40831
0.22132
0.29551
0.41121
0.29053
0.2859
0.41126
0.40629
0.32132
0.23535
0.26737
0.30084
0.33796
0.33432
0.37874
0.41217
0.32441
0.3
0.37191
0.38559
0.39188
0.31363
0.33782
0.33979
0.34274
0.35615
0.31277
0.36133
0.39568
0.19365
0.23001
0.27576
0.32316
0.335
0.41232
0.26642
0.35049
0.33983
0.38876
0.32259
0.21027
0.38208
0.26821
0.27587
0.33163
0.39201
0.29185
0.34023
0.33885
0.32512
0.28401
0.34106
0.37607
0.20147
0.33104
0.20567
0.38289
0.41067
0.28205
0.28781
0.40222
0.2691
0.27724
0.36982
0.41118
0.35084
0.35007
0.25238
0.31932
0.40667
0.37018
0.33582
0.34564
0.33098
0.2738
0.33709
0.2626
0.19472
0.29604
0.31436
0.34011
0.34154
0.348
0.2831
0.33727
0.24186
0.30361
0.27992
0.27225
0.35979
0.32393
0.40938
0.27413
0.26288
0.40432
0.33814
0.40978
0.31758
0.41109
0.22325
0.26828
0.33102
0.25175
0.35112
0.35131
0.33604
0.40606
0.36941
0.30221
0.33335
0.29643
0.4115
0.3286
0.35966
0.3534
0.33563
0.31565
0.3227
0.023534
0.41117
0.26113
0.334
0.33896
0.27411
0.21918
0.29057
0.2911
0.17017
0.40382
0.34226
0.35751
0.41209
0.34219
0.3168
0.30282
0.21865
0.40525
0.2982
0.40877
0.31842
0.28279
0.3978
0.26011
0.25273
0.27669
0.41112
0.22927
0.25804
0.27528
0.31071
0.354
0.24702
0.34578
0.30824
0.27604
0.41094
0.24584
0.36128
0.26458
0.29717
0.1821
0.022574
0.33098
0.11224
0.32568
0.26218
0.314
0.40118
0.40341
0.22236
0.34063
0.40393
0.34886
0.25086
0.35754
0.065755
0.34883
0.25758
0.26463
0.27517
0.37042
0.27724
0.22671
0.32569
0.33149
0.29676
0.19831
0.33216
0.38791
0.39762
0.3459
0.34804
0.39261
0.24695
0.4064
0.34117
0.40577
0.30406
0.41177
0.35567
0.35203
0.38715
0.39741
0.34998
0.23911
0.34812
0.17826
0.19876
0.33259
0.34011
0.076136
0.4123
0.30394
0.21955
0.36105
0.27726
0.35389
0.38838
0.21106
0.33557
0.30978
0.31045
0.24077
0.34666
0.40527
0.37077
0.32972
0.33478
0.35064
0.31444
0.40875
0.35776
0.26472
0.33733
0.32425
0.23837
0.31855
0.33963
0.22219
0.26085
0.057464
0.39982
0.32865
0.41237
0.28932
0.3398
0.35843
0.35011
0.2793
0.34883
0.31996
0.32175
0.23169
0.37002
0.31349
0.3113
0.33916
0.4057
0.27976
0.30684
0.33918
0.36213
0.29842
0.36328
0.41053
0.30313
0.35905
0.3366
0.37198
0.24269
0.36522
0.33446
0.17969
0.32647
0.32637
0.22058
0.28021
0.25137
0.25341
0.34211
0.33407
0.15374
0.33484
0.21985
0.33227
0.28296
0.2175
0.18716
0.33316
0.3342
0.32431
0.20275
0.20841
0.33882
0.35874
0.33996
0.28581
0.26274
0.27456
0.19156
0.41115
0.34273
0.34006
0.28765
0.34629
0.29415
0.36256
0.27562
0.27713
0.39886
0.34983
0.34671
0.3314
0.2696
0.3254
0.29567
0.34186
0.32688
0.2904
0.36183
0.15518
0.27105
0.28582
0.24328
0.27767
0.2186
0.33346
0.33905
0.26986
0.30803
0.20912
0.32466
0.27548
0.326
0.34546
0.32013
0.27513
0.34715
0.39566
0.32786
0.34226
0.27757
0.29095
0.31697
0.3573
0.27685
0.35282
0.29644
0.36151
0.23866
0.39411
0.25889
0.33238
0.022628
0.26904
0.26027
0.26216
0.24482
0.25304
0.32827
0.29337
0.26331
0.36484
0.40604
0.3385
0.37598
0.33019
0.35761
0.38339
0.067475
0.36298
0.27386
0.31758
0.26241
0.33391
0.18473
0.34227
0.3043
0.26414
0.33865
0.24751
0.34292
0.31741
0.33314
0.39006
0.39014
0.33065
0.35306
0.35353
0.34126
0.33894
0.19599
0.40861
0.32096
0.3371
0.33823
0.32128
0.24866
0.32003
0.32406
0.3084
0.35222
0.33766
0.25773
0.30784
0.30246
0.29913
0.28564
0.40609
0.41094
0.31624
0.082243
0.35319
0.2825
0.34093
0.3472
0.3605
0.28943
0.21918
0.35341
0.36345
0.41123
0.35738
0.29803
0.2764
0.29329
0.38974
0.34218
0.3369
0.39323
0.38472
0.25719
0.41076
0.3878
0.36089
0.070649
0.35281
0.3423
0.26126
0.24365
0.31736
0.36889
0.29307
0.29389
0.35629
0.27156
0.33826
0.35165
0.36088
0.3569
0.36365
0.22904
0.33071
0.40618
0.28056
0.14135
0.31016
0.32822
0.41146
0.24189
0.36295
0.33824
0.30837
0.23142
0.35116
0.31869
0.34626
0.33998
0.35493
0.19064
0.29225
0.21801
0.29661
0.26167
0.33758
0.29646
0.34769
0.26838
0.30351
0.34217
0.34076
0.40215
0.34103
0.2903
0.39382
0.34105
0.055188
0.36659
0.3613
0.40701
0.34001
0.23685
0.41142
0.17903
0.40648
0.32342
0.28615
0.40597
0.25792
0.31024
0.22246
0.37844
0.28556
0.31825
0.16274
0.32119
0.36143
0.21129
0.1852
0.40098
0.2985
0.17762
0.22252
0.28375
0.12258
0.34226
0.33034
0.39865
0.31357
0.40947
0.08677
0.3628
0.36011
0.3478
0.33115
0.35629
0.30834
0.32818
0.17963
0.31695
0.41105
0.3953
0.22832
0.27809
0.1835
0.33764
0.29087
0.31296
0.043296
0.36649
0.32053
0.32746
0.27396
0.3204
0.38079
0.3687
0.34928
0.19058
0.32513
0.31485
0.29264
0.33755
0.057977
0.26946
0.41239
0.34005
0.40035
0.31214
0.33723
0.3426
0.32263
0.35525
0.12309
0.41026
0.25289
0.31165
0.2147
0.16136
0.38132
0.26331
0.35615
0.40009
0.28158
0.33249
0.26973
0.30819
0.36071
0.33042
0.084273
0.26719
0.18912
0.30906
0.30775
0.27496
0.31301
0.41237
0.40188
0.32897
0.34597
0.33237
0.31878
0.3581
0.3422
0.36717
0.41236
0.3544
0.40774
0.3537
0.32156
0.41051
0.33823
0.18846
0.33769
0.26439
0.30751
0.40959
0.19018
0.28357
0.35068
0.2499
0.30458
0.34198
0.33239
0.35846
0.26967
0.33633
0.27559
0.36248
0.40113
0.28326
0.0046949
0.29926
0.39819
0.30864
0.39988
0.27143
0.23223
0.3406
0.40702
0.30215
0.0050344
0.35449
0.33982
0.30319
0.2858
0.12888
0.34515
0.30552
0.26303
0.31954
0.34162
0.40429
0.32531
0.32186
0.41004
0.38988
0.32507
0.26199
0.33307
0.40143
0.34309
0.34498
0.2699
0.40711
0.40404
0.41051
0.21322
0.34758
0.35509
0.36133
0.2883
0.31253
0.28482
0.27974
0.30565
0.32395
0.2696
0.39509
0.23126
0.31852
0.36132
0.34906
0.34761
0.41071
0.19874
0.35979
0.41026
0.16303
0.2664
0.32559
0.39502
0.34043
0.33427
0.37484
0.40724
0.25152
0.35809
0.30307
0.25806
0.32284
0.2542
0.28934
0.33853
0.34057
0.30219
0.070949
0.20057
0.36297
0.35696
0.25316
0.35557
0.29121
0.32005
0.27726
0.32462
0.41113
0.32544
0.33697
0.41054
0.21676
0.3375
0.40557
0.35577
0.29675
0.29147
0.40117
0.30031
0.25663
0.33966
0.31565
0.36136
0.27033
0.31979
0.36113
0.35568
0.25759
0.20004
0.33748
0.32364
0.41122
0.32924
0.27833
0.18152
0.3302
0.36128
0.2549
0.33976
0.31734
0.3061
0.26898
0.31182
0.33018
0.33733
0.32252
0.34195
0.33882
0.36117
0.41071
0.26899
0.055561
0.35435
0.19033
0.23519
0.34939
0.34548
0.29133
0.30878
0.2736
0.41044
0.26582
0.31319
0.33048
0.35757
0.3015
0.33845
0.35791
0.31332
0.2701
0.29113
0.17762
0.3867
0.18069
0.31075
0.34157
0.3005
0.39784
0.40171
0.39673
0.24679
0.3317
0.34379
0.31486
0.34219
0.24544
0.34894
0.282
0.2465
0.35845
0.3031
0.25768
0.41116
0.32673
0.21728
0.22569
0.25285
0.35831
0.34024
0.32161
0.33411
0.34345
0.40689
0.36031
0.28977
0.22147
0.28515
0.32471
0.36042
0.41052
0.29961
0.34373
0.092487
0.34951
0.27489
0.40036
0.40853
0.25485
0.32465
0.41233
0.28102
0.35971
0.22947
0.33207
0.38585
0.19743
0.3396
0.39893
0.29344
0.31916
0.27783
0.29912
0.14421
0.3361
0.36043
0.28804
0.31796
0.35485
0.33984
0.37657
0.34101
0.34253
0.36117
0.28277
0.20806
0.33988
0.41087
0.40158
0.28326
0.28074
0.27446
0.36077
0.32749
0.4013
0.36599
0.23434
0.34099
0.31597
0.26527
0.25594
0.33513
0.34005
0.35672
0.10902
0.37821
0.3557
0.3621
0.26235
0.22617
0.27925
0.32694
0.35447
0.3582
