0.35844
0.38521
0.22101
0.39797
0.06438
0.3561
0.2961
0.3161
0.32994
0.399
0.10622
0.33092
0.18087
0.1283
0.39584
0.32413
0.39633
0.34966
0.089114
0.38825
0.34412
0.39834
0.37093
0.23871
0.29329
0.24462
0.25082
0.38971
0.24988
0.23117
0.19268
0.22163
0.23261
0.39453
0.061306
0.36359
0.23291
0.16936
0.37569
0.13551
0.28537
0.068212
0.3269
0.39719
0.38119
0.20248
0.2733
0.18081
0.31208
0.26382
0.34591
0.30642
0.39881
0.20603
0.19705
0.39665
0.36518
0.24708
0.38534
0.10499
0.30949
0.21752
0.39888
0.021973
0.23034
0.29206
0.39878
0.38207
0.36701
0.11703
0.35662
0.3557
0.33539
0.12661
0.38989
0.27866
0.29729
0.35173
0.28077
0.38678
0.34559
0.39731
0.31349
0.389
0.017396
0.16374
0.3183
0.33978
0.2311
0.32293
0.39071
0.38366
0.096565
0.27706
0.34097
0.16394
0.37239
0.38849
0.33999
0.1936
0.33158
0.11822
0.27732
0.35939
0.17457
0.3974
0.042255
0.34782
0.36239
0.34986
0.31583
0.28987
0.37744
0.19857
0.37246
0.059248
0.39777
0.25809
0.3989
0.22151
0.36327
0.091545
0.38551
0.38755
0.012671
0.16504
0.199
0.19051
0.27263
0.28677
0.3987
0.2741
0.31925
0.076912
0.11922
0.33632
0.37552
0.24578
0.33929
0.38545
0.3687
0.051634
0.37289
0.095424
0.36914
0.39861
0.39837
0.39318
0.10017
0.38795
0.16448
0.37971
0.27016
0.38471
0.36729
0.39832
0.36304
0.37575
0.30834
0.29909
0.39619
0.33061
0.20203
0.39134
0.11688
0.334
0.048862
0.13152
0.37934
0.39875
0.11093
0.31282
0.1832
0.23409
0.17935
0.35212
0.36433
0.1077
0.13997
0.14573
0.33394
0.22476
0.32318
0.017513
0.23002
0.35263
0.26661
0.030772
0.29619
0.20724
0.39718
0.37103
0.19919
0.37695
0.13581
0.38228
0.0045147
0.37572
0.18854
0.062037
0.3506
0.37608
0.16359
0.30366
0.22623
0.22021
0.32712
0.38266
0.16634
0.33941
0.324
0.30472
0.06076
0.11469
0.37244
0.21292
0.38673
0.39118
0.086567
0.11263
0.36903
0.36382
0.14785
0.23836
0.30112
0.35031
0.30245
0.38173
0.3266
0.39057
0.33644
0.3988
0.37353
0.39656
0.30093
0.39631
0.21694
0.3293
0.22745
0.0181
0.027625
0.27388
0.34874
0.38452
0.22194
0.39904
0.39799
0.39837
0.35707
0.37278
0.39788
0.361
0.37061
0.26146
0.1047
0.29912
0.19194
0.37192
0.20123
0.30773
0.36184
0.39624
0.28394
0.10502
0.26297
0.3886
0.3915
0.083176
0.18983
0.05888
0.36094
0.36235
0.10448
0.036552
0.32448
0.25411
0.11433
0.13246
0.20123
0.1535
0.38525
0.36671
0.30343
0.25357
0.12083
0.31019
0.29119
0.29056
0.34896
0.35386
0.35616
0.39006
0.078493
0.39136
0.36439
0.34156
0.35405
0.25848
0.29853
0.016135
0.21603
0.30553
0.39699
0.30868
0.17442
0.39884
0.03045
0.0034609
0.017291
0.39702
0.36331
0.22829
0.19337
0.033526
0.33978
0.38307
0.17372
0.37478
0.20058
0.39744
0.36943
0.27117
0.11402
0.031853
0.3828
0.33871
0.19986
0.33437
0.39608
0.35516
0.3929
0.39899
0.094683
0.30823
0.29891
0.39776
0.37818
0.37046
0.39895
0.36817
0.38534
0.28658
0.37094
0.39352
0.34327
0.33806
0.37671
0.19594
0.37577
0.13651
0.10506
0.30859
0.37593
0.34571
0.354
0.33531
0.33585
0.10317
0.29052
0.1554
0.060514
0.071317
0.38722
0.35912
0.21665
0.39443
0.23238
0.24012
0.31879
0.051943
0.23147
0.38687
0.39548
0.39693
0.22569
0.10514
0.25591
0.16862
0.38272
0.36937
0.26115
0.12311
0.37224
0.2571
0.0089822
0.38941
0.10572
0.37649
0.37489
0.058436
0.38837
0.33108
0.23338
0.34081
0.12354
0.28674
0.085569
0.31257
0.29001
0.011566
0.39179
0.2476
0.25894
0.39701
0.3711
0.081964
0.37896
0.24731
0.35097
0.13582
0.26036
0.39315
0.38585
0.14818
0.36428
0.1006
0.17378
0.36696
0.39858
0.011688
0.37537
0.27833
0.27669
0.39144
0.15181
0.28913
0.16663
0.26485
0.26419
0.34174
0.029268
0.13017
0.34237
0.39596
0.35243
0.35665
0.20398
0.25703
0.39584
0.096617
0.38812
0.28011
0.22245
0.38921
0.075793
0.12775
0.0069671
0.39122
0.39901
0.39894
0.35574
0.39834
0.33559
0.31107
0.3302
0.31391
0.2902
0.084548
0.2902
0.33916
0.16335
0.39901
0.058862
0.34232
0.064149
0.37883
0.26035
0.14638
0.39438
0.35975
0.30931
0.35196
0.398
0.39623
0.017101
0.2806
0.3313
0.15586
0.31763
0.24624
0.23627
0.39823
0.39538
0.30241
0.32404
0.096428
0.19504
0.38801
0.21707
0.38979
0.34745
0.24475
0.34886
0.38366
0.20399
0.39851
0.35305
0.3937
0.29432
0.28343
0.35915
0.37782
0.34794
0.049145
0.34164
0.3029
0.12931
0.33214
0.3092
0.34744
0.38451
0.39793
0.13017
0.21989
0.20365
0.31228
0.046089
0.25592
0.28447
0.23824
0.11005
0.03017
0.32912
0.30236
0.32674
0.10042
0.37344
0.30595
0.21332
0.3987
0.090601
0.39857
0.070411
0.36745
0.38811
0.36531
0.38494
0.33927
0.33182
0.3151
0.18413
0.39591
0.30279
0.39403
0.15102
0.25486
0.30037
0.096645
0.16315
0.38475
0.1522
0.36697
0.38994
0.19596
0.19406
0.32112
0.39817
0.29839
0.17307
0.097595
0.39268
0.11406
0.32891
0.15799
0.3276
0.044556
0.14348
0.39506
0.020344
0.3234
0.08987
0.16054
0.16633
0.33867
0.32159
0.3947
0.20039
0.39467
0.3814
0.2598
0.15774
0.30583
0.008866
0.38806
0.38066
0.39045
0.37352
0.38972
0.30905
0.35601
0.24786
0.39831
0.3009
0.11605
0.048224
0.31838
0.39849
0.1575
0.38514
0.3609
0.20138
0.3987
0.32799
0.19471
0.28964
0.32717
0.37813
0.3532
0.26232
0.34642
0.16383
0.24926
0.37545
0.33416
0.39896
0.37783
0.26
0.27403
0.36112
0.38377
0.082911
0.16222
0.39132
0.37893
0.19557
0.0092396
0.042034
0.33326
0.25521
0.38707
0.34059
0.38156
0.22551
0.33257
0.39849
0.12795
0.2581
0.39792
0.083401
0.3267
0.25895
0.39625
0.37951
0.38889
0.39495
0.24665
0.39894
0.39328
0.39592
0.22711
0.30275
0.34454
0.34854
0.38528
0.36869
0.19704
0.34676
0.37716
0.32364
0.34634
0.34218
0.39571
0.17298
0.34593
0.38585
0.39493
0.21239
0.36437
0.39693
0.23865
0.035116
0.2542
0.14124
0.15736
0.39192
0.38812
0.37378
0.3988
0.36477
0.11349
0.36619
0.39686
0.32895
0.35266
0.39132
0.32199
0.17333
0.30752
0.36881
0.36962
0.39392
0.099951
0.37718
0.23574
0.32773
0.31606
0.39119
0.33292
0.32804
0.24464
0.28302
0.39837
0.37436
0.23706
0.36803
0.081102
0.36604
0.39439
0.066657
0.39576
0.20583
0.25269
0.18389
0.3935
0.39781
0.047632
0.39668
0.15075
0.28382
0.18264
0.083686
0.21081
0.34072
0.29503
0.33398
0.042637
0.14899
0.30242
0.37994
0.15858
0.23312
0.39706
0.37849
0.3577
0.39434
0.32698
0.39887
0.23295
0.32087
0.38652
0.062897
0.39422
0.3629
0.043477
0.023665
0.349
0.17059
0.32137
0.11382
0.39761
0.39865
0.28959
0.37479
0.12883
0.31668
0.3865
0.32181
0.12101
0.39095
0.29264
0.34598
0.16135
0.3947
0.39841
0.3376
0.26231
0.39582
0.13765
0.37802
0.22293
0.29329
0.35939
0.38217
0.3343
0.034754
0.37046
0.29086
0.32161
0.39894
0.23682
0.12573
0.36521
0.39298
0.032998
0.38989
0.047955
0.33205
0.16702
0.29332
0.2867
0.25642
0.36738
0.082873
0.37368
0.37752
0.26771
0.22919
0.26499
0.10491
0.35125
0.39255
0.22329
0.30301
0.19053
0.26344
0.21221
0.39793
0.043775
0.39904
0.18031
0.25774
0.28351
0.34307
0.32953
0.3929
0.24145
0.040259
0.38733
0.25477
0.38076
0.39318
0.35004
0.11156
0.39904
0.38978
0.31128
0.19341
0.16961
0.39904
0.39647
0.3598
0.024275
0.37508
0.39705
0.39819
0.37716
0.20567
0.39831
0.39847
0.34104
0.13196
0.3135
0.38774
0.39132
0.32665
0.3148
0.35103
0.34547
0.23714
0.14487
0.36837
0.26865
0.36822
0.2197
0.20766
0.37062
0.39598
0.027761
0.3965
0.036366
0.28892
0.28582
0.2738
0.032657
0.25642
0.32634
0.20177
0.24333
0.16338
0.39469
0.39111
0.056563
0.38772
0.39901
0.23209
0.30703
0.15624
0.28689
0.33881
0.3844
0.2724
0.23512
0.052565
0.32982
0.090372
0.39862
0.39017
0.25026
0.13596
0.071448
0.38019
0.37448
0.28357
0.28295
0.079877
0.37626
0.15102
0.16316
0.38865
0.33575
0.38076
0.10423
0.1976
0.18412
0.39686
0.38836
0.35595
0.38338
0.17211
0.15745
0.32982
0.099178
0.39899
0.37945
0.21036
0.36967
0.39064
0.38906
0.35652
0.11637
0.29197
0.35502
0.31831
0.0022981
0.1359
0.08666
0.32915
0.39218
0.37898
0.033894
0.3919
0.31311
0.31059
0.15392
0.12492
0.17958
0.38176
0.38879
0.23967
0.1038
0.37939
0.39784
0.39902
0.12531
0.31839
0.37985
0.24972
0.3009
0.10524
0.2581
0.33728
0.17404
0.35683
0.30708
0.35133
0.14375
0.18783
0.28402
0.33834
0.39782
0.15901
0.16236
0.399
0.064888
0.23832
0.06184
0.38202
0.19284
0.20416
0.1953
0.073219
0.37638
0.028801
0.22093
0.090113
0.31499
0.36833
0.37636
0.06934
0.28679
0.39108
0.36261
0.27513
0.26841
0.15203
0.14184
0.35266
0.14085
0.32942
0.066422
0.093081
0.27898
0.27187
0.38863
0.35554
0.33455
0.1384
0.28774
0.14178
0.30077
