0.067094
0.11239
0.18419
0.65568
0.0019131
1.3033
0.11553
0.24222
0.65371
0.09493
0.61832
0.14454
0.11772
1.2454
0.23941
0.50868
0.64632
0.41087
0.87471
0.3962
0.34342
0.10881
0.12668
0.095518
0.62169
0.68926
1.1192
1.3865
1.131
0.20636
0.2824
0.6227
0.6787
0.8948
0.3817
0.17261
0.21728
0.24621
0.89369
1.3694
1.1752
0.12037
0.87269
1.2903
1.3812
1.2277
0.41271
0.13399
0.38342
0.091177
0.19025
0.026055
0.19652
0.15394
0.90675
0.12047
1.3866
0.92041
0.88692
0.24981
0.31432
0.21372
1.0178
0.97207
0.25579
0.74913
1.3676
0.35252
0.66639
0.34393
0.26791
0.37851
0.32634
0.14187
0.55179
0.14582
0.49094
0.53465
0.91772
0.97732
0.68237
0.22341
0.092723
1.0948
0.098498
0.15089
1.2468
0.039375
0.27043
0.72961
0.097296
1.2335
0.85357
0.24904
0.14103
0.62449
0.077947
0.375
0.12237
0.43877
0.24912
1.1827
0.28329
0.56795
0.21455
1.0157
0.32085
0.57933
0.24673
0.65627
0.15021
1.304
0.065493
0.13975
0.32773
0.26639
0.52037
0.17769
0.56622
0.42365
0.18201
0.37969
1.3511
0.20718
0.14424
0.019989
0.037821
0.21252
1.3532
1.3694
0.56837
0.2038
0.86331
0.15007
0.070275
1.2768
0.59043
0.44981
0.33049
0.13284
0.6305
0.024756
0.094412
1.0761
0.28234
0.79208
0.20734
1.3543
0.11693
0.060047
1.2921
1.2882
1.0129
0.10496
0.051565
0.65105
1.3331
0.49278
0.719
1.0595
0.18454
1.1736
0.19916
1.3519
1.3434
0.83133
0.02006
0.28628
0.98946
0.83567
0.73209
0.075764
0.25958
0.64091
0.63112
0.49008
0.99665
1.0059
0.18217
0.53259
0.46438
0.95353
0.097772
0.25247
0.73717
0.78696
0.080189
0.60093
0.66598
0.39686
0.31698
1.3864
0.062663
0.59442
0.83208
0.61521
0.34328
0.48373
1.2564
0.065457
0.50851
0.66735
0.98607
1.3858
0.18969
0.094963
0.15171
0.18302
0.18835
1.2746
1.3161
0.50585
0.19201
0.27625
0.075945
0.15087
0.025965
1.3799
1.0453
0.1312
1.2377
0.037507
0.54174
1.2828
1.1543
0.30458
1.35
1.3759
1.0263
0.18205
0.36521
0.98794
0.16087
0.95646
0.45915
0.26814
0.98425
1.3573
0.33042
0.48442
0.38106
0.092945
0.29374
1.0914
1.2873
0.81879
0.14562
0.98512
1.3135
0.13381
1.3141
1.3223
1.3532
0.18224
0.50063
0.097698
0.20201
0.097723
0.16024
0.19285
0.38528
1.2936
0.29409
0.44749
0.072775
0.71419
0.27814
1.1057
0.12727
0.71896
0.45214
0.61919
0.30445
0.61145
0.85095
0.075284
0.43203
0.26136
0.75778
0.17093
0.020528
0.16693
0.3698
0.37695
0.1797
0.05167
0.22125
0.089232
1.3648
1.0622
0.99377
0.2521
0.11377
1.0711
1.0315
0.093354
0.18071
0.3491
0.90319
1.0318
0.31562
0.35964
0.73662
0.71063
0.074999
0.71631
0.15467
0.030797
0.7278
0.96435
0.26946
0.96573
0.16213
0.02323
0.5432
1.3788
0.131
0.17625
0.13117
1.3361
0.56918
0.2774
0.10923
0.4271
0.38261
0.18682
0.36302
0.31723
0.46342
0.12005
0.88999
0.40021
1.2851
0.43523
0.078245
1.3781
0.37057
0.2791
1.1182
0.085495
0.55199
0.48502
0.66688
0.59046
1.086
1.2687
0.14223
0.11425
0.26431
0.12323
0.99853
0.20936
0.19108
0.14218
0.7939
0.2076
0.11385
0.093306
0.25999
0.34974
1.3081
0.80939
1.3843
0.30501
0.38032
0.2288
0.76636
0.24478
0.46487
0.13513
0.7414
1.1441
0.85518
0.58847
0.3667
0.14109
0.43922
1.2267
0.034234
0.56697
0.139
0.5985
1.2661
0.78995
1.3827
0.22039
0.15282
1.3539
0.18557
0.16558
0.21284
0.91331
0.49836
0.36474
1.3784
0.18876
0.283
1.3878
0.21858
1.0509
0.26919
1.2509
0.17182
0.67987
0.13723
1.3055
0.59044
0.53145
0.7549
0.10033
0.15181
0.2823
0.9989
0.65293
0.18889
0.96664
0.76326
0.22925
1.1343
0.04119
0.11393
1.3831
0.4543
0.77582
0.33373
0.83919
1.3648
0.69115
0.86876
0.13976
1.3888
0.069723
0.019605
0.2163
1.2744
1.0917
0.44947
1.0682
0.23632
0.74503
0.26989
0.76276
1.3664
0.19441
1.3761
0.34552
0.24549
0.58837
0.41397
0.20662
0.86681
0.062101
1.358
0.076544
0.10504
0.39304
1.2815
1.1434
0.2204
1.1677
0.32124
0.66778
0.95255
0.14986
0.78415
0.56963
0.4619
0.14357
1.3412
0.44477
0.10405
0.45978
0.29687
0.45039
1.3671
0.31802
0.12795
0.24993
0.39193
0.1489
0.61364
1.3583
0.49831
0.084319
1.2804
0.066697
0.088758
1.1214
0.12705
0.45887
0.43268
0.54157
1.2994
0.19007
0.54196
0.17577
0.48385
1.3156
0.27569
0.3543
1.3778
0.67146
0.29349
0.91722
0.7034
0.034521
0.36659
0.2439
0.63839
0.13886
0.3168
0.51082
0.77867
1.3883
0.91194
0.20718
1.3745
0.18607
0.60232
0.30435
0.19926
0.11007
0.11631
0.57166
0.51097
0.13315
0.10239
0.34034
0.027196
1.3535
0.98037
0.37689
0.31566
1.1402
1.2984
0.24374
0.65192
0.42197
0.2958
0.087547
0.23804
0.8546
1.3777
0.73081
0.28019
0.29199
0.34425
0.52332
0.19579
1.0757
1.2907
1.3008
0.28779
1.1776
1.2953
0.43591
0.3793
0.30378
0.87887
1.3407
0.27062
0.4731
0.19232
0.095591
0.38718
0.14909
0.29493
0.39037
1.2802
1.0639
1.3743
0.47381
0.23386
0.14868
0.19837
0.48824
1.3327
1.2153
0.94818
0.0083452
1.3759
0.79138
0.083836
1.3696
0.50569
1.3186
0.75112
0.36595
0.61681
0.047204
0.54708
0.76333
0.38067
0.016462
0.36991
0.16048
0.14131
0.45579
0.70772
0.15977
0.77531
1.3204
0.8333
1.3848
0.74728
0.55287
0.68257
0.20033
0.023296
1.3322
0.10156
0.32912
0.069743
0.66134
0.72347
0.65746
0.776
0.96444
0.070819
0.53337
0.61103
0.71961
1.1875
0.24426
0.20736
0.14658
0.23863
0.16582
0.69811
1.0267
0.25613
0.13117
0.033478
0.22952
1.3875
0.21692
0.96667
0.051008
1.1189
0.10954
0.070267
0.39412
0.16127
0.20861
0.094745
0.13139
1.1242
0.83429
1.3441
0.34562
0.44608
0.33875
1.3649
0.10089
0.10942
1.0494
0.16008
0.13068
1.2013
1.0292
0.38698
1.3555
0.12666
0.037859
1.2511
0.549
1.3741
0.23805
1.023
0.16347
0.10736
0.28353
0.19331
1.0588
0.26931
0.28961
0.28966
1.0682
0.15452
0.15509
0.5437
0.053283
1.2491
0.078849
0.14604
0.16784
1.0855
1.1319
0.42394
0.38111
0.10912
0.057034
0.85058
0.85518
0.1266
0.13991
0.26245
0.1806
0.62446
0.10913
1.2981
0.86121
0.69212
0.15499
0.01966
1.1739
1.0689
0.19857
1.3351
0.35669
0.37467
1.2291
0.23562
0.13244
0.28548
1.1003
0.41103
1.0849
0.034726
0.48425
0.8889
0.11932
0.19588
0.31652
0.29369
0.87208
0.088004
0.15197
0.80893
1.3733
0.45364
0.66762
0.049303
0.1438
1.3775
0.84924
0.70183
0.41714
0.29351
0.35354
0.28503
0.21007
0.52883
0.18461
1.3063
0.41783
0.12904
0.72616
0.69244
0.35263
0.45708
0.25285
1.0374
0.050059
0.93312
0.91645
1.3494
0.74854
0.59385
0.54178
0.044596
0.70337
0.28992
0.55924
0.085866
0.49935
0.81152
0.075785
1.3042
1.2613
1.3367
0.17397
0.58492
0.22837
0.19501
0.099427
0.5291
0.67548
0.27337
0.93067
0.64108
0.35912
1.1382
0.1595
1.3729
0.8429
0.94923
0.20172
0.22678
0.23818
0.576
0.22387
1.0832
0.47146
0.70711
0.9184
0.77027
0.14536
1.2514
0.50405
0.10518
0.72604
1.1675
0.23475
0.091697
0.83966
0.23738
0.08351
0.59163
0.086837
0.20733
0.38961
0.2086
0.12301
0.42073
0.12311
0.91838
0.05505
0.73445
0.13839
0.38706
0.27486
0.7988
0.77243
0.11846
1.3767
0.5029
0.025432
0.88754
0.71138
0.22713
0.10412
0.27703
0.14717
0.61266
0.43831
0.076824
0.19015
0.14176
1.1762
1.1868
0.94868
0.67325
0.53625
1.2684
0.20858
0.10214
0.1177
0.53425
0.81222
0.27228
0.3164
0.039087
0.47003
0.20297
0.87656
0.084236
0.55639
0.027165
1.1029
0.2382
0.66177
0.82425
0.37366
1.3242
0.46154
0.2801
0.59431
0.10631
0.17422
0.4082
0.07161
0.24457
0.18925
1.0136
0.75201
1.3378
0.41217
0.10786
1.3886
0.10976
0.93428
0.078408
0.040029
0.8032
0.41764
0.018614
0.26044
0.33669
1.2487
0.58417
0.090397
0.44664
0.41154
0.19719
0.61737
0.23795
0.75442
0.42471
0.079146
1.0791
0.65138
1.1471
1.278
1.0987
0.10627
1.3722
0.67591
0.28864
0.1796
0.60016
0.38485
0.6706
0.57414
0.62954
0.31461
0.18973
0.27214
0.16963
0.12759
0.1503
1.3846
1.1278
0.077116
0.11504
0.36621
0.22335
0.7688
0.60072
0.25164
1.3456
0.13477
0.21292
0.71081
0.098491
1.3603
0.81148
0.69794
0.059687
0.40827
1.0641
1.3859
0.20927
0.83624
0.33943
0.53091
0.8717
0.25531
0.49114
1.3044
1.1782
1.358
0.10225
0.26896
0.96738
0.23305
1.2894
0.23016
0.88514
0.24704
1.1542
0.97421
0.19539
0.11016
0.30233
0.28327
0.91594
1.0908
0.92178
0.44577
1.3636
0.2794
1.3784
0.42051
0.40678
0.25418
0.12176
0.29459
0.050811
0.42237
0.13724
0.40863
0.18966
0.51586
0.41502
0.2181
1.3412
0.84674
1.3352
0.036091
0.33657
0.17615
1.0153
1.1115
0.42442
0.19878
0.71254
1.0178
0.15027
0.17159
