-0.17633
-0.40978
-0.25948
-0.577
-1.9971
-3.5442
-0.94001
-0.024382
0.99214
0.55549
0.759
-1.0742
-1.9786
1.0778
-0.43019
-0.050778
0.8912
-0.97508
-0.17197
0.28107
-0.45892
0.97911
2.9805
-0.69281
1.038
0.46664
-2.2241
1.9615
0.17164
0.6841
0.3182
-2.3839
1.386
0.015621
-0.86871
0.028166
0.24104
-0.43975
0.0083991
0.59278
-0.87889
0.26869
-1.2614
-0.8929
0.18358
0.19696
0.57895
1.2695
0.49403
-0.38005
0.35783
0.18289
0.29203
0.5499
-1.0447
1.4974
-1.6008
1.5114
-1.0551
-2.974
0.23037
1.3809
0.62682
-0.013203
-1.3085
-0.50169
0.038545
1.2313
-1.2812
0.18665
-0.42162
0.50224
-0.58305
0.29859
0.20917
1.3673
-0.6493
1.5274
1.1856
-1.2681
0.50087
1.8357
0.51395
0.50386
1.4846
-0.31169
-0.21626
-1.0632
-0.92064
1.1974
-0.01462
-1.0034
-0.085915
-0.14568
1.8154
-0.77144
-0.43665
0.62682
0.26296
1.4536
0.48173
-1.5363
-0.90487
0.46329
1.1646
0.86032
0.62733
0.27026
-0.036822
-0.96528
-0.54944
-0.86477
-0.5713
0.65207
0.04269
0.34899
-1.6303
0.50082
-0.84459
-0.65072
-2.7294
0.12338
-0.26527
0.035268
1.5794
0.98029
0.62602
0.1104
1.2741
-0.71601
1.0362
0.03462
-0.068071
0.84296
-2.2879
0.74328
-0.36794
0.34359
0.16793
1.9426
-1.5171
-0.44335
-0.4361
-0.40805
-0.048028
-0.84149
-0.26041
0.38019
0.45234
0.64438
0.49569
-0.5132
0.8101
0.99501
-0.50497
0.66658
0.29607
0.75866
-1.6667
0.18485
-1.289
-1.4213
0.95888
-1.0923
-0.5812
0.54644
2.7762
0.27753
0.43663
1.2379
3.0176
-1.0861
0.15508
0.75414
0.1353
-2.2858
-0.63892
-1.0078
1.5703
1.129
0.02317
-1.4828
0.70492
-0.35255
0.084793
-1.4051
-0.3868
0.68893
-0.010494
0.21559
-0.80972
1.4885
-0.53897
0.011005
-0.060971
0.95761
-2.0046
1.6354
0.37472
0.62488
-0.35938
1.7893
-1.3811
-1.3097
-0.1684
0.038017
0.80926
-0.84797
0.96846
0.34847
-1.4923
0.30407
0.27775
-0.20412
0.32414
1.1477
0.05074
-0.21592
-0.77421
-0.72733
-0.1659
0.82777
-0.75337
-0.14628
-2.3297
-1.7561
-0.17094
0.71953
-2.3211
0.17316
-0.68923
-0.99922
0.4593
-1.5739
0.32147
-0.093328
0.18113
1.5332
0.68051
1.99
0.22164
2.1254
-0.28914
-1.5553
-0.91582
-1.3636
0.1241
1.6937
0.033608
-0.17628
-2.1394
-0.89072
-1.7792
1.3323
0.17706
1.2474
-0.82749
0.40599
0.32263
-0.60662
-0.43459
-0.47551
-0.21614
-1.3233
-0.32905
-1.9133
0.47167
-0.37966
-0.38298
1.2518
0.97573
-0.72716
0.13513
-1.323
0.87563
-0.17841
1.2652
-1.8031
0.24611
-0.77881
-1.6689
-0.10974
0.64637
-0.88548
-2.8247
1.7024
-0.54408
0.021758
-0.67853
0.26331
-0.04632
-0.73759
0.59088
-0.053107
0.40078
0.94691
-1.178
-1.2827
-0.80641
-0.35383
0.73128
0.66598
0.61375
-0.19582
-0.72568
-0.40621
-1.5729
0.84464
-0.45195
-0.53372
0.41414
-0.47455
1.3583
-0.17882
0.87639
0.051089
0.10231
-0.31878
1.4801
-0.3223
-1.2411
-1.5104
-1.6496
1.3218
0.074248
-0.48605
1.0802
-0.16711
-0.84577
-2.1567
0.35349
0.94181
0.22708
1.1563
-2.1811
1.4306
0.23317
0.30878
-0.40601
0.64064
-0.024926
0.34349
-0.6627
-0.37047
-0.48525
-1.9977
-0.020819
-1.0293
0.57816
-1.1004
1.4449
-0.0033337
-1.0611
2.1503
1.0806
0.96105
0.86893
-1.572
-0.69902
-0.27689
-0.34719
0.18706
0.98918
-1.0255
-0.90209
-0.42217
1.0701
-1.2651
0.58885
-1.3676
-1.1128
0.12091
-1.2399
-0.083756
-0.2042
-0.03964
0.27059
0.99791
1.0252
0.75586
-0.4388
-1.547
-2.2514
-0.0070415
-1.9996
0.16745
0.98106
-0.27132
-0.94382
0.70619
0.46649
0.23293
2.036
-0.4594
-0.87983
-0.26325
-0.37879
-0.82045
-0.89726
-0.029138
-0.064583
1.0175
-1.1151
-0.11344
0.34687
-0.61454
-0.11921
1.2289
-0.87453
-0.45327
-1.0481
-0.97736
1.0526
0.15903
1.4817
-1.7172
-0.25868
-0.71439
1.4083
-0.75201
-0.89638
1.1204
-0.097894
-0.43647
1.3378
1.2871
-0.93542
-0.62092
0.32965
0.30395
-1.3397
-0.67684
0.65499
0.17124
-0.20224
0.15571
-2.2675
-1.1426
-0.34832
0.76358
-2.209
0.016383
0.29819
0.069957
1.5229
-1.2902
1.1312
-1.1007
-0.28877
-2.0835
-0.90358
0.31932
0.23144
-0.79929
1.2661
1.1663
0.71851
0.53515
-0.84843
-2.1677
-0.71222
-0.091963
-0.48867
-0.037246
1.3072
1.1121
0.38156
-0.93172
-0.68544
-0.43686
-0.73686
-0.074094
-1.3931
-1.314
1.4283
-0.99808
-1.0396
0.022804
0.79138
-0.36417
-0.23538
-0.75564
-1.167
-1.0799
0.2104
-1.1888
0.88942
-0.89895
-1.0432
-0.65391
0.33569
-0.10009
-0.86533
-0.31527
-0.63275
0.67189
-0.1396
-1.0761
-0.47079
-1.4087
-0.29062
0.39959
-0.0027585
-0.51609
-0.23262
-0.54236
0.78573
-2.4576
-1.6908
-1.4284
0.38363
-0.29821
0.64506
1.6975
-0.078764
-1.5549
-0.55607
0.23038
-2.3906
-0.45416
-0.17894
-0.99336
-0.68884
1.3936
-0.62589
0.70255
-1.0951
-0.54002
0.81666
-1.7351
0.15346
0.71325
0.43014
1.2828
-1.2081
1.8979
-0.75001
-2.1179
-0.71551
-0.7982
-1.3107
1.168
0.41565
1.2476
-0.49501
-0.6517
0.3296
-0.14826
1.3788
0.50601
0.14719
-0.86675
-0.54858
-0.97342
-0.7164
1.8185
0.012781
0.22526
-1.0142
-0.58451
1.8123
-1.2465
-1.317
-0.59009
-0.16757
-0.22348
-0.059849
-0.008545
0.45635
0.41354
-0.67693
0.54174
-0.85859
0.66168
-0.086038
-0.080492
-0.38392
1.578
-0.48732
-1.1463
-0.84048
-1.0001
-0.14109
0.90172
1.4989
0.46656
-0.05487
0.68527
0.49979
1.0419
-0.13021
-0.091681
1.4211
-0.3093
1.7738
0.90281
-1.0614
0.28766
-0.77628
0.42933
1.1561
-0.25702
-0.072416
1.3659
0.22871
-1.3217
0.42959
-0.35703
-1.0607
-0.69135
-1.0508
-0.63045
0.46269
-0.90749
0.61921
-0.43722
0.54653
1.0048
0.010641
-0.3382
0.22046
-2.1228
-0.43328
-1.8114
-1.5397
1.0416
0.79543
0.50253
1.4114
-1.2413
0.5285
1.2245
0.34351
-1.3037
0.18277
-0.95483
-0.41945
-0.57845
0.91715
2.1481
0.95911
-0.51866
-0.33726
-0.25013
-1.0459
-0.33934
0.12918
-0.62386
0.030191
1.7122
-0.98534
0.34542
-0.6872
-0.083848
0.71704
-1.9443
-0.084222
0.0046176
0.34297
1.369
0.53926
0.51714
-0.32855
0.79765
-0.61339
0.77081
0.41485
0.75166
-1.6312
-0.05607
-0.3758
-0.60857
0.63269
-1.0822
-0.43016
-1.4036
-1.4285
-1.2
-0.69128
0.1962
1.9518
0.39342
0.76758
-1.4617
0.65526
-0.74896
0.86597
0.85978
0.94673
0.4259
-1.3621
-0.9015
0.45634
1.3778
1.7793
1.3289
-1.3152
-0.056042
2.0831
-0.95275
-0.40116
-1.3322
0.65349
0.16033
1.0166
0.21616
-0.64072
-0.78877
0.36628
-0.3525
-0.12744
-2.1835
0.92214
0.76057
1.4351
-0.71216
-0.61239
0.084317
-0.3456
0.016185
-0.01573
0.70158
2.664
-0.24251
-1.3061
0.10033
0.76153
-0.6467
0.64048
0.53032
0.25276
0.52502
-0.066779
-0.28375
0.3704
1.0489
0.48886
-1.0889
-0.36058
1.2094
-1.7775
-1.0024
0.2968
0.22837
0.23129
1.2416
1.7891
-0.11364
0.3206
-2.6795
-0.55961
-1.6664
-0.45512
-1.3157
1.1101
-0.20889
-0.30538
1.102
-0.14143
0.78079
1.096
1.2237
0.19078
-0.15756
-0.83031
1.0865
0.82985
-0.23859
0.99195
-0.72639
-0.28834
-0.22335
0.32784
0.24536
-0.67887
-0.04362
-0.7943
0.27469
-0.65801
-1.1814
0.23415
0.43159
0.32924
-0.23769
0.61357
1.1541
-0.17945
0.24046
0.56296
-0.90496
0.86033
0.84361
1.1988
0.9565
-0.95152
1.4778
0.10652
-0.8206
0.87423
0.3246
2.126
-0.3767
-0.3592
-0.90168
-0.1384
2.0696
-0.67244
-0.82638
-0.40433
-0.43237
0.39723
-0.74019
-0.54218
1.0581
0.34465
0.019076
-0.64218
-1.4336
0.016772
-0.82815
-0.40064
-0.63924
-1.1829
0.41378
-1.4816
0.6321
0.41663
0.040339
0.68892
0.10062
0.30543
0.27709
-0.79194
-0.57418
0.65943
0.97041
-1.0219
0.65858
0.43446
-0.65286
0.18483
-0.87873
1.2112
-0.023366
0.31769
-0.7367
-1.4197
0.79219
0.84391
-0.37873
0.042861
-0.196
-0.69586
-0.25572
2.0188
-0.18465
0.90327
-0.57578
-0.26006
-0.28875
-0.14281
-0.7148
0.080118
-0.931
1.2656
-0.48723
1.9431
-0.30736
2.2767
1.6426
-0.057833
-0.25714
-1.0841
2.1499
0.34928
-0.66797
0.48988
1.3118
-0.27329
-0.6088
-0.49295
-1.6892
2.0366
0.29189
0.88135
1.491
1.8938
-0.19703
-1.3491
-0.5871
0.11547
-0.11563
-0.142
-0.8624
-0.92759
2.4317
0.71333
-0.13027
-0.22608
-0.026411
1.2564
2.5499
2.5891
0.46085
-0.14743
-1.1685
0.08178
0.17067
1.4142
-0.95916
-0.22107
0.55056
0.049811
-1.1027
0.093284
2.4439
-0.86498
-0.12958
-1.2242
0.08378
-0.60502
-0.28491
0.030461
0.4049
-0.38309
0.18063
-0.41405
0.16815
-1.0824
1.3093
-0.81174
-0.75592
-1.0613
-1.1388
-1.4931
0.24641
0.66522
-1.1918
0.096653
-1.2091
0.94785
-1.8973
0.5189
0.40252
-1.2292
-0.19705
0.80242
0.53905
-0.27378
-0.94546
-0.92529
-0.41849
-0.2358
-0.79917
-0.9754
0.17571
-0.16047
-1.1275
-1.7527
0.53122
-1.0869
0.43891
0.021324
-0.41451
1.3838
-1.6095
0.18845
-1.8963
1.8594
1.2756
1.0263
1.688
-0.20151
-0.22937
-1.2012
2.5708
0.88613
-0.67674
1.2922
-0.5495
-0.7739
0.34257
0.53821
-0.57475
0.029141
-0.085388
1.0092
1.2765
-1.1105
-1.3599
-0.27792
-1.964
-2.493
-0.32821
-2.7923
-1.0468
1.2717
-0.31509
1.1839
-0.08381
0.17605
0.81798
0.86209
0.068972
2.1813
0.6621
-0.86953
-1.261
1.6408
-0.0014208
-0.32019
1.3867
-0.22272
0.61298
1.4597
-1.306
-0.87215
0.17303
-1.6068
1.1991
-0.11809
-0.23588
-1.9181
-0.15304
0.56279
-0.10904
0.24522
0.62127
1.6395
2.2584
-2.5506
0.73816
0.55319
0.81614
-0.75416
0.071065
1.2892
-0.16436
-0.1879
-2.4174
-0.0095006
-0.42596
0.58739
-0.53927
0.91275
1.4436
-0.67814
0.82133
-0.44021
0.97725
-1.2599
-0.57216
-0.052366
1.6917
-0.16133
-0.80746
1.8111
0.36744
-0.36942
-1.8723
-0.4954
1.0619
0.11601
0.84787
-0.77387
0.54815
-0.45244
-0.44873
-0.26485
0.012163
-2.7784
0.14319
1.4839
-1.8239
0.5806
0.06778
1.2169
0.28695
-0.48404
-0.4155
-1.704
-0.49637
0.19342
-0.016666
-0.16124
-1.3476
-0.62687
-0.1694
-0.44161
0.80188
-0.3574
1.6197
1.8021
1.0309
-0.26734
-0.34148
0.37103
-0.47911
1.4018
0.13776
1.6412
1.6273
-1.3178
-0.77609
0.42908
-0.85286
-0.89743
-0.37476
0.92168
-0.20506
-0.3678
0.783
0.2867
0.30871
0.10645
-1.5001
-0.086817
-0.0018157
-0.1934
-1.5403
0.31726
1.3103
1.157
-1.2422
0.12782
0.52004
0.20748
1.0858
0.64266
0.75918
-0.14427
-1.4015
0.82996
-0.7926
0.99685
0.83145
-0.043207
0.11926
0.15489
-0.57135
1.1863
2.2454
-0.83585
-0.81545
1.3767
-1.7579
-1.4264
-2.2431
1.0215
-0.92094
-0.50647
0.2628
-0.51192
0.27376
1.0284
1.0999
0.89861
-2.383
0.19806
-1.1793
-0.49908
-0.26919
-0.13265
0.56623
0.54238
-0.70996
-1.1327
0.99086
0.44475
-2.6082
0.98317
0.52012
-1.4512
0.6237
2.2741
0.64273
-1.4027
-0.1159
-1.8211
1.6192
-1.1745
-0.86182
0.74389
-1.4949
0.57232
-0.70591
1.5599
-0.092209
-0.23978
0.27588
0.68199
2.4029
1.4428
3.1956
0.6466
-0.71028
-0.4543
1.448
0.3557
0.44255
-1.1991
1.9598
0.63544
1.6694
-0.68921
-0.31033
0.61852
1.7469
-0.4886
-0.85203
-1.6144
1.973
-0.38168
0.2478
-1.2716
-1.6881
-0.072213
1.0971
0.14204
0.32491
0.48791
-0.63737
-0.071786
0.0019958
0.67303
0.53006
1.7244
-0.063348
-0.37123
-0.30432
0.76621
0.88004
-0.4658
-0.3956
0.023973
-0.28583
0.28042
-0.14396
-1.8034
0.71267
1.3958
1.637
-0.61444
0.52241
-0.81674
0.27059
0.54389
-0.68488
-0.53409
-0.67866
-2.1637
0.57889
-1.1119
1.0301
0.18477
-0.27014
1.1187
2.1018
-0.92506
0.93606
0.016644
1.8821
0.17214
-0.2473
0.39792
1.964
-0.88298
2.6094
-1.7861
-0.074664
0.54042
1.0417
0.57441
-0.28971
1.9086
0.94583
-2.5183
0.097562
-0.86412
1.0626
-1.7366
0.6952
-1.1253
0.89806
-1.5909
1.1584
0.68978
0.17606
0.13112
0.40872
2.2969
2.0276
0.60099
0.2193
-1.562
0.67502
0.78368
0.82374
0.24396
-0.16386
1.8067
-0.55099
0.4291
0.19595
-0.71959
0.85858
-0.71393
0.7421
-0.13516
-0.9427
-0.52064
0.98799
-1.109
0.95639
0.3416
-1.2539
-0.70277
1.6644
0.28059
-1.7588
0.53948
-1.027
0.86016
-0.98396
-0.15831
-0.55565
0.32112
0.51246
-0.82384
-0.91004
-0.62711
-0.66559
-0.19007
0.89781
1.0024
1.3364
1.5112
0.016261
1.3368
-1.1255
-1.4616
0.13638
-0.048434
1.0177
-0.76538
-0.53036
0.37414
-0.77365
0.74478
0.36898
0.42263
0.94202
0.08742
0.73669
0.23945
-0.34201
-2.2516
0.39198
0.51664
-0.0012856
-0.81427
-0.34384
-0.042804
0.43758
1.1234
0.80178
-0.96384
0.26738
-0.40279
0.17776
-0.043786
-0.034363
-0.64177
0.66565
-0.98714
-0.016006
-0.19487
-0.074783
-1.3238
-0.8569
0.027766
0.94874
-0.55326
1.8009
-0.69878
1.5619
0.095786
0.61889
-1.0528
0.1599
-0.52972
0.50247
-0.44654
0.80244
0.5148
0.29051
1.7706
-0.80908
0.8323
1.3907
-1.2941
-0.8406
1.4228
-0.33537
-0.76779
0.05054
-0.10891
1.1615
1.336
-0.66915
-0.34256
-1.1229
-0.0075655
0.20791
0.47974
2.046
0.97643
-0.15326
0.020379
1.0005
0.99241
-0.52278
-1.3234
0.76086
-2.0217
1.3566
0.18082
-0.96427
0.32642
0.81238
-0.80521
-1.085
-1.2515
0.70838
0.5077
-0.13564
0.37796
0.40432
1.472
-0.17692
-0.21967
-0.71146
0.19439
0.027159
0.93618
-1.1833
-0.94474
1.8388
0.3052
-1.3746
0.1094
-0.31782
0.53128
-0.5307
-0.29272
2.0126
-0.20445
-0.58222
0.062573
0.29617
0.36649
1.0837
0.11536
0.60839
-0.3774
0.057405
-0.84602
-0.64691
-0.75493
0.037507
0.90675
0.85912
0.12529
1.3159
1.6733
1.6896
-1.0299
-1.3951
0.73705
0.27607
-0.64954
0.071692
-0.60604
0.023672
1.0734
-1.4725
-0.077954
0.46376
-0.54961
-1.0864
0.63883
0.11322
0.69982
0.83488
2.7254
-0.36534
-0.17476
-0.22134
-0.026677
-0.67143
-0.43045
-1.1926
0.70466
0.37908
-1.6346
-1.5325
-0.55443
-0.31715
0.041183
-1.5135
1.1891
0.2202
-0.4352
-0.15172
-0.53101
-1.2944
-0.85976
-0.18414
0.21565
0.89088
1.2052
-0.44636
0.88978
0.46763
-0.37943
-0.35396
0.17076
-0.023591
0.066135
0.28663
-0.044636
-0.42607
1.1876
2.0688
0.78145
0.3057
0.92515
-0.020045
-0.6667
1.7079
0.66013
-2.1838
-0.43717
0.10721
0.23289
1.3283
-0.68548
-2.1388
0.4039
0.078052
1.1896
-0.12918
0.61936
-2.3453
-0.25521
0.18104
-0.044949
0.98648
0.6948
-0.44666
0.90974
-1.6796
-0.5962
1.4428
0.244
-0.069668
1.1483
-0.12013
-0.17457
0.93339
1.2338
-1.1465
1.0792
-0.49698
-0.51875
0.68135
-1.0446
0.66088
0.85985
1.2554
-0.15603
1.3099
-0.56281
1.348
1.8335
0.36375
1.4862
0.096835
-0.14898
-0.3888
1.3119
0.24067
-0.34639
0.12284
-2.6433
-0.80078
0.42482
0.58254
-1.7915
-1.1787
-0.97456
0.81466
0.26352
-1.6977
0.3631
-2.137
1.2584
-1.101
-0.2122
-0.31956
-0.43933
-0.21767
-2.1955
0.009847
-1.8225
-0.17213
-0.50962
0.89907
-2.8583
0.74229
1.3966
-0.98783
0.16585
-0.13248
0.34376
-0.066524
0.89397
-0.21663
-1.5187
0.98882
0.90117
-0.081366
0.75652
2.171
-0.065877
0.12099
0.97466
-1.0252
-0.72182
0.9352
1.9319
0.63532
0.90765
0.21158
-0.41324
0.54414
0.7697
1.3328
-0.97236
0.60759
-0.77516
-0.52154
0.88176
-1.1945
-0.7857
0.11104
0.89462
-1.042
-0.86017
0.99908
-0.43867
0.36125
1.3521
-0.52943
-0.86428
-1.3026
0.16031
-0.86887
-0.61532
-0.043783
-0.64899
0.75847
-1.5701
-0.53864
-0.36748
1.5073
-0.99112
-2.9236
0.10818
0.017489
-0.0061768
-0.17797
-1.0971
1.5509
-0.9569
-1.4316
0.78577
1.0269
-0.072062
1.593
1.517
-1.9791
-0.35259
-0.3082
-0.23998
0.29848
0.85052
-0.85621
1.193
1.0995
-0.734
0.89349
0.55441
-0.1492
1.6113
1.4279
-0.17503
-0.33951
1.8816
-2.0367
-1.8085
-0.4276
0.52886
-0.89047
0.63494
0.95792
-0.2465
-2.012
-1.2883
-1.065
-0.74129
0.15256
-0.039604
1.4186
-0.10155
0.5757
-1.7752
0.12958
-0.12859
-1.1983
-1.3451
0.39603
0.35762
0.28555
-1.4932
-0.085113
-0.63155
0.19695
0.66544
-1.5455
0.97432
-0.67751
-1.1532
0.8447
0.88642
0.79809
1.8667
-1.2038
0.9037
-0.52722
0.60159
-2.1809
1.7339
-0.18551
-0.32635
-1.0741
-1.473
-0.75576
-0.76027
1.7526
-0.22924
0.42477
-0.15266
0.060631
-0.93975
0.18927
-0.15411
-0.51645
-0.078638
0.060255
0.27624
-1.0091
0.926
-0.93119
0.69504
-0.097289
-0.15151
-1.2454
0.27245
-0.082221
-1.0498
0.12799
-0.086317
1.0921
0.31257
0.29034
0.88666
-0.78246
-1.575
-0.91734
-0.17002
0.64623
0.84421
1.659
-0.74036
0.66506
2.482
-1.4476
0.83084
-0.82754
-0.11216
-1.1533
0.37016
0.83362
0.85004
-1.4156
-0.0079743
0.69706
-0.54746
-0.28946
0.28762
0.49288
-1.1123
-0.90825
0.051239
-1.3813
-0.010573
-0.54076
0.22555
0.010521
-1.1832
-0.3637
-1.8492
0.17625
-2.0152
0.20309
-0.075952
-0.19973
2.3093
-0.89012
0.16003
-0.83903
0.27062
0.83428
1.2275
1.6385
0.30677
-0.58398
-0.77503
0.37719
-0.7411
1.3525
-1.0236
1.0829
-0.19825
-1.1981
1.6273
0.56689
0.70497
1.1994
-0.1002
-1.129
0.21097
-0.97186
-0.052131
0.47478
0.71612
0.2767
0.2449
-0.50262
-1.2607
-1.5499
0.26978
-0.084738
-0.29179
-2.3494
0.70058
-1.0233
-0.056732
-0.53448
1.5004
0.77073
-1.0156
1.4958
2.0363
0.72533
0.51579
0.94314
-1.0504
-0.94254
0.26204
0.78432
-1.0454
-0.12388
-1.2956
0.50994
2.2553
2.0112
0.062512
0.4238
0.28318
-0.24479
-0.60702
-0.43092
0.47006
0.64294
0.8826
0.050682
-0.018901
-1.0301
0.37072
0.024263
-1.0663
-0.91082
-0.11685
-0.41049
0.42281
-1.1892
-0.40749
0.54565
0.26998
1.3843
0.97337
0.73665
0.15575
0.54178
-0.26783
0.015011
-0.0072488
0.52899
-0.97204
-0.33698
0.75414
1.4548
0.70973
0.83777
1.3374
1.3744
0.75921
0.72598
0.073063
-0.27602
1.1192
0.18105
-0.96911
0.77846
1.2785
0.40176
-0.0097696
-3.1388
0.5725
0.2342
1.2223
0.70074
-0.046718
-0.70274
-0.55746
0.73471
0.083596
1.5131
-1.5193
0.4329
0.97213
0.13658
0.72882
-0.26771
0.12095
0.84291
0.21442
0.34563
-2.6176
-0.09218
1.0166
0.63148
3.9978
-0.79751
-0.35413
0.043634
-1.9632
0.86808
0.28375
0.136
1.5879
-0.56196
0.13736
-1.531
-0.70513
-0.52357
1.9932
-0.63879
-0.066235
-0.92088
-0.44136
1.0458
0.19564
-0.67441
0.20822
1.6695
0.83348
-0.69072
-0.093403
-1.515
-0.5433
0.39893
0.87265
-0.30061
0.30687
1.9793
0.33719
0.10679
0.84084
0.24565
0.40325
-0.2635
-0.095015
1.3273
0.56668
-0.24176
-1.0681
1.1667
1.0839
-0.11826
-1.4765
-1.2368
-0.69683
-0.21356
-0.88268
0.73111
-0.090178
0.54751
-0.02514
0.6051
-0.23967
-0.78374
-0.50355
-0.47657
-0.98847
0.345
-0.31172
0.66442
0.8561
0.43721
-2.3788
-0.81765
-0.64428
0.19616
0.13969
1.5977
0.20265
-0.1769
0.72768
2.8395
0.087875
0.36645
-0.73173
-0.62459
-0.42386
-0.8152
0.47187
-0.39259
0.42882
0.046811
0.9998
1.7687
0.062149
-0.57877
0.43507
0.59554
-0.13513
1.1429
1.6791
0.77175
0.75046
-0.34275
-2.0415
-0.40314
0.0052499
0.25624
-0.7459
0.064025
-0.20921
-1.0262
-0.9419
0.0355
0.31093
-0.37863
-2.1068
-0.60818
-0.91326
0.08865
0.95785
0.30216
0.42768
-0.31826
1.3936
-1.2949
-1.3148
1.7021
-0.51015
1.3738
-0.031984
1.5484
0.054143
0.082462
0.67257
0.73358
0.23752
0.84362
1.5667
-0.24672
-0.39931
-0.081556
-1.7677
-2.2365
1.628
-2.2663
-0.2474
0.52514
1.0762
-1.6713
0.19955
0.72815
-0.099342
1.8952
0.94925
0.04201
-0.99359
-2.8361
0.11196
-0.65884
-0.81904
-0.47801
0.68327
0.37244
-0.84586
0.30801
1.4692
-0.45554
-0.20452
1.2457
-2.3737
0.40201
-0.83312
-1.4106
-0.63283
-0.27511
-1.6794
0.62446
2.2295
-0.82547
0.20566
0.4761
0.55319
-0.47324
-1.6345
-1.5426
0.1231
0.90574
0.65371
-1.6204
-0.92044
0.64572
-0.19565
-0.28777
-1.2421
-0.79306
-1.3593
1.0073
0.17683
2.6754
0.90129
0.54305
0.5115
-1.2287
-1.7627
0.62318
-0.92527
-0.14941
0.50409
0.95728
0.72767
0.77703
1.2329
0.31235
0.9073
-1.2068
0.4629
-0.61323
1.4063
0.91784
-1.2949
0.51693
-1.037
0.373
-0.015369
1.7475
0.071301
-0.41516
0.60555
-3.0902
-0.027209
0.97772
-2.0955
-1.838
0.52181
0.15463
-1.8987
0.061326
-1.6857
-0.63469
0.45512
1.2352
-1.2564
-2.2274
-0.55212
0.38149
-1.8437
0.45081
-0.69074
-1.1898
-0.23162
-1.3104
1.3834
-0.27982
0.11516
0.12219
-0.66565
0.21103
-0.3397
0.66986
-1.0832
-1.0195
1.7178
-0.09214
2.0242
-0.79472
0.51948
0.34481
0.17012
0.15524
0.6259
-0.37611
-0.89063
-0.86381
1.095
-0.58179
-0.42688
0.98379
0.1634
0.16095
1.1361
-0.65341
-0.63418
-0.31949
-0.96094
-1.6269
0.5077
-0.20529
-0.31481
-0.29152
1.4451
-0.77983
2.4362
-0.84324
2.2861
-0.47665
-0.19479
0.31112
0.7321
-3.1622
1.0767
1.336
0.81207
-0.15318
0.54044
-0.86723
-1.5232
-1.4106
0.40472
-1.2787
0.99454
-0.069048
2.1816
-0.37317
0.54037
0.25387
-0.058206
-0.13373
1.7419
1.3348
-0.34573
-0.67168
-0.25098
-0.41288
-0.67269
2.2213
-1.1119
-0.039424
1.1017
0.67054
-0.25399
0.79293
-1.1919
-0.1605
0.82509
-1.4558
0.39095
0.074144
-0.65833
-0.27505
0.40817
1.5219
0.97658
-1.5152
-2.2064
-0.65023
-0.48985
0.45006
-0.26454
0.48762
-0.22464
1.735
0.011567
-0.44635
0.050542
1.3567
-1.1438
-0.18444
0.50082
-0.42237
-0.086743
0.80052
-1.2671
-0.9281
-0.0010668
1.5745
-0.96891
-1.1203
0.10749
1.4674
-1.8602
-0.14646
-0.80254
1.7396
-0.0007813
0.83744
0.79898
-0.65101
-0.62211
2.6516
-0.55716
-0.31021
-0.077426
-0.92912
1.0543
0.71885
0.37675
0.22891
-0.0058492
0.78048
1.0748
-1.0335
0.57771
-0.41831
-0.31048
-1.1708
1.181
0.54904
-0.90696
-1.689
-0.12503
-0.59836
-0.33219
0.13392
-0.57184
-0.34566
-1.3198
0.47696
0.52493
-0.82389
-0.3082
-0.37782
-1.8618
-1.2434
0.10413
-0.69555
0.67458
-0.79143
0.056206
0.10799
-0.94351
-0.42408
0.88238
-1.6878
-0.95883
-0.69422
0.65792
0.0075674
-0.43232
-0.1136
-0.60061
-1.0767
-0.68838
0.89223
1.3956
0.22848
0.030509
0.28912
-0.0033812
-0.55903
-0.084388
0.20798
-0.36271
-0.29156
0.65767
0.20595
-1.4785
1.387
-0.82872
0.02099
0.090696
0.83237
-1.1484
1.0037
-0.22396
0.090655
0.80308
-0.48858
-1.2756
0.99543
-1.4065
-0.79145
-0.75548
-1.1149
1.0455
1.2247
-0.5034
0.19014
2.4091
1.0607
-0.46618
0.41202
0.093071
-0.79414
-1.1109
0.16801
-0.99916
-0.027173
-1.1825
-1.896
0.37458
0.41052
1.1185
-1.2933
-0.98712
-0.54977
1.6325
-0.73667
0.82168
-1.898
-0.76356
-1.0361
-0.025332
0.98146
1.2297
-1.1557
-1.2811
1.6756
-0.036821
-0.8242
-0.65355
-0.051297
0.65904
-0.31801
0.1071
-0.37122
0.11633
-0.49671
0.23206
-0.48321
1.9569
-0.0081727
0.91695
-0.097458
-1.4289
-1.3021
-0.22481
0.761
-0.32608
-0.33927
-0.087799
1.2166
1.2109
0.65357
0.94454
-1.3701
-0.49378
-0.37772
0.39771
0.31089
0.24312
1.2526
1.0117
-1.2762
-0.60774
-0.26718
2.3326
0.11885
1.39
-1.7014
-0.18168
0.10918
1.0751
-0.69483
-0.44033
1.0389
-1.1677
-1.4975
0.34155
-0.38846
-0.47885
2.0632
0.54716
-0.4727
-0.26037
-0.93736
-0.66196
1.3571
-0.31235
-1.2036
0.34754
0.76025
-0.55888
-0.0308
-0.14281
-0.982
1.0619
-0.25913
-0.49471
1.2413
-1.1137
0.65284
-0.90122
-1.659
0.13345
0.92634
-0.80773
0.66201
0.22294
0.40906
-1.0892
-2.1966
-0.17568
0.25628
0.97663
1.1451
-0.14632
-0.31725
0.12473
0.73393
-0.55438
-1.4846
0.28128
-1.1758
-0.78899
1.1907
-1.0821
1.1717
0.62042
-0.79215
0.4832
0.42067
1.3619
-2.4201
0.39562
0.32763
0.25523
0.060734
-1.0328
0.15619
0.2743
-1.3893
0.80475
0.097207
1.8751
-2.3536
0.10679
-1.396
-1.1723
-1.6855
1.9464
-0.038378
-0.62965
-0.071533
2.1733
-0.030436
0.067884
0.71436
-1.6306
-0.78145
0.35641
0.075556
-0.31667
-0.32786
0.75572
-0.72731
0.13953
0.95753
1.6564
-1.3637
-0.34194
0.88334
-1.1889
-1.0233
0.017874
0.23094
-0.64722
1.5509
-0.2476
-1.6882
0.066562
0.50374
-0.3294
0.80351
1.0568
-0.91749
-0.098547
-1.3813
-0.824
0.01795
0.35332
-1.214
-0.63733
0.092199
-0.024891
0.28947
1.0551
-0.78169
0.6594
1.1076
0.50423
-0.26838
-1.7582
-0.81111
0.10888
0.57661
-0.27799
1.3719
-0.23493
0.093034
-0.20219
-0.2016
1.0484
-1.2936
1.0942
0.40073
1.2968
-2.0755
0.50627
0.046597
-0.47667
1.5994
-0.9031
1.4541
0.084671
-0.41687
0.65596
0.57022
-1.1973
0.41209
0.23707
0.36962
0.0070772
1.3614
-0.41135
-0.87275
0.06292
-0.87577
-0.34595
-0.012006
-1.2944
0.17683
-0.84651
-0.037357
-0.60363
0.73065
-0.3517
-0.022215
-0.20002
0.20498
-0.56209
0.20879
-0.27116
-1.0783
0.19186
-0.65554
1.0164
1.3623
-2.1734
1.5071
-1.528
-0.64702
1.4645
0.79863
1.5568
0.62069
0.64885
-0.57167
0.56868
-0.84841
-0.84504
-0.7789
0.39361
0.33648
-1.4432
-1.6416
0.40882
1.2361
0.16995
-0.48653
0.33767
-0.61365
1.397
0.90239
0.95888
-0.31609
0.64265
-1.011
-2.3055
0.22967
1.8635
0.37837
1.37
0.052594
0.29123
0.17928
1.2434
0.11233
0.30051
0.78072
0.11938
1.2791
-0.43678
-0.093188
0.57528
-0.83309
-0.16553
-0.9406
2.1227
1.3753
-1.4763
0.87795
-0.71341
-1.2626
-0.31571
0.9905
1.0973
1.577
-1.1897
-1.1808
-1.2799
-1.1125
-1.0958
0.53656
-0.1444
1.0138
-0.76089
1.3666
1.1411
1.1545
0.20816
-0.54647
2.6917
1.1187
-0.12198
-0.33634
0.75481
-1.4295
1.8947
0.071417
-0.88322
-0.15469
1.4705
0.63087
1.1889
-0.51206
1.4648
0.070995
-0.96161
-0.61985
0.15837
2.3425
0.44627
-0.74812
0.50956
0.15447
1.3375
1.0011
-0.69532
0.23343
-0.77724
-1.3955
0.46207
0.91416
-1.0032
-0.47132
-1.1239
-0.91468
0.14846
0.16725
-1.858
-1.5851
-0.022443
0.71091
-1.173
-0.19683
0.022946
1.3495
0.38391
-0.35091
0.43454
1.6676
0.55303
-0.62092
-0.26246
-1.0044
-0.29995
-1.5913
0.35737
-1.7035
-0.28528
-1.4008
0.38946
-1.273
-2.5432
-1.6872
-0.94592
-1.1684
0.48237
-0.13292
-0.35517
0.72576
2.2303
1.8117
0.15754
-0.31723
0.79224
0.1437
-1.0929
-0.40802
-0.67886
-1.0085
1.4153
-0.23648
-0.31787
0.49932
0.68982
0.7439
0.62994
0.21801
0.46744
1.4328
0.61474
0.97649
-0.84465
1.0203
-0.18186
1.0418
0.6526
1.9381
-0.92312
-1.4394
-0.30977
-0.34514
-0.62064
1.857
-3.0557
-0.6533
-1.8913
-0.7047
0.45285
-1.0535
0.45227
0.49028
-1.6443
-1.6926
-0.74832
0.13742
-0.14804
-2.1166
-0.61262
-0.10301
-0.17939
0.19237
-2.264
-1.7291
1.8544
-1.235
-0.98896
-1.316
-0.49756
0.012467
2.2623
-0.62027
-0.56839
-1.0184
-0.7036
-0.31601
-0.5482
0.37736
-1.0594
1.3419
-0.56834
0.078368
1.4258
0.90571
0.57164
0.52059
-0.39656
-2.9909
-0.58134
-0.10426
0.034336
-2.8802
2.0927
0.11428
-0.074523
-1.7238
-0.32007
-0.3048
0.53235
1.0521
-0.70662
-0.30655
-0.47348
-1.0902
-0.71081
1.2754
-0.19102
-0.99222
-0.92623
0.93038
0.36828
0.9795
0.5582
-1.374
-0.054226
3.238
-0.046183
0.31291
-0.32642
0.72858
1.7997
-2.037
0.82787
-1.4853
1.3848
-1.5366
-0.25851
-0.20715
-0.31213
-0.72145
-1.4771
-0.74335
-0.25425
0.1132
0.13568
2.2374
0.19456
-1.7699
0.25984
-0.058644
-1.5885
-0.74036
0.50594
-0.87251
-0.79113
0.88023
-0.58256
-0.90706
1.2335
-0.071758
0.28542
1.3404
-0.74092
-0.83078
-1.5742
0.88483
0.48108
-0.97021
0.18985
0.5403
-0.71467
0.19977
-0.94685
-1.357
1.1429
-0.47366
1.1202
1.695
-0.32024
-0.072862
-0.45814
1.673
1.2906
0.85112
-0.5328
-0.24528
-1.155
-0.067225
