1.0942
-0.30935
-0.78179
1.4268
0.35971
0.32501
0.58236
-1.5021
-0.49397
-0.89429
1.4666
1.4794
-1.5055
-0.43594
-0.99414
-1.5161
0.471
-1.5048
0.63024
-0.4872
0.50739
1.6799
-1.4936
0.51975
-0.51065
0.93143
1.4415
1.3311
-1.4947
1.4432
0.84817
-1.4999
0.74199
1.046
-1.2727
-0.49504
-0.48853
1.6105
-0.74319
-0.99038
1.3901
-0.49174
-0.98118
0.9723
-0.98394
1.0142
0.44917
1.5825
-1.8012
-1.0077
-0.49939
0.58902
1.0149
-0.50599
0.45106
-0.19067
-1.5028
-1.7493
-1.4984
-0.98156
-1.7443
-1.007
-0.96297
0.53471
1.5357
-0.4965
-1.4949
-0.5096
-1.0157
1.5297
-2.7475
-1.5126
-1.4954
-1.4875
0.54145
-0.5079
-0.49662
-1.5029
-1.1857
0.39073
0.87125
-1.51
-1.8967
-1.5203
-1.4955
0.97422
0.47376
-0.49589
1.2253
0.51651
-0.9912
-1.5071
0.504
1.0337
1.5597
-1.0121
1.6394
0.57013
0.39395
-0.98759
1.5248
1.5173
-2.1937
-0.98766
1.5414
0.53543
-0.13933
-0.99648
0.4728
1.4862
-1.0067
0.48016
1.0528
-0.99112
0.53566
-0.98652
0.51712
-1.7362
-0.4936
0.55042
-0.30817
-1.4906
-0.58066
-0.50057
-0.9939
-0.28528
1.7826
-1.4994
-1.4919
-1.2842
-1.4885
-1.2651
-0.51037
1.4792
-1.4968
0.92451
-1.5091
1.5782
1.4473
0.41827
1.1584
-0.51551
0.56149
-0.50045
-1.0015
-1.4829
0.0069444
1.4737
0.48049
-1.511
1.2377
-0.51437
-1.9172
0.94511
0.3915
1.5241
-1.011
0.98574
0.56838
-0.50631
1.763
-1.4972
-0.97817
-0.99092
-0.51661
0.57714
1.316
0.55678
-1.5129
-1.5356
0.54215
-1.5219
-1.4895
0.53442
-1.501
-0.51127
-1.4994
0.49589
1.0516
1.2923
0.49322
0.88102
-1.4674
1.6074
0.66947
0.94226
0.063881
-0.5055
0.69458
0.45836
-0.98361
-0.92078
-0.88113
-1.0325
1.4912
1.4959
-1.5078
-0.99722
-0.49371
0.67444
-0.5055
1.0003
-1.4929
1.71
1.118
0.87155
-1.0137
1.646
-1.5028
0.92219
0.88533
1.0018
0.94889
-0.48861
1.1079
-0.54404
-0.51056
-1.5022
-1.0039
0.98472
1.0128
1.0229
2.0884
-1.0525
1.9579
-1.7334
-1.4265
1.4661
1.529
0.48563
1.5855
-0.98617
-1.0017
-0.99852
-0.9967
-0.51429
1.0572
-0.49625
1.6038
-1.2582
-0.98891
-1.7201
-0.33771
1.1028
0.42651
-1.5055
-0.50004
1.0429
-1.4969
1.6388
1.1962
1.5113
1.4136
0.17061
-0.49619
0.90771
-1.5012
0.93152
1.5996
-1.4981
-1.4918
1.5985
1.0071
-0.49996
1.0327
1.0926
-0.49992
0.57232
-1.5017
1.0625
-1.0133
-0.28332
0.56339
-0.99773
-1.4921
-1.4929
-1.5012
-1.5012
1.0307
0.60244
-0.98518
1.0944
-1.5545
-0.50011
1.0186
1.4813
-0.48398
-1.0041
1.0574
0.94596
1.0854
1.5371
1.0094
-1.503
1.519
1.045
-1.8717
0.55706
0.45508
-1.0044
-0.50526
-0.7495
1.644
0.80629
0.96833
-0.99241
-0.50007
-0.49965
1.5076
-1.4969
0.98238
0.49938
0.77108
0.98441
1.5961
-0.99904
0.9397
1.4791
1.0891
1.0863
-1.8167
1.4511
1.6453
-1.4919
0.56505
-1.5133
0.3642
-0.77331
1.5112
1.5122
-0.99563
1.4897
0.9295
-1.0045
1.4172
0.30414
-0.49047
-1.5152
-0.50349
1.5135
-0.98061
-0.15913
1.3455
1.0614
1.0565
-1.5164
0.034448
0.44748
1.5607
-1.4969
0.59733
1.0992
-0.51431
0.5335
-1.5085
0.5356
-1.5041
1.4962
-0.99497
-0.82979
1.552
0.55974
-1.1693
1.5031
-1.4968
-0.50039
-1.1571
0.53054
0.91854
-1.5009
1.5401
-1.0082
-0.99742
-1.0063
-1.0017
1.5175
-0.99309
1.4241
1.0203
-0.99958
-0.801
0.44916
1.4424
1.6073
1.6942
1.5788
-0.97701
-0.98152
0.39586
-0.99266
-0.51117
0.38896
0.96465
1.5426
-0.41289
1.3082
0.3441
-0.97467
0.49753
-0.55804
0.24779
-0.24585
1.5398
-0.49516
0.45543
0.05978
-1.5271
-1.5016
-0.98838
-0.50896
-1.0084
-0.50326
-0.48699
-1.4934
1.2588
1.4595
-1.5065
0.51786
-0.95975
1.0487
0.98576
-1.0218
1.5872
-1.9787
0.45103
-1.503
-0.40493
-1.0073
0.8421
1.8293
1.3859
1.0382
1.4654
0.51381
-0.51016
0.96054
-1.0007
-0.48974
1.0283
2.0557
-0.66312
0.89531
1.0841
-1.5112
1.548
-1.4925
-0.48652
1.0976
-1.2689
0.95083
-1.5035
-0.50668
-1.0107
0.42031
-1.496
0.053404
-1.4866
0.46329
1.1318
-1.483
-0.50681
-1.0024
2.0188
-1.501
0.56342
1.4549
-0.51066
-1.5291
1.0311
-1.4922
-1.997
-0.43262
0.5617
1.1245
-0.49345
-1.5139
-0.50326
1.8267
0.020653
1.4987
-1.5074
0.89853
1.5072
-0.98901
-1.5215
0.93264
-0.50898
-0.50002
1.2552
0.034694
-1.0045
-1.4872
-1.5194
-0.97834
-1.5095
-0.4841
-0.503
-1.5004
-0.49682
1.5858
-0.50169
-1.4948
0.47466
0.94458
1.4643
1.3272
-0.49742
1.0035
-1.0149
-1.4857
-1.459
-1.5086
-0.50486
0.64405
0.57175
-1.1844
1.3618
0.52493
0.9169
0.91785
-0.085095
-1.3864
-1.4953
1.6112
-1.0093
0.53903
-0.50185
0.90969
-1.3112
1.7598
-0.48838
-1.4852
-1.4955
0.95276
-1.4396
-0.017803
-0.49669
0.39536
1.0977
-1.0175
0.5168
0.96564
-0.99144
-0.62479
-0.75936
-0.70955
-1.005
-0.96077
-1.0087
1.0488
1.525
1.0189
-1.8711
-0.48378
-1.4914
1.0039
0.92889
-1.4985
1.4613
2.2397
0.43976
1.1563
-1.3456
-0.99017
1.409
-1.5057
-0.49852
-0.32894
0.2638
0.53856
-1.5011
-0.48511
-1.5003
1.615
0.43932
0.45379
1.5117
-1.4866
1.5875
-0.66117
-1.0071
0.54047
-1.5033
2.0775
-1.3926
-0.66074
1.0822
0.53105
0.57545
-1.4917
0.97683
1.0285
-1.4837
2.3083
1.1123
-0.49003
1.6
-0.99237
-1.4984
-1.5068
-0.62912
-1.5259
-1.0222
-1.4898
0.46391
1.39
1.5603
1.4299
-0.50062
-1.5093
1.4414
-1.0053
-1.5068
1.0547
0.065491
0.028881
-0.99599
0.56382
1.135
0.084215
-0.72174
0.13245
-0.50225
-1.4927
0.99112
1.04
1.4793
-1.3736
-1.4896
2.4513
0.96939
-0.99946
-0.51403
0.54294
0.97652
-0.49657
-1.5019
-0.48009
-0.10376
1.1984
1.5186
1.5031
1.4167
1.0223
0.93745
0.57482
-0.98387
-0.50382
1.0996
0.93273
-1.0039
1.4555
0.92833
-1.5001
0.55703
-0.49349
0.5244
1.1285
-1.6314
-1.5069
-1.4955
-0.51927
0.50215
1.5749
0.99037
0.91716
-1.0058
-1.4917
-1.0026
0.44193
-0.73915
-1.3092
1.5542
-1.8317
1.4399
-0.50432
0.4735
-0.51261
-1.5067
1.3609
1.0548
-0.90859
0.93714
-1.0057
-1.5133
1.4656
-1.4897
-0.50955
0.92802
-0.99178
-1.4897
-1.1818
1.0485
-1.4938
-0.50291
-2.0907
-0.49901
0.52885
0.52959
-0.99743
1.651
0.5124
-0.50227
1.5411
1.5626
0.99629
-1.4968
2.2972
-1.0051
-0.72139
-1.3464
1.5027
1.5758
-1.3245
-0.26514
-0.50059
-1.4836
0.27365
-1.496
-6.6688e-06
0.47526
-1.5027
-1.6474
-1.0242
-0.50135
-0.48284
0.54703
0.24345
1.5332
-1.4975
0.48418
-1.0423
-1.4978
1.311
1.5319
-0.82086
-0.99983
-0.51019
-0.73961
-1.3979
1.0315
0.56314
-1.5074
-0.51767
-1.0032
0.98255
0.59691
-0.50651
-0.49825
-0.49634
1.0428
1.6418
-0.48564
-1.2658
-1.0176
-1.0193
0.99181
-1.5029
-1.512
1.4736
-0.48432
0.93495
-1.4939
-0.50437
-0.078118
1.0215
-1.0082
-1.5102
1.0151
-0.80812
0.27444
-1.0129
-1.5037
1.4984
-0.49867
0.42852
1.3916
0.27529
0.36232
-1.3779
-1.4958
0.52773
0.45458
0.89132
-1.5392
-0.91931
-1.0129
-1.5064
0.52193
-0.48755
-0.50051
-2.7643
0.83297
0.14429
0.63138
0.40175
1.5011
0.95355
-0.31275
0.44965
-0.99266
-1.2419
-0.48998
-1.0088
-1.5027
-0.51102
0.43812
-1.5701
-0.99744
0.75753
0.80749
-1.4799
-0.47956
-1.4976
0.99256
0.66768
-1.0138
-0.61445
-0.54801
1.0837
-0.4848
1.5063
0.87014
1.5254
-0.99406
0.95631
1.564
1.0193
1.0492
1.0109
0.46761
-1.4946
0.93265
0.51576
1.4098
1.5606
-0.9971
-0.49549
0.52739
-0.49957
-1.5093
1.5591
0.37535
-0.99984
-1.4928
1.6011
0.51222
-0.99846
-0.48952
0.86692
0.4464
-0.79862
-1.4967
0.18726
-1.4928
-0.42826
0.51768
-2.1338
-0.51133
-0.99543
-0.49585
-0.93325
-0.97871
1.573
-0.99264
-0.49951
-0.49359
1.4972
1.4652
-0.49218
0.43851
0.50419
0.48573
0.45317
-1.4444
-0.49556
1.2763
-1.0007
-0.51848
-1.4928
1.0225
-1.5
0.95055
-1.5021
0.56522
1.6307
-1.4949
-1.4822
-1.0503
0.43066
1.5548
-0.99611
-0.99343
1.467
1.2046
0.97194
0.95569
0.51649
0.5564
-0.98994
0.92671
1.7653
-0.98786
0.32653
-0.59124
0.85135
-0.98033
-0.91503
-1.5146
-2.5913
-1.5072
1.5133
1.2047
1.5117
-1.6848
-1.2852
0.61531
-0.5119
-2.4247
0.97703
-0.99878
0.59963
0.60798
-0.49525
-0.31962
1.5841
1.5772
1.1547
0.53389
-0.51236
0.81575
1.0417
-0.48733
-1.0052
1.1785
0.5189
-0.61792
-1.5128
-0.33256
0.38444
0.51364
0.74625
1.573
0.60868
0.1604
-1.0167
1.5639
-0.99643
1.2705
0.51576
1.591
-0.12974
-1.0024
-0.99788
1.4517
-1.4943
1.5343
-0.49871
-0.8758
-1.4941
-1.4806
-1.0067
0.56049
-1.4745
-1.504
-1.011
-1.4922
1.5734
-0.50696
0.44265
-0.49308
-1.2365
-1.0064
-1.48
1.4933
1.4722
0.88349
0.4821
-1.009
-0.99662
-0.56811
1.4775
-1.4959
-1.0042
1.0553
1.5225
1.9858
2.0373
-0.49934
-1.6871
-0.99197
0.52647
1.6417
-0.5225
0.40558
1.1584
-1.0093
-1.0204
0.75962
-1.4967
-1.4972
0.96695
1.0772
0.49211
0.50159
-1.5014
-0.50367
-1.4879
1.0668
1.0436
1.074
1.5771
1.3909
0.90465
-0.47504
-0.48158
1.5465
-0.48879
-1.4983
0.80798
-1.0051
-1.9466
-1.2508
-0.99688
1.606
0.88417
1.6004
0.90365
0.57675
0.95774
0.92636
-0.47633
-0.98908
-1.5024
1.8262
0.48737
0.55134
0.49718
1.5727
-1.4935
-0.33394
0.99301
-0.97595
0.99041
-0.98994
1.2623
-1.5548
-1.5028
-1.4994
-1.4954
1.5118
-1.5018
1.0165
-1.5238
0.92921
0.57524
1.33
-0.99072
0.85062
-2.3003
0.79567
-1.0008
1.1377
0.21568
1.1011
-1.0017
-1.5001
-1.521
-1.4972
-0.31355
0.52032
-1.1165
-0.68618
-0.4962
0.54986
-0.99421
-1.0012
-1.0019
0.93746
1.3454
-1.4992
-0.49227
-1.4982
0.97609
-1.4871
0.53377
1.5087
1.8814
-1.4903
-0.41645
1.5777
-0.50058
-1.9691
-1.0111
0.77197
-0.53716
0.92085
1.0214
0.57454
0.7195
-0.50719
-1.0026
1.0547
1.0553
0.42737
0.95041
1.083
-1.5007
1.2531
1.0924
1.5609
1.5553
0.9085
0.51519
-1.5084
1.6559
0.96695
2.3021
-1.5015
0.43913
1.4583
1.4449
-0.51308
-1.5012
1.0486
-0.4891
0.85312
-1.5048
1.1122
-1.4937
0.98336
1.3914
0.96913
1.6566
-1.5045
-1.4969
1.0074
-1.4997
-0.50029
0.58274
-0.99867
1.0342
-1.0066
-1.0017
1.4537
2.0723
0.95249
-1.3946
1.5143
-0.49517
-0.99082
0.48465
1.4454
-2.1121
0.52326
-1.0262
1.4743
0.39311
0.98805
1.8193
-1.5075
-1.4949
0.99238
-1.5107
-0.99755
0.90136
-1.006
0.43871
0.9511
-0.91842
1.5324
-1.0085
1.5108
1.0747
-0.49683
-1.0158
-1.4931
-1.0057
0.45237
0.9829
1.0412
-0.99901
1.5196
-0.99501
1.5173
1.5653
-1.0194
-0.97458
0.97247
0.93966
-0.014321
-1.4872
1.0752
0.59391
0.4296
1.4831
-0.46194
-1.0107
-1.6084
-0.99298
1.1106
-0.99768
-2.4858
-1.0303
0.9907
0.4558
-1.5034
1.4338
-1.505
-1.5005
-1.5087
-2.5005
0.55885
-1.498
1.4639
0.25208
1.7033
-1.5033
0.35404
1.4818
0.90633
-1.5095
-0.76561
-1.7836
0.59014
-1.481
0.54942
1.2497
-0.50375
1.0502
1.5057
-0.12771
0.41924
0.54893
-0.51765
-1.0003
-1.2678
-0.48878
-1.498
1.1783
-0.50625
1.0511
0.54654
-0.98979
1.5847
-1.4954
1.0434
0.94893
0.75261
1.5569
1.5976
1.4456
-1.5005
0.45621
0.44001
0.5878
1.4737
1.5129
-0.99661
-1.4316
-0.4852
0.84046
0.094652
-0.98829
0.60741
-1.5022
-0.99297
-0.99198
-1.4813
-1.5015
-0.38358
-0.5
-1.4898
-0.99185
-0.51628
2.1482
0.92295
0.95215
-1.4885
1.5305
-1.5042
0.96071
-1.2611
-1.0031
1.0061
0.50649
-0.50495
0.58909
-0.57612
0.42795
0.88809
0.91782
-1.5697
-0.47764
1.4928
0.89345
0.96888
0.50623
1.3296
0.36146
0.90426
-0.49425
-0.49864
-1.5043
-0.43286
-1.006
1.4657
0.55831
0.88189
1.0205
1.5934
-0.12617
-1.5027
0.50769
-1.0009
1.5377
-0.49346
1.3971
1.0096
1.0231
-0.48618
-0.50362
-1.4562
-0.49041
-1.4803
1.0157
1.473
0.84038
1.4707
1.0598
1.5382
1.3488
-1.6966
0.52159
-0.27051
1.1374
1.4333
-1.6705
-1.3521
-1.0017
-1.6384
1.1392
-1.535
-0.49862
1.13
0.92187
1.6224
-1.0094
0.36286
-1.5099
0.58024
1.4516
-0.98395
-1.4935
1.0113
-0.99596
0.52661
0.93921
-0.98045
0.98364
-1.3811
0.50549
-1.4988
1.0009
-0.49599
1.4478
-0.99769
-0.99822
-1.0066
1.5389
0.52085
-1.2785
2.4684
1.0471
0.49765
1.5011
-0.49037
-0.50692
0.46666
-0.74559
-0.9938
0.015477
0.98767
-0.4739
0.44151
-1.0076
-1.0086
0.39362
-0.49606
-0.49054
0.25668
1.4411
1.5108
0.47413
2.3645
0.90183
-1.0029
-1.0122
-0.49805
-1.494
-1.4792
-1.4979
0.92056
0.63665
1.9775
1.5021
-1.2641
-1.5064
-1.0089
1.4534
-1.5101
1.0309
-0.50638
-0.4958
1.2775
0.67878
1.4201
1.0211
-1.0152
-0.44166
0.55461
-1.5032
0.93629
1.2611
-0.71829
0.73234
-0.99026
1.049
-1.3981
0.78334
1.4714
0.39873
0.3714
-0.9914
-1.0058
1.0952
-0.50086
-1.0178
0.57348
2.3574
1.5161
-0.51258
-1.5015
-1.4901
-1.0016
2.1811
-1.008
0.87218
1.6984
-0.49882
0.55
-1.3172
-0.9882
0.54066
1.6107
0.97022
0.40902
1.3792
-0.49761
-0.96156
-1.0127
-0.90518
0.88071
0.60481
0.80873
-1.7055
1.5105
-0.50778
-0.50728
-0.34265
-0.51399
1.4755
1.4224
1.3915
0.61255
1.0963
1.5619
-0.50155
1.5363
-1.5078
-0.4979
-1.5183
-1.4892
1.3868
0.50529
-0.49863
-0.48137
-0.49737
1.4807
0.54014
2.3377
-1.4909
-0.48315
-0.50302
1.7975
-1.5075
-1.4939
0.97919
-0.49169
-0.4985
1.0058
-0.28183
-1.0164
-1.0067
-2.4992
-0.99718
-0.3257
-0.51302
0.48303
-0.49823
-0.51731
1.5522
0.89873
0.95794
1.6718
-0.50608
-1.0035
-1.0038
-1.0151
0.90352
-0.51092
1.1417
-0.97749
-1.1203
0.99548
1.0135
0.99985
-1.0011
-0.51062
0.53
-0.48709
0.58298
0.55524
-1.1081
0.56835
1.3613
-0.49619
1.4488
0.49431
1.4784
1.5072
-1.09
-0.39238
-1.0138
-1.0086
1.0522
-0.49785
-0.48786
0.97658
-1.0063
0.9016
1.5344
-0.47138
1.4124
-1.5028
2.4136
-0.49158
-0.50945
-0.99375
-1.0008
-0.96268
-0.98575
2.2221
0.97663
-0.50041
-1.4838
-1.4457
1.6443
-0.9902
-0.49212
0.89163
-1.0113
-0.99772
-0.98442
1.0206
-0.50019
0.44399
-1.0809
0.23117
-0.16144
0.4284
-1.513
1.5622
0.49207
1.039
1.047
-0.50577
-1.0001
1.5818
0.91125
-1.4826
0.43865
-1.1234
-1.5011
-0.49981
0.64864
-1.5053
1.4651
-0.50303
0.97077
-1.5135
-0.9809
1.5344
-1.5014
-1.6152
-0.99388
-2.0557
-1.0033
-1.523
-1.5129
1.7001
0.57614
-0.95572
1.0306
-1.508
-2.1969
1.8948
-1.502
-1.0096
-0.4862
-0.98713
1.4269
-1.4884
-0.47907
-0.98831
-0.50136
-1.5128
-0.49079
0.85318
0.5719
0.54171
-0.48641
-1.7818
-0.50117
1.7727
-0.48736
0.58677
1.4961
0.95971
-0.99897
1.5821
0.43715
-0.99713
-1.6553
1.2488
-0.49969
0.46876
0.45206
1.3196
1.4544
0.47059
1.0701
0.06684
1.565
-1.2376
0.99639
1.0734
-1.0055
0.44409
1.4863
0.95176
0.99915
-0.49531
-1.6941
1.3875
-1.5054
0.51999
-1.0022
1.5058
0.89732
0.98325
-1.49
0.43486
0.9463
-0.99217
0.44714
1.5225
-0.37316
0.50712
1.267
0.21603
1.5733
0.97816
-0.47171
-0.5029
-1.0077
1.5668
-0.67753
0.44685
-1.5008
1.0133
-0.98812
-0.50587
-0.89045
-0.98412
-0.48177
-1.001
0.54615
0.35576
-0.99936
1.0495
-0.50253
1.0024
-1.5059
1.2341
-1.632
0.51763
0.98259
-0.49769
1.1563
1.1208
-1.6837
1.5451
1.4666
0.98602
0.95864
-0.99636
2.2765
1.387
-1.5038
-0.99937
1.4582
-0.52136
0.99895
1.4044
-1.7202
1.0288
1.1085
0.91013
1.1589
0.98066
-1.5088
-0.99374
0.98944
1.0016
-0.9947
1.0007
-0.48192
-0.4753
-1.0082
1.915
-0.50187
1.4204
-0.96344
-1.7926
-1.4918
-0.49159
0.90022
1.6244
-1.4904
-1.4974
0.65924
-0.58031
0.61997
-1.5008
1.4142
0.53273
0.85065
-0.98661
1.4684
-1.1009
1.0304
-0.50617
-1.5219
0.8942
-1.0017
-1.4914
-0.97519
-1.4973
0.5066
0.43189
1.4038
-1.5509
-0.51414
0.88328
2.0869
0.89015
0.5182
1.4354
-0.99625
1.4979
1.7727
-0.98167
1.4696
0.97563
0.99584
-1.4958
0.26448
-1.007
-0.70432
-1.512
-0.98513
-0.51113
1.5246
-0.38387
-1.538
0.31326
-0.58057
-0.98632
-0.38925
-1.4855
0.4627
0.49841
-1.4984
0.41027
1.5509
-1.4937
-0.99949
-1.5108
1.5955
1.4882
-1.2594
0.59356
0.96076
0.55018
-0.50359
0.42539
1.6162
0.63395
-1.5022
0.89228
1.4654
1.4741
-0.50725
0.97898
-1.638
0.94073
-1.0013
1.4183
1.5413
0.44987
-1.6141
1.4489
-1.4735
1.0539
0.46102
-0.99216
1.3755
-1.5016
1.4404
0.93052
-0.50176
-0.99265
-0.99483
-1.0133
-1.4903
-1.4993
0.42106
0.5584
-1.0027
-0.99118
0.54542
1.0615
1.5095
1.0103
0.99557
-0.51025
0.99204
0.38272
1.4615
0.45195
0.57213
1.4181
-0.51261
-1.0065
-0.29391
-0.97563
1.4647
-1.7645
1.4992
-0.2252
-0.50326
0.33901
-0.48255
1.4956
1.3929
-1.6413
1.5597
0.45394
-2.0719
-0.99924
-1.5266
1.3773
-1.4952
-1.0027
1.4214
-1.5008
1.5505
0.5134
1.6554
-0.98209
1.4928
-0.99769
-1.0117
-0.4968
-1.5067
1.0001
1.0301
0.54153
-0.5067
1.5275
-0.99903
1.0326
0.42901
1.0602
0.53078
1.284
-1.0073
0.37049
1.4858
0.46549
1.107
0.28414
0.49838
1.2888
-0.99541
-0.50225
1.6414
-1.5242
-1.5152
-0.49824
1.5015
1.0387
0.98352
-1.4842
-1.4996
0.458
-0.5117
0.57786
-0.50069
-0.55734
-0.50166
-1.4939
-0.99792
1.5796
-1.4997
0.39712
2.3897
1.5245
-0.97986
-0.49061
-1.0312
1.3964
-1.3051
0.54531
0.37113
1.4317
1.0188
-1.0005
1.3714
-0.58514
0.53759
-0.49118
-0.49848
-1.0117
1.0341
-0.50435
0.45693
1.9224
-0.50931
-0.77692
-1.4932
-0.51077
1.5746
1.1628
0.46108
1.5617
0.52568
1.6523
-1.4513
1.3007
0.40675
-0.50068
1.5383
-0.4158
1.0359
0.55125
-0.50299
-2.0372
-0.98638
0.97468
1.3715
-0.49348
-0.49799
1.5227
0.49091
0.49202
0.97628
-0.49898
0.42813
2.2209
-0.4866
-1.0007
-0.585
1.1543
-1.0013
0.45234
-1.5036
-1.5124
-0.98542
-1.0033
1.398
0.97164
-0.99723
0.50317
-1.1416
0.538
-0.49345
1.4486
0.9577
1.551
0.95643
1.6314
-1.4939
0.59205
0.40911
1.4573
1.5338
-0.51544
0.99777
1.0053
-1.0036
-0.98371
-1.1641
0.74484
1.3792
0.46932
0.96284
-1.8954
-0.51636
-1.4754
0.62079
1.4685
0.65326
-1.5016
-1.008
-1.4925
-0.98528
0.54965
-0.021294
0.046007
-0.50092
1.5462
-0.72629
-1.4894
-0.99957
-0.22966
1.5154
0.8661
0.49572
1.4191
0.69833
0.52599
0.58562
1.4616
1.0278
-0.47753
0.53816
2.1096
-1.0038
-1.0062
0.96597
-0.98998
-0.48307
1.6697
-1.0281
0.94571
1.5117
1.0532
1.5139
-1.0766
0.51135
-0.29936
0.052937
-1.516
-0.49065
-1.5042
-0.49405
0.51039
-1.4826
-1.4919
-1.4911
1.6013
1.6761
1.5813
1.0096
-0.99796
1.048
-0.49738
0.54689
-1.0021
1.0868
-1.4931
0.11891
-0.47969
1.5592
1.0166
1.0063
0.59038
0.83179
-1.0123
-0.99123
-0.65352
-0.99376
-1.4983
-0.50136
1.6509
-0.50778
0.41436
0.9969
1.0455
0.60878
-1.0034
-0.70261
0.66429
0.41914
-1.5038
-1.5096
1.462
-1.0042
-1.5012
0.73248
-1.0083
-0.50304
-0.49145
-1.0057
-0.98449
0.55256
-0.98577
0.40284
0.46498
1.473
-1.4921
-0.5093
-0.31425
-0.49441
0.82678
0.43314
-0.50386
-1.0037
2.3331
0.60376
0.96451
0.97329
-1.4979
-1.0019
0.46876
-1.0107
0.84493
1.2758
-1.4808
0.9888
0.43658
-1.0013
-1.4114
1.4357
0.58491
1.45
1.5347
0.58994
-0.48984
-0.19683
0.46114
-0.42322
-1.0185
-1.9279
-1.4988
1.0185
0.58446
-0.72954
1.5853
-0.99261
-1.5037
-0.50289
-1.8245
0.43859
-1.3862
-0.93395
1.5338
0.72166
-1.4933
0.42308
0.88163
1.0017
-1.5096
-0.47935
1.552
-0.99521
1.3412
0.54393
-1.4943
1.1608
-0.99414
-0.48822
-0.45061
0.55465
1.5522
0.98857
1.4968
-1.5134
0.46747
-1.4904
-0.2427
0.58314
-0.50459
-1.5101
1.7449
0.9653
-1.5052
0.4543
-1.0121
0.55617
0.81429
-0.49479
1.4963
1.4657
0.5461
-1.5118
0.89327
1.5477
-0.98797
0.96477
0.52513
-0.43883
-1.0156
-0.5141
1.0344
0.63917
0.47789
1.0467
1.2978
-0.48152
1.5265
1.0694
-0.51402
-1.0116
-1.4938
1.3408
-1.5087
-1.4894
1.5236
0.84349
1.3735
0.9677
0.457
0.96817
1.4467
-1.4979
1.4631
0.54443
0.43395
-0.50713
-0.50245
-1.0034
1.5403
-0.99337
-1.8543
0.95469
-0.51242
1.4592
1.1395
1.8254
-0.49694
1.4588
0.89744
0.86382
0.56776
-0.50599
-1.5103
-0.48929
-1.4898
1.562
1.0242
-0.50176
-0.99385
0.0063738
0.50417
1.5918
1.4408
-1.4387
-0.51075
0.88341
0.39447
1.5384
-1.4933
0.99762
1.0613
-1.0045
-0.50889
-0.99905
1.4473
1.0975
-1.5127
-1.492
0.61249
1.6008
1.5048
-1.505
1.5436
0.51543
-0.74793
-1.4987
-1.486
-1.0086
-1.3443
-0.48243
-2.0577
-1.4997
-0.50154
-1.0083
1.5527
1.591
0.16079
-0.49478
-0.96529
0.96969
-1.48
0.41082
-0.097851
-1.5173
-0.51437
0.14518
0.95881
-1.3098
1.7512
-1.5108
1.1301
1.0396
1.5755
-0.02324
0.93649
1.0056
0.16466
0.98449
-0.50821
0.40484
-1.4972
1.6065
0.90864
-1.502
-0.30238
0.27427
-1.5038
1.4907
-0.99419
-1.509
0.55323
2.6365
-1.5054
-0.49375
0.49977
-0.5003
1.0811
1.4837
-1.498
-1.0149
-1.0052
-2.0351
0.61259
1.0916
-1.5189
-0.31697
-0.51042
0.44844
-1.9848
-1.4925
-1.0009
0.89842
-0.48786
1.9103
0.64476
-1.4855
1.5713
-0.48685
0.23883
1.4981
-1.4917
-1.5014
1.4785
-1.49
-1.0056
-0.98805
-1.5006
-1.0085
-1.4985
-1.015
-0.57526
0.6223
-1.4942
1.1009
1.2326
-1.496
-1.4887
0.99902
0.90261
-1.0967
1.4918
-0.79463
-0.9932
1.4638
-0.99107
-0.50205
-1.0052
0.34203
0.93054
1.553
-1.5035
1.4957
-1.0016
0.97357
-0.92608
-1.2202
-0.3454
-1.0014
-0.50232
-0.50882
-0.23343
-0.74881
0.58888
-2.266
-1
1.6973
-1.384
-0.49138
0.48867
1.0263
-0.51864
1.2134
0.97454
0.3679
-1.504
-0.5019
1.4988
-1.5021
-0.50018
-1.4941
1.5725
-1.5218
-0.99499
0.80175
-0.98731
1.5624
1.0587
-0.52167
1.5259
-1.0446
-0.50691
-0.99434
0.6735
1.5173
-0.53153
0.23377
-0.99999
0.47236
-1.4898
1.0992
1.4894
-0.49432
-1.4909
0.06195
-1.0124
-0.48546
1.1386
-0.50713
-1.5008
-0.49875
0.937
0.95929
-0.49606
1.4119
0.91406
-1.5079
0.6886
0.57133
0.40851
-0.51957
1.0893
-1.007
1.4313
1.4874
-0.50507
1.1288
1.0348
1.6053
0.48541
-1.5
-0.505
-0.17706
-0.48452
0.75194
-1.6671
0.97368
-0.28108
-0.50888
-0.13396
-0.50706
-1.4986
-1.0079
-0.99676
0.85348
-1.4853
-0.51785
0.49276
0.56931
0.92152
1.0042
-0.55395
1.587
-0.49823
1.4735
0.9697
1.0784
-1.4879
-0.77448
-1.5014
-0.49462
-1.4952
1.0625
-0.49867
1.0771
-1.4841
-1.4947
0.91728
1.0513
0.6817
0.53489
1.4554
-1.5073
-0.74463
1.0086
1.0563
1.5253
-2.8809
0.86288
0.42889
-0.99029
-1.0088
1.0433
0.94726
-1.7068
-0.059769
-0.50204
-1.0031
-0.47828
-0.98662
0.8385
1.0096
-0.49522
0.88003
-0.50797
-2.0676
0.6218
-0.4781
-0.50502
-1.5087
-1.0064
-0.50044
-1.0055
-1.4867
-0.48266
0.37033
0.60956
0.30823
-0.99266
0.44425
-1.4923
-1.4952
-0.47658
-0.5274
-0.066145
-1.5046
-1.7815
-0.75088
1.4386
-0.47614
1.5684
-0.49657
1.3758
1.0629
-1.5127
-1.5062
-1.0152
1.8841
0.56279
-1.5029
1.5915
0.4274
-0.5034
-1.4886
0.5345
-0.51911
-1.0033
0.99187
-1.5005
0.95326
1.0268
-1.515
-1.4103
-1.4968
1.1263
-1.4414
-1.4947
-1.4997
1.3596
1.2462
1.601
-1.5
-2.2428
0.094277
0.9914
-1.6085
0.97327
-0.9898
0.5703
-0.49681
-0.99671
1.2112
-1.4887
0.42821
-1.0058
-0.99591
-1.5051
-0.51107
-0.86094
-0.5163
-0.2822
1.1085
-0.50071
-1.0083
0.88008
-0.52157
0.74031
-0.49094
-2.1489
0.93172
1.4692
-0.50639
1.5632
0.41831
-1.5135
-1.4793
-1.0174
1.0097
0.55512
-1.4865
-0.48782
0.48115
-0.50013
1.0262
-1.4876
0.34009
0.44816
-1.4816
1.4004
0.978
0.58461
0.51636
1.056
0.91453
1.4385
-1.489
-0.48836
-1.5008
-1.2793
0.88764
0.51303
0.47874
1.5026
-0.52875
-0.04974
0.50453
-2.0988
-0.22167
-0.50007
-0.49676
0.90886
-1.742
0.070462
-1.2276
-0.50629
0.12036
-1.0032
-0.50778
0.96851
-0.36734
1.4417
0.42705
-1.2055
1.4711
-0.48585
0.96617
-1.5043
0.97584
-1.4966
-0.50815
-1.5197
-0.92353
-1.4996
-0.4891
0.97444
-1.0053
0.90949
-0.99042
1.5653
0.54125
0.57052
-1.6764
1.5781
-1.4931
-1.004
-0.50793
0.49845
1.4458
-0.51018
-0.49686
1.5536
1.0985
-1.4955
-0.49962
0.52193
0.51595
-0.89104
0.94069
-1.5054
1.4628
1.5014
-0.49102
-1.5009
-0.5068
-0.48521
0.49723
-0.5026
1.0417
1.6
-0.57062
0.39915
1.4772
0.97776
-1.4902
0.99862
1.4876
-1.917
-0.34096
1.8734
-0.99805
-1.5042
2.0256
0.40346
-0.99243
-1.4998
0.41087
-1.5053
-0.41585
1.5366
-0.98736
1.4936
0.11996
-1.5063
1.5404
1.0202
-0.99601
0.91643
1.0156
-1.0025
-1.4995
-0.16095
0.5394
1.0398
0.82163
0.88181
1.132
0.53109
1.4209
1.0507
1.4452
-0.16522
0.87799
-0.50934
-1.4963
1.0625
-0.50344
1.3053
1.5087
0.4823
-1.0044
0.94539
0.95858
1.0587
-1.4988
-1.0092
-0.67913
-0.51045
0.67016
-1.4957
-1.5047
0.45794
1.5258
-0.9983
0.96531
0.96345
1.5982
1.6281
0.22152
1.4848
1.5201
-0.19231
-0.39176
-0.98985
-0.49798
1.5039
-1.499
-0.49453
-0.59672
-0.9581
-1.5065
-0.44223
-0.50397
-0.2441
1.523
-1.3905
0.38892
0.91959
-1.2792
1.4897
-1.5003
0.41544
-1.5118
-1.2935
1.0121
0.887
-1.5038
0.79745
-1.5205
1.3339
0.97951
-0.45134
-1.1339
1.4651
1.0523
-0.13966
0.97945
-1.0096
1.5956
1.0964
1.4703
-0.70115
1.4569
-0.488
0.68201
-0.69967
-0.66
-0.51137
0.4764
-0.50128
1.4763
-1.7961
1.4054
-1.5955
1.5725
1.4844
-1.0098
-1.0126
-1.3239
-0.99297
-1.4998
1.4829
1.5538
-0.50706
1.4991
1.5445
0.53362
0.42976
-0.50381
0.48303
1.4403
1.4794
-0.52058
1.1265
-1.0095
-1.4871
0.57311
-1.0127
0.50846
-1.4936
-0.51579
-1.7214
1.4206
-1.5008
1.7354
0.55823
-1.2663
0.48488
-1.2782
-1.5125
-0.49764
-0.99235
1.3651
1.1194
-1.5018
-0.50299
1.5271
0.46329
-1.5128
0.93059
-0.50024
-0.52689
0.60556
1.4073
1.0905
-0.49754
-1.741
1.3859
1.023
0.24251
1.1603
0.54545
0.39101
-0.49004
-0.986
1.529
-0.94031
-1.2571
1.447
-1.4991
-0.49976
-0.99807
0.44008
0.44029
1.0906
-0.4934
0.91455
-0.51115
0.54622
-0.49763
0.87206
-1.0289
1.4826
-0.98792
0.31647
-1.0122
0.46906
1.2096
0.49044
-0.50971
-1.5023
-0.16595
-0.98235
-0.28427
1.5843
1.5094
0.54691
1.4495
0.92145
-0.50717
-0.49485
0.58665
0.63898
-0.99652
1.1499
0.97927
-0.98957
1.5103
-0.32354
0.58302
1.4805
-0.51902
-0.89812
0.93582
1.0495
1.3903
0.56401
-1.4971
-0.50222
1.5174
-0.50948
-1.5181
1.4731
0.83967
-0.53962
1.015
-1.5123
1.0781
-0.29077
-1.0078
-0.23213
-1.0182
-1.4966
0.42124
-0.71767
-0.94313
0.27142
0.21648
-1
0.50975
0.13601
1.0225
1.3505
-1.4896
0.57602
1.2433
0.35764
-0.45572
1.0672
-0.50634
-0.9967
-1.5123
-1.0014
0.47068
1.4842
0.63181
0.38598
0.49875
1.1103
0.17373
-1.5224
-1.4964
0.4616
1.521
-0.5036
-0.5056
-0.86101
1.429
0.28199
-0.51106
0.51299
0.57783
-0.99839
-0.48523
-0.88006
-1.0013
1.3849
-2.184
-0.49075
-0.50588
-0.51073
-0.50239
1.495
-0.99752
-0.0028399
0.73932
1.4922
0.99901
-0.50105
1.5443
1.5053
0.58389
0.3579
-1.003
-1.0066
-1.2313
1.5022
1.608
0.43992
-0.51146
1.5485
1.0884
-1.0047
-1.4981
0.24916
-1.5003
-1.6018
-1.505
-1.0072
0.4427
-1.5116
1.7845
-1.4849
1.4906
-1.5087
1.5761
1.4712
0.55951
1.0638
0.61463
0.1628
-0.50545
0.96572
-0.51197
-0.60183
-0.77203
-0.53265
-1.4991
-0.40142
-1.5075
-1.0103
0.46012
1.133
1.874
0.45035
0.98538
-0.53208
-0.49912
0.34689
0.54081
1.0455
1.455
0.45881
1.469
-1.8856
-0.94902
-0.99815
1.4396
-1.4346
0.59122
-1.4892
0.50703
1.9246
0.45389
1.3148
0.46877
-0.99399
0.48872
0.54479
-0.99529
0.97967
0.43855
0.41716
-1.5163
1.4558
-0.99312
-0.49494
-0.49544
1.4204
-1.5046
0.39905
-0.48083
0.44568
0.55446
-0.99894
0.98221
0.35333
0.42743
-1.0002
0.8537
1.4087
0.99045
-1.0028
0.44745
-1.3794
1.5733
1.4254
-1.5016
0.55695
1.0521
1.0035
-1.0146
1.4245
-0.99156
1.0458
-0.99435
-1.0164
1.5094
-1.4991
0.5477
0.92701
-0.5098
-0.49995
-1.005
1.6376
-1.4797
0.62645
-1.0148
1.5144
1.0018
0.65074
0.53799
0.551
-1.0061
0.56898
-0.37837
-1.0071
0.76318
-0.48587
-1.5035
-0.99437
-1.4901
0.55056
-1.5012
1.5271
1.4064
0.91398
0.94417
0.3007
1.4606
-0.34744
0.95043
0.98834
0.83368
-0.51308
0.97185
1.3858
0.62369
1.0599
0.99017
0.5375
-1.0112
-1.4846
-0.50896
-1.0026
-0.99134
1.5131
-0.50518
-1.0137
0.80117
-0.50654
-1.222
-0.26571
-0.97956
-0.49079
1.5039
1.4987
-0.50476
1.4053
-1.5019
0.38087
1.5466
-0.51422
1.5698
-0.50167
1.0993
1.0143
-0.51512
1.5765
-0.9967
-1.5016
-1.0015
1.1055
0.9898
-0.46023
-0.51611
0.5604
1.322
0.47617
-0.50412
0.90948
1.0211
-0.99124
-1.4915
-1.5031
-0.48858
1.0075
-1.4955
-0.49852
0.53379
1.5134
-1.5062
1.1005
-2.4726
0.9901
-1.2325
-1.5029
1.4751
0.62974
0.34958
-1.0221
-1.4901
1.6763
0.9742
0.4661
-0.49769
0.99484
1.083
-1.506
0.58943
-1.4564
0.97648
0.42949
-0.99804
-0.50907
-0.51379
0.96608
-1.5132
-1.4847
-0.87165
1.0091
-1.5182
-0.68425
-1.1013
1.4361
0.53285
0.38633
-1.0117
-0.98251
0.62591
0.98925
-0.52166
-0.49979
1.3777
-0.48867
0.13331
2.485
-1.5036
-1.8911
-1.495
0.69271
1.5379
-1.004
0.97358
1.6079
1.4799
-1.0034
-0.5046
-0.48159
-0.50255
-2.1245
0.47333
1.3611
-0.48416
-1.1028
-0.99137
-0.88169
1.6042
-1.5046
1.4613
1.1299
-0.29417
-1.4963
1.0435
1.0331
-0.50514
-0.98855
-1.0055
-1.5151
-1.0027
-0.50592
-1.0029
1.1204
0.99285
0.92659
1.0748
0.95454
-0.99528
1.0765
0.37779
-0.49553
-0.050593
-0.29759
-1.0135
-1.5
-2.0656
0.99697
-1.5078
-0.43758
-0.49945
-1.0698
-0.49671
1.0431
-1.5235
1.468
-0.51018
-1.4926
-1.5161
-0.49527
-0.99694
-0.99142
-1.4957
1.4666
-0.49601
1.4401
-0.99803
-0.49777
0.40284
-1.0128
-1.4947
-0.55338
1.4448
0.55122
-0.45396
1.3698
2.176
-1.0042
-0.98593
1.0006
0.42268
-1.4991
1.0695
0.47489
-0.93695
-0.50461
-1.5056
0.56982
1.6001
0.93886
0.88688
0.58044
1.4756
-0.99706
0.61934
1.4319
0.46305
0.49811
1.5506
0.93306
0.98789
1.547
-0.50201
1.4699
-0.99157
-0.47957
1.0638
1.466
0.090463
-1.4951
1.4542
-1.5202
0.82801
-1.2946
-1.5142
1.4949
-1.5029
1.7226
1.5147
-1.4511
1.5185
-1.5104
0.34645
-0.19589
-0.49321
-0.49336
0.89836
-1.5299
-0.36601
0.91199
-0.49812
-1.4993
-0.48722
0.70722
-0.48568
-1.5693
0.99004
0.5477
-1.5002
1.5587
0.54345
0.42639
0.51167
-1.488
-0.87964
-1.0044
-0.49585
-0.505
0.56
-0.51588
0.89944
-0.51201
1.4969
-0.49237
1.1394
0.51539
1.7177
1.5706
-1.4894
-0.58418
-1.4883
-0.43167
1.5168
1.5067
0.40719
-0.98246
-0.37075
0.56688
-0.85216
1.5262
1.0803
1.5322
-0.48576
0.54239
-1.005
-1.4954
1.4896
1.566
-1.5094
-0.98411
0.52714
-1.0771
-0.5038
1.5521
0.51662
-1.482
-1.0053
-0.69058
0.55898
-2.4843
-0.77636
-0.48342
0.69026
0.38405
1.2961
0.45321
0.4258
-0.72523
-1.0093
0.97782
1.508
1.0546
0.45486
0.52653
-1.0069
2.1143
0.50659
-1.1198
-1.5059
-0.7179
-1.5029
-0.16844
1.4898
-1.0182
0.72548
1.5076
-0.52104
0.54748
-1.4936
-1.4965
0.95747
0.95756
0.9045
-0.98919
1.0735
0.46509
-1.5012
-0.27607
1.0161
-0.50874
-1.4977
-1.0127
1.5311
1.5869
-1.5055
0.44968
1.4336
-0.50393
1.5097
1.2587
-0.48999
1.1224
1.5501
1.4084
1.0211
-1.0007
-1.4934
2.0333
1.0738
-0.51384
-0.50595
-0.49537
-0.50126
0.8515
1.6107
-0.4966
1.0653
-1.0001
-0.49765
0.86664
-0.86669
0.85882
-0.99402
1.4942
-1.502
0.96083
1.0466
1.2624
-1.0008
-0.99373
-0.49929
-2.096
1.0741
1.491
1.2356
-1.483
-1.0158
0.93788
-0.51236
1.4178
-0.49733
-0.51554
-1.5015
0.47687
-0.50098
-0.4975
1.0651
-1.5182
-1.4959
-1.0028
0.61803
-1.7689
-0.51013
1.4567
1.0077
-0.52348
0.50458
1.4733
-0.98253
-1.4801
0.47622
1.4449
-1.0116
0.91303
-0.50329
1.6415
0.42493
-1.4726
-0.51188
-0.48366
0.46151
-1.0202
-0.49546
-1.487
1.4283
1.4881
1.4803
-1.0038
-0.49436
1.5567
1.0374
1.4814
2.1911
-1.0091
-0.5004
-0.99743
-1.4994
-0.52805
0.99115
-1.6193
1.0204
1.5289
-1.51
-1.0028
1.3621
1.5412
-1.5198
0.94631
1.1479
-1.5058
-1.6837
-1.0151
0.5169
-0.38504
-0.17406
1.0288
0.42971
-0.0081358
-0.45595
0.41836
1.8465
1.4929
1.521
-0.99551
0.4413
-1.0016
-2.0102
0.50246
-0.50151
0.47212
1.4608
-1.0104
1.4335
-0.98586
0.089018
1.5352
-1.0005
-0.99491
1.6028
-0.89975
0.15292
-0.50645
0.42388
1.4385
-2.2776
-0.99087
-0.49156
-1.4953
-0.83111
0.57118
-1.0072
1.0609
0.47387
0.22894
1.4527
-0.50953
1.4164
-1.4978
-2.1727
0.64085
0.99945
1.5041
-0.99583
1.5395
-1.0128
-0.4946
1.1006
-0.50321
1.8443
0.98706
1.2977
-1.0168
0.34077
-1.6891
0.94895
0.66757
0.52926
0.96896
-1.5105
-1.5033
-1.512
1.4333
0.49309
0.56101
-2.0228
-1.1861
0.21545
0.88167
-0.51044
0.62802
1.4386
1.0007
1.0276
1.5227
-0.50513
0.559
-0.49134
1.0697
1.4884
-1.009
1.0009
-0.50343
-0.99767
-0.49667
-0.50866
0.98781
-1.4981
1.6445
1.5097
-1.2086
1.5434
-0.9984
0.22534
0.8379
-0.49602
-0.62726
-0.51085
1.4863
1.5183
1.0694
-0.78264
1.5122
-1.0969
0.51216
-1.004
-1.5103
-2.894
-1.5084
-1.0046
1.5425
-1.0042
0.63572
1.5996
1.5024
-1.0025
-0.98118
2.8777
0.53207
-1.5005
0.87412
1.56
1.8201
-0.49502
1.545
0.71165
1.4459
1.0835
1.024
1.5269
0.89588
-0.99863
-0.99404
0.89911
-0.71458
-1.4965
-0.99605
0.54729
-0.49499
1.1907
1.0192
0.97455
0.98782
1.6163
-0.49544
-0.49701
-0.49992
-1.5097
0.57918
-0.5135
0.4152
0.43518
0.56761
-1.1647
-0.99487
-0.47491
1.5338
-0.50034
-0.49571
-0.50484
-1.0009
1.6314
-0.49858
-0.99876
1.6938
1.2065
0.56595
-1.0051
1.4792
-1.5028
-0.99194
0.98003
-1.2938
0.52556
1.4278
1.58
1.1004
-1.514
-0.51287
-1.5014
1.4797
-1.0187
2.0943
-0.31119
0.50504
0.4849
-0.48207
-0.9895
-0.48792
-1.0153
-1.0697
1.0987
-0.99958
1.0979
1.4706
-0.99895
-1.4676
-0.49383
-1.003
-0.50308
-0.51187
0.60264
-1.004
-1.0191
1.581
-1.499
-1.4934
-0.50014
-1.5119
0.89374
-0.49954
0.53008
1.5803
0.29401
0.91079
0.44934
-1.0002
1.0944
-0.9054
-0.12419
-1.5038
-0.50046
-0.66158
-1.4991
-0.98417
1.5446
-1.4871
-0.49048
-1.4958
0.55374
1.4494
1.4861
1.4747
-0.4996
0.98847
0.40647
-2.1886
-0.50344
0.22672
1.5972
0.53948
-0.49507
-1.4901
0.58306
0.80009
-1.0011
-1.5125
-0.50974
-1.5037
-0.50255
-0.51124
-0.49397
1.0699
1.4389
-0.48502
-1.4901
-0.0074841
-0.99357
-0.11014
0.4391
-0.98771
-1.5082
1.0328
-1.0039
-1.0048
-1.4836
1.4616
0.91639
0.44231
1.494
0.3847
-0.98866
0.61576
-1.4836
0.52481
0.87399
-1.2558
-1.0004
-0.98565
-1.4629
-1.4781
-0.64727
-0.49796
-0.98753
-1.5053
1.5158
0.54687
-0.9974
-0.50139
-1.4899
0.35359
-1.4893
-0.49209
-0.49893
-1.001
-1.5083
0.54654
1.982
-1.0112
-0.515
-1.0041
1.0163
1.2798
0.45018
1.0016
1.5635
-0.50171
-1.4795
0.45649
1.0455
-1.5456
-1.4989
-1.0044
1.5544
1.4455
1.165
1.1267
1.758
-1.4973
-0.50131
0.84859
-0.50913
0.48141
-1.4991
-0.99217
1.4813
-0.5057
0.49448
0.61458
-0.36367
-1.5004
-1.0007
-1.0039
1.5619
0.61774
-0.83767
-0.49918
-0.50788
-1.004
-1.0092
1.5979
-0.49435
0.44318
-0.74177
1.3556
1.5142
-1.5002
0.48448
-1.9053
1.0526
-0.49717
0.49797
1.2289
0.36102
-0.93442
-1.5044
0.5321
0.52534
