1.1913
0.25991
1.5643
1.0868
1.7947
0.074893
-1.3242
1.1139
1.0942
0.5922
1.263
0.38246
-0.053799
-0.40672
1.327
0.78897
1.394
2.2999
2.24
0.88506
1.9127
0.60436
0.7749
-1.1562
-1.5783
0.53907
0.63888
0.92636
0.95511
1.7512
-0.3599
-0.034933
-0.69099
-0.041415
1.6933
0.49139
-0.77165
0.82735
-0.60344
0.39581
-1.237
2.5615
0.10627
0.99002
0.039073
1.7081
0.87293
1.1945
0.65173
1.4191
1.1774
1.1277
0.41744
0.47316
0.37008
0.25239
-0.37678
-0.82858
1.3432
0.10969
0.43689
0.33665
1.3386
1.3972
0.2027
0.0090691
1.0569
0.56521
1.2305
-3.2845
0.44149
-1.5703
1.3009
0.17797
1.2544
0.45093
0.65865
0.45593
0.46057
0.35264
0.13257
0.37089
2.0362
0.46667
0.64201
0.88315
1.3298
1.7837
0.18429
1.0726
-0.053438
-1.0065
1.2162
0.67014
0.66518
1.3729
-1.6116
0.1477
1.4761
0.97139
1.1127
0.90173
-0.047025
0.72506
-0.81233
1.2648
-0.096783
-0.17675
0.20032
0.76198
0.32185
0.73238
-0.47064
0.61524
2.1957
0.95404
0.95395
0.60768
1.8468
-1.2078
0.64805
-0.010939
-0.67406
1.1676
0.96735
-1.3687
1.3012
1.8085
0.060751
-1.0174
-0.33948
0.62956
0.0021503
0.99394
-0.64101
-0.095916
0.60667
0.16533
1.0175
0.81723
0.24251
1.3714
-0.12227
0.66793
1.0427
1.7063
1.9655
1.0689
-2.0902
1.1142
-1.7476
1.0373
-0.51926
-0.15551
0.95235
-0.36588
1.7323
1.0322
0.39046
0.53666
1.353
1.2639
0.2765
1.3343
2.2136
0.99619
0.11771
0.59456
-0.25566
1.4695
1.5396
1.5484
0.075366
1.602
-0.0826
0.89568
1.1487
1.4945
0.056243
-2.6856
0.7942
-0.56288
0.87119
1.2092
0.87773
0.77692
-0.11436
1.8374
-0.49995
0.23777
0.9597
1.0242
-0.1163
-0.16024
-0.1079
0.31946
0.20465
-0.38027
0.097722
0.83009
-0.67855
0.47114
1.4308
1.2851
0.85607
-0.38506
1.3759
0.097033
0.85031
1.525
1.1121
-0.12554
1.2342
0.013468
0.4252
0.22177
-0.55687
0.76666
0.22336
0.15589
0.46427
1.0066
0.15898
-1.4238
-1.4501
1.0058
-0.59924
-0.061021
1.3565
0.41436
0.52619
1.2634
-0.21937
1.1858
1.1943
1.2543
-0.20266
0.54125
-0.24597
0.57998
1.2341
0.4294
-0.22221
2.0556
-1.5468
-0.87475
0.91685
0.77518
0.034
3.064
-1.8272
0.69142
1.6661
0.13312
1.7406
1.5309
1.2967
0.20326
-0.048509
0.65223
-0.17568
1.1352
1.043
-0.74504
-1.1318
-0.11008
-0.5269
0.18743
-0.57803
1.4338
0.34022
1.5746
1.0553
-0.97854
-0.85996
1.3675
-0.33397
-0.9043
1.1784
-0.58822
0.15386
-0.45653
0.48822
0.69843
0.51255
0.24983
-0.77682
-0.0064023
2.7286
-0.1577
1.8428
1.3427
1.0988
-0.11453
1.4246
-0.33724
1.7775
0.84723
0.83703
0.57161
0.049276
0.94116
0.5367
0.77456
0.31245
-0.18554
-0.081259
0.85417
1.5494
0.11575
1.1628
0.085942
-0.087214
1.0104
1.4482
-0.1785
-0.086846
1.1975
1.9931
0.4115
2.5298
2.4391
-0.13652
-0.86783
1.1707
0.40735
1.3448
1.3014
0.72982
1.7093
0.63951
0.001566
0.35364
1.3856
1.4392
0.65589
1.9723
0.47574
-0.60639
0.16454
0.22921
0.87593
0.23777
1.437
0.52787
0.83111
0.58505
-2.4113
0.67432
1.8981
1.6007
1.9743
0.87302
-0.19806
0.06008
0.18186
1.8416
0.3232
0.95895
0.15062
-0.076865
1.6005
0.81349
-1.6493
1.8533
1.7587
0.98148
0.13864
0.095945
-2.7128
1.196
1.0522
1.3931
0.90362
0.97705
1.6412
0.50046
1.3595
0.80196
1.5868
0.4557
0.33314
1.0969
0.2898
0.74424
0.39825
0.87763
-1.5169
-0.20839
0.76941
0.60633
0.49952
0.21858
-0.41507
-1.0531
0.59385
1.2209
0.81475
1.1205
0.96839
1.6644
-0.48954
-0.37315
0.77265
-1.2689
0.38461
0.27717
0.83805
0.70904
0.77233
0.045641
1.2178
-0.098473
-0.49411
-0.62627
1.6083
-0.33767
1.423
0.32132
1.2096
2.2893
-0.16079
1.7058
-1.1329
0.39092
-0.75001
1.265
0.51096
0.31572
0.36974
0.80417
1.5963
0.9842
1.4288
0.78534
0.92525
1.5955
-0.53007
1.1885
-1.0848
0.62816
-0.7122
0.46662
0.51762
-0.72454
-0.33582
-0.65318
-0.26484
1.6797
1.1529
0.45609
-0.025799
1.0717
1.6543
0.81673
1.2936
1.2977
1.5895
1.9059
0.052468
1.1822
1.391
-0.16202
0.92724
-0.16686
-0.96621
-0.17696
0.042091
1.5022
1.1471
0.013871
-0.34236
1.1592
2.287
2.2443
0.77299
-1.1169
1.0412
1.0427
0.92068
1.7498
0.045491
0.74529
0.69509
0.59253
1.1228
1.5525
0.56612
-0.29355
-1.4282
0.39382
1.1024
1.6138
1.0522
0.72395
0.54224
1.4861
-0.32718
0.87924
1.1548
0.6014
-1.174
0.81895
1.563
0.94002
1.5641
-1.3045
-0.46521
0.85493
0.24455
0.43043
1.0736
-0.222
-0.2525
0.87477
0.78945
0.25258
0.68622
0.56773
1.7628
-0.7163
-1.662
0.76923
1.5984
0.98346
1.508
1.0969
1.023
0.81279
1.4107
-0.91211
0.25133
1.7901
0.55462
-0.58412
0.84193
0.030242
0.96175
1.189
-0.16591
1.187
1.0184
0.58019
-0.35786
1.0791
0.7808
1.2011
1.2708
0.24801
-0.69623
1.4158
2.3562
-0.3651
0.57048
-0.14441
1.9446
1.69
2.2385
0.56127
-0.049884
0.025029
1.3014
-1.2419
-0.25784
1.5854
0.52596
1.4989
-1.8867
0.61702
-0.92926
-0.32619
1.5775
-0.23255
0.76479
1.0072
0.75057
1.7587
-0.26321
0.19928
0.69421
0.91957
-0.53301
2.3782
-1.0656
1.9166
-0.41867
1.1981
1.37
0.76829
0.46288
-0.89786
-0.617
0.012058
-0.28049
1.5436
0.70464
0.53528
0.82895
0.095559
-0.44136
0.11153
1.1987
-1.1831
1.0658
-1.402
0.27826
0.16669
-0.30707
-0.23725
0.75402
-0.86224
0.92214
2.1424
1.3832
0.2428
0.3361
0.58407
2.0587
0.87356
0.41871
-0.142
1.2386
0.8653
-0.31545
1.0851
-0.63988
1.182
-0.65994
0.6765
0.18355
1.6538
1.1609
1.1219
0.60487
-0.3951
-1.1401
-0.49939
-1.0333
1.0142
-1.0341
2.1097
1.2747
1.3264
1.2298
1.7546
1.5833
0.97946
0.38401
0.077667
0.92918
-0.24078
-0.11228
0.093521
-0.21158
0.25158
1.5007
0.0015487
0.60782
0.8914
1.1064
1.5421
1.5362
0.47617
-0.029217
-0.24915
0.01061
-0.28128
2.0267
-0.056235
-1.4179
0.45909
1.7601
0.41576
-0.13113
1.9994
0.64966
1.6007
0.48937
0.72856
0.93754
0.28508
0.82905
0.92757
-0.37473
-0.92587
0.41415
-1.0024
0.67741
-0.47529
0.044568
0.97249
1.8155
-0.44551
0.90103
0.97378
-2.3623
2.3957
-1.1774
0.049226
0.62687
0.67186
1.4941
0.68333
1.1105
0.83092
0.07325
-2.1704
0.39481
0.67914
0.28383
0.29686
0.96726
0.95975
0.10993
-2.5803
-0.69769
0.57377
0.33722
-1.0708
1.0217
1.186
-0.71197
0.72244
1.4855
1.9009
0.83372
0.57102
-1.1801
0.79253
-0.37607
0.41935
1.306
-0.048335
0.30846
-0.14091
0.54956
0.19953
1.0765
-1.0788
-0.17346
0.80058
0.057658
1.2278
1.5379
-0.072498
0.96035
1.3301
1.3983
0.25292
1.7266
0.45241
0.053464
1.241
1.1516
0.80853
1.3183
0.71023
0.8377
-0.84735
-0.40945
1.4482
-1.5124
1.398
0.18385
0.85376
0.81159
1.6355
0.47661
0.91259
1.3573
0.42504
1.1594
0.42683
0.57883
0.97525
-0.48443
-0.87549
-2.0683
0.52816
0.24005
-0.15354
0.7436
0.49543
0.299
-0.68657
0.92937
0.56643
-0.75159
1.1105
0.94686
1.7083
1.678
-0.47112
0.35531
0.40434
1.3737
1.1517
0.48416
-0.097759
1.5047
1.0069
0.13173
1.1498
1.2344
0.34393
1.3366
1.1653
0.65864
-0.36591
-0.068146
-1.7764
0.89874
1.3795
0.38743
1.0878
0.55565
1.2309
0.38057
-0.37302
1.0038
-0.3152
-1.7258
0.47156
-0.43458
0.85212
-0.50607
0.95808
-0.11727
-0.25125
1.2654
-1.0731
-0.39573
-0.44191
0.38364
0.44734
2.1406
2.4445
0.16066
-1.4865
1.6538
-0.14363
0.49517
1.1026
0.49688
1.9958
0.28755
0.31191
-0.18623
0.49311
1.8901
-0.27478
2.0433
1.4306
-0.57569
1.4199
-0.52847
0.63958
0.33461
-1.3488
0.56516
1.0699
-0.0584
0.88005
1.3123
0.59173
0.22979
-1.6026
1.665
2.0801
-0.40396
0.050364
-0.080035
0.72186
-0.81681
-1.4287
1.0252
1.1145
0.094277
0.081802
1.754
0.73793
-0.32171
2.235
-1.8691
0.358
-0.078225
0.97756
-0.1002
0.047405
0.45139
2.0562
0.90947
0.12514
0.92308
1.4056
0.18183
-4.083
1.082
-0.040836
0.82317
0.56749
0.41111
-0.91594
-0.30511
0.062535
1.071
0.7938
0.028659
1.4293
1.2063
-1.4955
1.0161
1.5233
0.89881
1.0468
0.031006
1.2529
0.57609
0.96595
0.36734
-0.034568
-1.9795
1.4624
1.5986
0.074905
-0.46739
-0.56625
0.69191
0.024098
-0.48068
1.5063
1.5946
-0.40533
0.99951
0.12533
1.5969
-0.9045
-0.28702
0.94404
1.4586
1.3506
1.2028
0.25367
-0.87256
0.11086
0.68026
-1.0079
1.163
1.025
0.048554
-0.27422
0.69655
-1.5662
-0.17726
-0.65
1.017
0.41159
0.58662
-1.0128
0.022792
1.1941
-0.23644
0.75912
-0.78753
1.444
0.69669
0.12097
0.88831
0.41414
1.0503
0.5741
1.811
-0.96805
0.36028
1.0699
1.8242
1.1546
0.41314
-0.53813
0.49373
1.7924
0.54434
1.138
1.8634
-0.63666
0.65569
-1.3366
1.4815
0.87036
-0.13164
-1.7006
0.79148
1.1403
-0.87843
1.5303
-0.89447
0.017989
-0.13799
1.8776
0.53705
