+0.108 +0.000 +0.108 +0.082 +0.000 +0.001 +0.000 +0.000 +0.108 +0.000 +0.108 +0.077 +0.082 +0.000 +0.077 +0.100 
+0.000 +0.000 +0.000 +0.000 +0.000 +0.000 +0.000 +0.000 +0.000 +0.000 +0.000 +0.000 +0.000 +0.000 +0.000 +0.000 
+0.108 +0.000 +0.107 +0.082 +0.000 +0.001 +0.000 +0.000 +0.107 +0.000 +0.107 +0.076 +0.082 +0.000 +0.076 +0.098 
+0.082 +0.000 +0.082 +0.063 +0.000 +0.001 +0.000 +0.000 +0.082 +0.000 +0.082 +0.059 +0.063 +0.000 +0.059 +0.082 
+0.000 +0.000 +0.000 +0.000 +0.000 +0.000 +0.000 +0.000 +0.000 +0.000 +0.000 +0.000 +0.000 +0.000 +0.000 +0.000 
+0.001 +0.000 +0.001 +0.001 +0.000 +0.092 +0.000 +0.000 +0.001 +0.000 +0.001 +0.001 +0.001 +0.000 +0.001 +0.001 
+0.000 +0.000 +0.000 +0.000 +0.000 +0.000 +0.000 +0.000 +0.000 +0.000 +0.000 +0.000 +0.000 +0.000 +0.000 +0.000 
+0.000 +0.000 +0.000 +0.000 +0.000 +0.000 +0.000 +0.000 +0.000 +0.000 +0.000 +0.000 +0.000 +0.000 +0.000 +0.000 
+0.108 +0.000 +0.107 +0.082 +0.000 +0.001 +0.000 +0.000 +0.107 +0.000 +0.107 +0.076 +0.082 +0.000 +0.076 +0.098 
+0.000 +0.000 +0.000 +0.000 +0.000 +0.000 +0.000 +0.000 +0.000 +0.000 +0.000 +0.000 +0.000 +0.000 +0.000 +0.000 
+0.108 +0.000 +0.107 +0.082 +0.000 +0.001 +0.000 +0.000 +0.107 +0.000 +0.108 +0.076 +0.082 +0.000 +0.076 +0.097 
+0.077 +0.000 +0.076 +0.059 +0.000 +0.001 +0.000 +0.000 +0.076 +0.000 +0.076 +0.055 +0.059 +0.000 +0.055 +0.076 
+0.082 +0.000 +0.082 +0.063 +0.000 +0.001 +0.000 +0.000 +0.082 +0.000 +0.082 +0.059 +0.063 +0.000 +0.059 +0.082 
+0.000 +0.000 +0.000 +0.000 +0.000 +0.000 +0.000 +0.000 +0.000 +0.000 +0.000 +0.000 +0.000 +0.000 +0.000 +0.000 
+0.077 +0.000 +0.076 +0.059 +0.000 +0.001 +0.000 +0.000 +0.076 +0.000 +0.076 +0.055 +0.059 +0.000 +0.055 +0.076 
+0.100 +0.000 +0.098 +0.082 +0.000 +0.001 +0.000 +0.000 +0.098 +0.000 +0.097 +0.076 +0.082 +0.000 +0.076 +0.107 
