1.191300,0.414125,0.396699,0.394124,0.531830
0.259910,0.346156,0.369649,0.373280,0.334550
1.564300,0.260401,0.246328,0.258722,0.351410
1.086800,0.453614,0.429380,0.420021,0.556820
1.794700,0.162188,0.152010,0.171796,0.222050
0.074893,0.359154,0.347898,0.345954,0.261180
-1.324200,0.056172,0.063827,0.067992,0.035978
1.113900,0.445806,0.422087,0.414204,0.551800
1.094200,0.451628,0.427484,0.418500,0.555540
0.592200,0.425157,0.422691,0.421229,0.479190
1.263000,0.375747,0.369225,0.371698,0.506480
0.382460,0.392538,0.389306,0.391494,0.388350
-0.053799,0.346805,0.326617,0.322695,0.218080
-0.406720,0.222101,0.215773,0.226984,0.132640
1.327000,0.344244,0.343351,0.349428,0.479030
0.788970,0.443115,0.444475,0.439543,0.543740
1.394000,0.318507,0.315999,0.324628,0.446220
2.299900,0.042906,0.038321,0.048308,0.047203
2.240000,0.048387,0.045838,0.057190,0.058889
0.885060,0.468159,0.450562,0.441434,0.561070
1.912700,0.114372,0.111072,0.132533,0.165200
0.604360,0.423989,0.424241,0.422729,0.484010
0.774900,0.438878,0.443172,0.438776,0.540300
-1.156200,0.078781,0.079486,0.084618,0.046347
-1.578300,0.050984,0.045772,0.047861,0.023857
0.539070,0.428753,0.415417,0.414286,0.457300
0.638880,0.421198,0.428457,0.426781,0.497220
0.926360,0.472772,0.450758,0.440111,0.564880
0.955110,0.473269,0.449676,0.438311,0.566150
1.751200,0.180341,0.169039,0.187462,0.245090
-0.359900,0.237447,0.231463,0.241065,0.141590
-0.034933,0.350910,0.330576,0.326515,0.223970
-0.690990,0.133802,0.141527,0.152709,0.089494
-0.041415,0.349572,0.329252,0.325221,0.221930
1.693300,0.204789,0.192640,0.209015,0.277110
0.491390,0.426470,0.408096,0.407618,0.436750
-0.771650,0.120191,0.128443,0.137098,0.080043
0.827350,0.454679,0.447609,0.441045,0.552010
-0.603440,0.155731,0.159550,0.172571,0.100990
0.395810,0.398475,0.391661,0.393501,0.394310
-1.237000,0.063827,0.071008,0.076164,0.041098
2.561500,0.011688,0.011410,0.020237,0.016189
0.106270,0.355847,0.351584,0.350837,0.272740
0.990020,0.471167,0.446821,0.435093,0.566110
0.039073,0.359883,0.343169,0.340075,0.248490
1.708100,0.198444,0.186536,0.203442,0.268790
0.872930,0.465940,0.450168,0.441558,0.559520
1.194500,0.412521,0.395535,0.393194,0.530850
0.651730,0.420634,0.429968,0.428204,0.501940
1.419100,0.310094,0.305768,0.315083,0.433050
1.177400,0.420858,0.401670,0.398079,0.536010
1.127700,0.441219,0.418018,0.410988,0.548840
0.417440,0.407346,0.395486,0.396745,0.403980
0.473160,0.423585,0.405104,0.404984,0.428750
0.370080,0.386849,0.387138,0.389632,0.382820
0.252390,0.344911,0.368618,0.372185,0.331350
-0.376780,0.232056,0.225746,0.235976,0.138290
-0.828580,0.116134,0.120607,0.127452,0.073955
1.343200,0.337407,0.336739,0.343544,0.471410
0.109690,0.355370,0.351969,0.351357,0.274020
0.436890,0.414225,0.398902,0.399646,0.412660
0.336650,0.371511,0.381424,0.384617,0.367960
1.338600,0.339302,0.338617,0.345223,0.473610
1.397200,0.317411,0.314694,0.323417,0.444570
0.202700,0.342735,0.362333,0.364999,0.310600
0.009069,0.357794,0.338588,0.334832,0.238270
1.056900,0.460657,0.436257,0.425644,0.561140
0.565210,0.427490,0.419105,0.417775,0.468220
1.230500,0.393470,0.381986,0.382252,0.518770
-3.284500,0.000000,0.000001,0.000253,0.000362
0.441490,0.415673,0.399703,0.400329,0.414710
-1.570300,0.051790,0.046451,0.048468,0.024181
1.300900,0.356268,0.353972,0.358716,0.490710
0.177970,0.344937,0.359486,0.361428,0.300570
1.254400,0.380401,0.372638,0.374547,0.509870
0.450930,0.418412,0.401336,0.401726,0.418910
0.658650,0.420488,0.430771,0.427780,0.504430
0.455930,0.419734,0.402193,0.402462,0.421130
0.460570,0.420879,0.402984,0.403144,0.423190
0.352640,0.378757,0.384125,0.387012,0.375050
0.132570,0.351829,0.354496,0.354789,0.282720
0.370890,0.387224,0.387279,0.389754,0.383180
2.036200,0.077706,0.079050,0.098072,0.116030
0.466670,0.422263,0.404016,0.404038,0.425880
0.642010,0.421029,0.428828,0.427132,0.498380
0.883150,0.467835,0.450510,0.441461,0.560840
1.329800,0.343029,0.342209,0.348417,0.477710
1.783700,0.166794,0.156241,0.175707,0.227810
0.184290,0.344217,0.360200,0.362342,0.303110
1.072600,0.457147,0.432805,0.422798,0.559020
-0.053438,0.346890,0.326696,0.322769,0.218190
-1.006500,0.104046,0.098267,0.102317,0.057569
1.216200,0.401210,0.387457,0.386699,0.523740
0.670140,0.420526,0.432088,0.430152,0.508500
0.665180,0.420464,0.431522,0.429638,0.506760
1.372900,0.325967,0.324609,0.332560,0.456930
-1.611600,0.047231,0.042841,0.045326,0.022536
0.147700,0.349352,0.356145,0.357021,0.288580
1.476100,0.291642,0.282544,0.293098,0.401910
0.971390,0.472631,0.448564,0.436954,0.566350
1.112700,0.446184,0.422430,0.414476,0.552030
0.901730,0.470580,0.450868,0.441072,0.562880
-0.047025,0.348352,0.328075,0.324085,0.220170
0.725060,0.426336,0.438132,0.435255,0.526440
-0.812330,0.116909,0.122760,0.130102,0.075647
1.264800,0.374781,0.368508,0.371097,0.505770
-0.096783,0.335127,0.316394,0.313382,0.205210
-0.176750,0.305277,0.293402,0.293810,0.183240
0.200320,0.342869,0.362052,0.364655,0.309620
0.761980,0.435165,0.441922,0.437980,0.536950
0.321850,0.365174,0.378988,0.382408,0.361430
0.732380,0.427818,0.438904,0.435845,0.528620
-0.470640,0.199249,0.195457,0.208173,0.121360
0.615240,0.422978,0.425598,0.424041,0.488250
2.195700,0.051956,0.051786,0.064558,0.068926
0.954040,0.473288,0.449736,0.438391,0.566120
0.953950,0.473290,0.449741,0.438398,0.566120
0.607680,0.423674,0.424658,0.423133,0.485310
1.846800,0.140326,0.132833,0.153804,0.195860
-1.207800,0.068724,0.073862,0.079122,0.042938
0.648050,0.420759,0.429538,0.427801,0.500600
-0.010939,0.355169,0.335149,0.331149,0.231670
-0.674060,0.137633,0.144669,0.156307,0.091611
1.167600,0.425350,0.405081,0.400781,0.538810
0.967350,0.472847,0.448875,0.437314,0.566330
-1.368700,0.056104,0.060733,0.064173,0.033573
1.301200,0.356122,0.353850,0.358611,0.490580
1.808500,0.156391,0.146785,0.166941,0.214990
0.060751,0.359864,0.346112,0.343677,0.256110
-1.017400,0.102619,0.096872,0.100943,0.056680
-0.339480,0.243860,0.238445,0.247218,0.145700
0.629560,0.421806,0.427343,0.425719,0.493730
0.002150,0.356990,0.337436,0.333577,0.235970
0.993940,0.470767,0.446389,0.434659,0.566000
-0.641010,0.145719,0.151265,0.163667,0.095887
-0.095916,0.335395,0.316616,0.313579,0.205460
0.606670,0.423769,0.424532,0.423010,0.484920
0.165330,0.346624,0.358078,0.359595,0.295520
1.017500,0.467757,0.443303,0.431738,0.564850
0.817230,0.451719,0.446853,0.440738,0.550000
0.242510,0.343656,0.367297,0.370751,0.327160
1.371400,0.326516,0.325222,0.333120,0.457650
-0.122270,0.326673,0.309577,0.307455,0.197940
0.667930,0.420490,0.431836,0.429924,0.507720
1.042700,0.460124,0.437502,0.426844,0.562740
1.706300,0.199211,0.187276,0.204118,0.269810
1.965500,0.096792,0.095967,0.116886,0.142820
1.068900,0.458010,0.433651,0.423490,0.559560
-2.090200,0.010138,0.011046,0.014784,0.009038
1.114200,0.445710,0.422001,0.414136,0.551740
-1.747600,0.030515,0.030214,0.034982,0.017715
1.037300,0.464494,0.440055,0.428864,0.563270
-0.519260,0.181895,0.181188,0.194475,0.113450
-0.155510,0.314056,0.299940,0.299282,0.188840
0.952350,0.473314,0.449827,0.438516,0.566080
-0.365880,0.235551,0.229431,0.239262,0.140420
1.732300,0.188229,0.176651,0.194420,0.255400
1.032200,0.465395,0.440949,0.429641,0.563730
0.390460,0.396128,0.390716,0.392696,0.391920
0.536660,0.428796,0.415065,0.413958,0.456270
1.353000,0.333488,0.332736,0.339946,0.466720
1.263900,0.375264,0.368867,0.371398,0.506140
0.276500,0.349780,0.372003,0.375705,0.341670
1.334300,0.341106,0.340372,0.346787,0.475610
2.213600,0.050479,0.049332,0.061492,0.064706
0.996190,0.470524,0.446131,0.434404,0.565930
0.117710,0.354188,0.352863,0.352569,0.277040
0.594560,0.424931,0.422995,0.421523,0.480130
-0.255660,0.272416,0.267336,0.272026,0.163910
1.469500,0.293787,0.285235,0.295659,0.405580
1.539600,0.269820,0.256527,0.268357,0.365740
1.548400,0.266536,0.252899,0.264923,0.360630
0.075366,0.359121,0.347956,0.346030,0.261360
1.602000,0.244863,0.230671,0.244052,0.329520
-0.082600,0.339337,0.319949,0.316550,0.209370
0.895680,0.469788,0.450790,0.441230,0.562270
1.148700,0.433360,0.411412,0.405779,0.543820
1.494500,0.285582,0.275030,0.285944,0.391560
0.056243,0.359976,0.345522,0.342940,0.254510
-2.685600,0.006156,0.004449,0.005126,0.002168
0.794200,0.444715,0.444941,0.439800,0.544970
-0.562880,0.167626,0.169456,0.182806,0.106810
0.871190,0.465591,0.450100,0.441566,0.559280
1.209200,0.404930,0.390094,0.388829,0.526090
0.877730,0.466862,0.450340,0.441523,0.560150
0.776920,0.439477,0.443363,0.438893,0.540810
-0.114360,0.329418,0.311749,0.309327,0.200170
1.837400,0.144247,0.136177,0.156980,0.200460
-0.499950,0.188659,0.186715,0.199836,0.116530
0.237770,0.339713,0.365040,0.368835,0.325170
0.959700,0.473153,0.449400,0.437953,0.566240
1.024200,0.466724,0.442271,0.430808,0.564380
-0.116300,0.328755,0.311221,0.308870,0.199620
-0.160240,0.312138,0.298507,0.298080,0.187570
-0.107900,0.331579,0.313486,0.310834,0.202010
0.319460,0.364197,0.378601,0.382052,0.360380
0.204650,0.342640,0.362564,0.365280,0.311400
-0.380270,0.230924,0.224572,0.234925,0.137620
0.097722,0.356953,0.350610,0.349528,0.269550
0.830090,0.455460,0.447804,0.441117,0.552530
-0.678550,0.136594,0.143820,0.155341,0.091045
0.471140,0.423190,0.404767,0.404690,0.427860
1.430800,0.306277,0.301002,0.310600,0.426790
1.285100,0.364136,0.360364,0.364207,0.497460
0.856070,0.462262,0.449404,0.441542,0.557040
-0.385060,0.229359,0.222965,0.233483,0.136700
1.375900,0.324878,0.323385,0.331438,0.455440
0.097033,0.357036,0.350531,0.349421,0.269290
0.850310,0.460862,0.449090,0.441489,0.556110
1.525000,0.275104,0.262533,0.274054,0.374110
1.112100,0.446372,0.422601,0.414611,0.552150
-0.125540,0.325507,0.308665,0.306673,0.197020
1.234200,0.391448,0.380554,0.381081,0.517430
0.013468,0.358246,0.339301,0.335621,0.239750
0.425200,0.410231,0.396854,0.397905,0.407450
0.221770,0.342390,0.364644,0.367750,0.318470
-0.556870,0.169500,0.171007,0.184374,0.107700
0.766660,0.436484,0.442380,0.438278,0.538180
0.223360,0.342424,0.364842,0.367980,0.319130
0.155890,0.348046,0.357040,0.358220,0.291790
0.464270,0.421735,0.403611,0.403687,0.424820
1.006600,0.469274,0.444835,0.433156,0.565480
0.158980,0.347569,0.357379,0.358670,0.293010
-1.423800,0.057251,0.057121,0.059700,0.030765
-1.450100,0.057534,0.055391,0.057638,0.029494
1.005800,0.469378,0.444941,0.433256,0.565520
-0.599240,0.156907,0.160529,0.173602,0.101580
-0.061021,0.345068,0.325015,0.321190,0.215860
1.356500,0.332125,0.331307,0.338654,0.465010
0.414360,0.406154,0.394942,0.396284,0.402600
0.526190,0.428806,0.413515,0.412520,0.451820
1.263400,0.375532,0.369066,0.371565,0.506320
-0.219370,0.287115,0.279593,0.282300,0.172520
1.185800,0.416837,0.398684,0.395706,0.533530
1.194300,0.412622,0.395608,0.393252,0.530920
1.254300,0.380455,0.372678,0.374580,0.509880
-0.202660,0.294221,0.285100,0.286891,0.176650
0.541250,0.428703,0.415733,0.414582,0.458220
-0.245970,0.276206,0.270640,0.274806,0.166170
0.579980,0.426291,0.421094,0.419685,0.474270
1.234100,0.391503,0.380593,0.381112,0.517440
0.429400,0.411717,0.397592,0.398531,0.409320
-0.222210,0.285922,0.278647,0.281510,0.171830
2.055600,0.073201,0.075023,0.093348,0.109340
-1.546800,0.053893,0.048382,0.050251,0.025154
-0.874750,0.114582,0.114722,0.120313,0.069340
0.916850,0.472123,0.450885,0.440544,0.564210
0.775180,0.438961,0.443199,0.438793,0.540370
0.034000,0.359698,0.342438,0.339210,0.246740
3.064000,0.000021,0.000094,0.001366,0.001523
-1.827200,0.022652,0.023674,0.029206,0.015285
0.691420,0.421635,0.434478,0.432264,0.515750
1.666100,0.216666,0.203933,0.219348,0.292530
0.133120,0.351739,0.354556,0.354871,0.282930
1.740600,0.184759,0.173295,0.191354,0.250830
1.530900,0.272992,0.260108,0.271752,0.370740
1.296700,0.358318,0.355675,0.360186,0.492540
0.203260,0.342706,0.362399,0.365079,0.310830
-0.048509,0.348020,0.327759,0.323782,0.219710
0.652230,0.420619,0.430027,0.428258,0.502120
-0.175680,0.305728,0.293737,0.294090,0.183520
1.135200,0.438537,0.415714,0.409170,0.547120
1.043000,0.463440,0.439010,0.427966,0.562710
-0.745040,0.123661,0.132453,0.141978,0.083049
-1.131800,0.083624,0.082372,0.087331,0.048041
-0.110080,0.330858,0.312904,0.310328,0.201390
-0.526900,0.179287,0.179056,0.192385,0.112260
0.187430,0.343896,0.360558,0.362795,0.304380
-0.578030,0.163035,0.165639,0.178910,0.104600
1.433800,0.305305,0.299780,0.309447,0.425200
0.340220,0.373101,0.382021,0.385151,0.369550
1.574600,0.256288,0.242060,0.254708,0.345440
1.055300,0.460993,0.436589,0.425921,0.561330
-0.978540,0.107373,0.101817,0.105909,0.059908
-0.859960,0.115059,0.116579,0.122541,0.070789
1.367500,0.327955,0.326814,0.334574,0.459630
-0.333970,0.245590,0.240338,0.248876,0.146830
-0.904300,0.113362,0.111055,0.116010,0.066526
1.178400,0.420387,0.401318,0.397799,0.535720
-0.588220,0.160049,0.163150,0.176338,0.103140
0.153860,0.348365,0.356818,0.357923,0.290990
-0.456530,0.204396,0.199805,0.212260,0.123760
0.488220,0.426054,0.407583,0.407163,0.435370
0.698430,0.422316,0.435253,0.432923,0.518060
0.512550,0.428353,0.411439,0.410620,0.445950
0.249830,0.344545,0.368272,0.371813,0.330260
-0.776820,0.119644,0.127694,0.136178,0.079471
-0.006402,0.355843,0.335958,0.331999,0.233150
2.728600,0.001916,0.003220,0.009657,0.007587
-0.157700,0.313171,0.299278,0.298726,0.188250
1.842800,0.141991,0.134250,0.155152,0.197820
1.342700,0.337611,0.336943,0.343727,0.471640
1.098800,0.450340,0.426269,0.417528,0.554730
-0.114530,0.329360,0.311703,0.309287,0.200120
1.424600,0.308294,0.303527,0.312978,0.430150
-0.337240,0.244563,0.239214,0.247893,0.146160
1.777500,0.169385,0.158649,0.177927,0.231080
0.847230,0.460086,0.448912,0.441451,0.555600
0.837030,0.457391,0.448276,0.441277,0.553820
0.571610,0.427002,0.419975,0.418609,0.470860
0.049276,0.360038,0.344588,0.341788,0.252050
0.941160,0.473297,0.450337,0.439278,0.565680
0.536700,0.428795,0.415071,0.413963,0.456290
0.774560,0.438778,0.443140,0.438757,0.540210
0.312450,0.361420,0.377478,0.381010,0.357300
-0.185540,0.301546,0.290622,0.291491,0.180980
-0.081259,0.339717,0.320276,0.316845,0.209770
0.854170,0.461808,0.449303,0.441528,0.556740
1.549400,0.266157,0.252486,0.264533,0.360050
0.115750,0.354484,0.352645,0.352274,0.276300
1.162800,0.427468,0.406721,0.402077,0.540140
0.085942,0.358239,0.349234,0.347699,0.265210
-0.087214,0.338006,0.318812,0.315530,0.208010
1.010400,0.468769,0.444322,0.432675,0.565280
1.448200,0.297122,0.292146,0.302607,0.417370
-0.178500,0.304537,0.292852,0.293351,0.182790
-0.086846,0.338114,0.318903,0.315611,0.208120
1.197500,0.411000,0.394436,0.392315,0.529920
1.993100,0.088812,0.088924,0.109244,0.131930
0.411500,0.405023,0.394437,0.395855,0.401330
2.529800,0.014845,0.013893,0.022862,0.018587
2.439100,0.025501,0.022455,0.031494,0.027252
-0.136520,0.321466,0.305542,0.304012,0.193980
-0.867830,0.114810,0.115589,0.121349,0.070015
1.170700,0.423953,0.404011,0.399934,0.537930
0.407350,0.403346,0.393703,0.395233,0.399470
1.344800,0.336757,0.336085,0.342958,0.470680
1.301400,0.352545,0.352080,0.357301,0.490500
0.729820,0.427283,0.438635,0.435641,0.527870
1.709300,0.197933,0.186043,0.202992,0.268120
0.639510,0.421162,0.428532,0.426852,0.497450
0.001566,0.356917,0.337337,0.333470,0.235780
0.353640,0.379219,0.384296,0.387162,0.375500
1.385600,0.321424,0.319426,0.327797,0.450520
1.439200,0.303559,0.297581,0.307370,0.422270
0.655890,0.420532,0.430452,0.428654,0.503440
1.972300,0.094755,0.094177,0.114968,0.140090
0.475740,0.424067,0.405533,0.405359,0.429890
-0.606390,0.154913,0.158869,0.171852,0.100580
0.164540,0.346739,0.357991,0.359480,0.295210
0.229210,0.342637,0.365578,0.368825,0.321570
0.875930,0.466523,0.450278,0.441538,0.559920
0.237770,0.339713,0.365040,0.368835,0.325170
1.437000,0.304269,0.298477,0.308217,0.423450
0.527870,0.428825,0.413766,0.412752,0.452530
0.831110,0.455749,0.447875,0.441143,0.552730
0.585050,0.425831,0.421762,0.420330,0.476320
-2.411300,0.004950,0.007031,0.007871,0.004366
0.674320,0.420633,0.432562,0.430580,0.509950
1.898100,0.119794,0.115625,0.137087,0.171760
1.600700,0.241828,0.229347,0.243203,0.330260
1.974300,0.094165,0.093658,0.114409,0.139260
0.873020,0.465957,0.450171,0.441557,0.559530
-0.198060,0.296191,0.286597,0.288138,0.177800
0.060080,0.359885,0.346025,0.343568,0.255870
0.181860,0.344483,0.359924,0.361990,0.302130
1.841600,0.142492,0.134676,0.155557,0.198410
0.323200,0.365732,0.379207,0.382609,0.362030
0.958950,0.473175,0.449447,0.438013,0.566230
0.150620,0.348881,0.356464,0.357449,0.289720
-0.076865,0.340939,0.321336,0.317804,0.211080
1.600500,0.245504,0.231296,0.244634,0.330400
0.813490,0.450599,0.446560,0.440607,0.549220
-1.649300,0.042503,0.039364,0.042447,0.021112
1.853300,0.137632,0.130554,0.151628,0.192700
1.758700,0.173559,0.164060,0.183311,0.241050
0.981480,0.471930,0.447683,0.435987,0.566280
0.138640,0.350834,0.355158,0.355688,0.285060
0.095945,0.357165,0.350405,0.349254,0.268890
-2.712800,0.005484,0.003811,0.004785,0.002014
1.196000,0.411762,0.394986,0.392755,0.530380
1.052200,0.458257,0.435653,0.425279,0.561690
1.393100,0.318816,0.316366,0.324968,0.446660
0.903620,0.470807,0.450884,0.441017,0.563070
0.977050,0.472265,0.448088,0.436424,0.566330
1.641200,0.227695,0.214318,0.228896,0.306790
0.500460,0.427463,0.409547,0.408912,0.440710
1.359500,0.330971,0.330081,0.337545,0.463540
0.801960,0.447095,0.445612,0.440152,0.546730
1.586800,0.251282,0.236996,0.249959,0.338320
0.455700,0.419675,0.402154,0.402429,0.421030
0.333140,0.369968,0.380840,0.384092,0.366410
1.096900,0.447492,0.425191,0.416752,0.555060
0.289800,0.353522,0.373970,0.377660,0.347420
0.744240,0.430524,0.440135,0.436750,0.532060
0.398250,0.399528,0.392093,0.393867,0.395400
0.877630,0.466844,0.450337,0.441524,0.560140
-1.516900,0.055907,0.050699,0.052519,0.026440
-0.208390,0.291772,0.283224,0.285328,0.175220
0.769410,0.437273,0.442647,0.438448,0.538900
0.606330,0.423801,0.424489,0.422969,0.484780
0.499520,0.427373,0.409398,0.408779,0.440300
0.218580,0.342353,0.364249,0.367289,0.317140
-0.415070,0.219222,0.213036,0.224490,0.131100
-1.053100,0.097476,0.092280,0.096539,0.053852
0.593850,0.424999,0.422904,0.421434,0.479850
1.220900,0.398683,0.385670,0.385252,0.522130
0.814750,0.450978,0.446660,0.440652,0.549480
1.120500,0.443667,0.420170,0.412687,0.550410
0.968390,0.472795,0.448797,0.437223,0.566340
1.664400,0.217416,0.204641,0.219998,0.293470
-0.489540,0.192388,0.189773,0.202771,0.118220
-0.373150,0.233226,0.226971,0.237070,0.139000
0.772650,0.438216,0.442958,0.438644,0.539730
-1.268900,0.059701,0.068164,0.073061,0.039160
0.384610,0.393511,0.389685,0.391817,0.389310
0.277170,0.349951,0.372101,0.375803,0.341950
0.838050,0.457668,0.448343,0.441297,0.554000
0.709040,0.423649,0.436412,0.433887,0.521470
0.772330,0.438123,0.442927,0.438625,0.539650
0.045641,0.360016,0.344090,0.341181,0.250780
1.217800,0.400352,0.386850,0.386208,0.523200
-0.098473,0.334602,0.315958,0.312999,0.204720
-0.494110,0.190745,0.188424,0.201479,0.117470
-0.626270,0.149544,0.154414,0.167093,0.097858
1.608300,0.242152,0.228046,0.241608,0.325870
-0.337670,0.244428,0.239066,0.247763,0.146070
1.423000,0.308816,0.304179,0.313590,0.431010
0.321320,0.364956,0.378902,0.382329,0.361200
1.209600,0.404719,0.389945,0.388708,0.525960
2.289300,0.043999,0.039618,0.049798,0.049128
-0.160790,0.311914,0.298340,0.297939,0.187430
1.705800,0.199424,0.187482,0.204306,0.270080
-1.132900,0.083409,0.082240,0.087207,0.047965
0.390920,0.396332,0.390797,0.392766,0.392120
-0.750010,0.122929,0.131683,0.141047,0.082479
1.265000,0.374674,0.368428,0.371030,0.505700
0.510960,0.428263,0.411193,0.410397,0.445260
0.315720,0.362698,0.378000,0.381496,0.358740
0.369740,0.386691,0.387079,0.389581,0.382670
0.804170,0.447771,0.445799,0.440245,0.547220
1.596300,0.247291,0.233044,0.246266,0.332840
0.984200,0.471703,0.447421,0.435710,0.566240
1.428800,0.306926,0.301817,0.311367,0.427880
0.785340,0.442009,0.444146,0.439356,0.542880
0.925250,0.472709,0.450778,0.440165,0.564810
1.595500,0.247630,0.233377,0.246576,0.333260
-0.530070,0.178217,0.178181,0.191524,0.111770
1.188500,0.415513,0.397713,0.394932,0.532720
-1.084800,0.092304,0.088219,0.092748,0.051443
0.628160,0.421910,0.427174,0.425558,0.493200
-0.712200,0.129391,0.137801,0.148362,0.086908
0.466620,0.422252,0.404008,0.404031,0.425860
0.517620,0.428587,0.412218,0.411330,0.448140
-0.724540,0.127065,0.135735,0.145915,0.085439
-0.335820,0.245008,0.239702,0.248320,0.146450
-0.653180,0.142659,0.148763,0.160905,0.094291
-0.264840,0.268931,0.264191,0.269371,0.161810
1.679700,0.210695,0.198276,0.214168,0.284750
1.152900,0.431656,0.410035,0.404693,0.542750
0.456090,0.419775,0.402221,0.402486,0.421200
-0.025799,0.352664,0.332377,0.328308,0.226870
1.071700,0.457359,0.433013,0.422967,0.559150
1.654300,0.221884,0.208851,0.223864,0.299240
0.816730,0.451570,0.446815,0.440721,0.549890
1.293600,0.359851,0.356930,0.361266,0.493870
1.297700,0.357827,0.355270,0.359837,0.492130
1.589500,0.250155,0.235873,0.248909,0.336790
1.905900,0.116869,0.113173,0.134642,0.168210
0.052468,0.360027,0.345019,0.342317,0.253180
1.182200,0.418579,0.399971,0.396729,0.534610
1.391000,0.319541,0.317223,0.325761,0.447780
-0.162020,0.311411,0.297965,0.297625,0.187100
0.927240,0.472820,0.450741,0.440067,0.564940
-0.166860,0.309415,0.296479,0.296381,0.185820
-0.966210,0.108673,0.103368,0.107527,0.060964
-0.176960,0.305188,0.293336,0.293755,0.183190
0.042091,0.359959,0.343595,0.340585,0.249540
1.502200,0.282996,0.271880,0.282945,0.387160
1.147100,0.433997,0.411932,0.406189,0.544230
0.013871,0.358285,0.339365,0.335693,0.239880
-0.342360,0.242958,0.237456,0.246351,0.145110
1.159200,0.429019,0.407937,0.403037,0.541110
2.287000,0.044229,0.039901,0.050125,0.049550
2.244300,0.048040,0.045281,0.056513,0.057978
0.772990,0.438316,0.442990,0.438664,0.539810
-1.116900,0.086492,0.084192,0.089021,0.049095
1.041200,0.463778,0.439346,0.428253,0.562880
1.042700,0.460124,0.437502,0.426844,0.562740
0.920680,0.472414,0.450847,0.440379,0.564490
1.749800,0.180924,0.169599,0.187975,0.245870
0.045491,0.360014,0.344069,0.341156,0.250730
0.745290,0.430781,0.440243,0.436827,0.532360
0.695090,0.421971,0.434885,0.432611,0.516960
0.592530,0.425126,0.422734,0.421270,0.479320
1.122800,0.442898,0.419489,0.412149,0.549910
1.552500,0.264979,0.251207,0.263324,0.358230
0.566120,0.427424,0.419230,0.417894,0.468600
-0.293550,0.258699,0.254294,0.260949,0.155400
-1.428200,0.057324,0.056833,0.059352,0.030549
0.393820,0.397608,0.391310,0.393202,0.393420
1.102400,0.449303,0.425298,0.416754,0.554050
1.613800,0.239766,0.225753,0.239477,0.322650
1.052200,0.458257,0.435653,0.425279,0.561700
0.723950,0.426125,0.438014,0.435164,0.526100
0.542240,0.428676,0.415876,0.414716,0.458630
1.486100,0.288366,0.278462,0.289212,0.396310
-0.327180,0.247729,0.242676,0.250916,0.148230
0.879240,0.467141,0.450390,0.441508,0.560350
1.154800,0.430871,0.409406,0.404197,0.542260
0.601400,0.424272,0.423868,0.422367,0.482840
-1.174000,0.075218,0.077467,0.082685,0.045148
0.818950,0.452229,0.446986,0.440795,0.550350
1.563000,0.260912,0.246866,0.259229,0.352180
0.940020,0.473278,0.450379,0.439349,0.565630
1.564100,0.260479,0.246411,0.258800,0.351510
-1.304500,0.056910,0.065297,0.069754,0.037091
-0.465210,0.201230,0.197120,0.209740,0.122280
0.854930,0.461990,0.449344,0.441534,0.556860
0.244550,0.343880,0.367567,0.371046,0.328020
0.430430,0.412073,0.397773,0.398685,0.409780
1.073600,0.456910,0.432573,0.422608,0.558880
-0.222000,0.286010,0.278717,0.281569,0.171880
-0.252500,0.273639,0.268416,0.272935,0.164640
0.874770,0.466300,0.450237,0.441547,0.559760
0.789450,0.443261,0.444518,0.439567,0.543860
0.252580,0.344940,0.368644,0.372213,0.331430
0.686220,0.421232,0.433900,0.431762,0.514010
0.567730,0.427304,0.419449,0.418105,0.469260
1.762800,0.175512,0.164424,0.183234,0.238890
-0.716300,0.128597,0.137106,0.147543,0.086418
-1.662000,0.040870,0.038169,0.041477,0.020648
0.769230,0.437221,0.442629,0.438437,0.538850
1.598400,0.246399,0.232170,0.245450,0.331570
0.983460,0.471767,0.447493,0.435786,0.566250
1.508000,0.281025,0.269506,0.280684,0.383860
1.096900,0.447492,0.425191,0.416752,0.555070
1.023000,0.466914,0.442461,0.430978,0.564470
0.812790,0.450389,0.446504,0.440582,0.549080
1.410700,0.312868,0.309191,0.318289,0.437510
-0.912110,0.112944,0.110090,0.114902,0.065800
0.251330,0.344756,0.368474,0.372031,0.330900
1.790100,0.164116,0.153772,0.173427,0.224450
0.554620,0.428161,0.417638,0.416378,0.463830
-0.584120,0.161241,0.164144,0.177368,0.103720
0.841930,0.458708,0.448591,0.441369,0.554690
0.030242,0.359515,0.341886,0.338565,0.245450
0.961750,0.473085,0.449267,0.437787,0.566270
1.189000,0.415266,0.397532,0.394788,0.532560
-0.165910,0.309809,0.296772,0.296626,0.186080
1.187000,0.416250,0.398253,0.395363,0.533160
1.018400,0.467622,0.443168,0.431615,0.564790
0.580190,0.426273,0.421122,0.419712,0.474360
-0.357860,0.238091,0.232157,0.241680,0.142000
1.079100,0.455574,0.431272,0.421550,0.558050
0.780800,0.440637,0.443727,0.439111,0.541770
1.201100,0.409155,0.393110,0.391252,0.528760
1.270800,0.371582,0.366111,0.369081,0.503370
0.248010,0.344302,0.368028,0.371549,0.329490
-0.696230,0.132668,0.140585,0.151618,0.088848
1.415800,0.311180,0.307112,0.316343,0.434830
2.356200,0.036261,0.031631,0.040930,0.038027
-0.365100,0.235799,0.229696,0.239497,0.140570
0.570480,0.427092,0.419823,0.418462,0.470390
-0.144410,0.318448,0.303245,0.302066,0.191830
1.944600,0.103367,0.101689,0.122922,0.151450
1.690000,0.206216,0.194005,0.210262,0.278930
2.238500,0.048507,0.046033,0.057428,0.059201
0.561270,0.427761,0.418564,0.417258,0.466590
-0.049884,0.347709,0.327465,0.323501,0.219290
0.025029,0.359200,0.341105,0.337661,0.243660
1.301400,0.352545,0.352080,0.357301,0.490510
-1.241900,0.063101,0.070553,0.075679,0.040792
-0.257840,0.271579,0.266590,0.271397,0.163410
1.585400,0.251863,0.237577,0.250503,0.339160
0.525960,0.428803,0.413480,0.412489,0.451720
1.498900,0.284109,0.273231,0.284230,0.389030
-1.886700,0.017842,0.019655,0.025219,0.013643
0.617020,0.422821,0.425817,0.424252,0.488940
-0.929260,0.111854,0.107969,0.112511,0.064232
-0.326190,0.248042,0.243018,0.251213,0.148440
1.577500,0.255110,0.240857,0.253579,0.343750
-0.232550,0.281628,0.275181,0.278614,0.169340
0.764790,0.435953,0.442198,0.438160,0.537690
1.007200,0.469196,0.444756,0.433081,0.565450
0.750570,0.432107,0.440781,0.437206,0.533840
1.758700,0.173559,0.164060,0.183311,0.241080
-0.263210,0.269542,0.264750,0.269844,0.162180
0.199280,0.342933,0.361930,0.364505,0.309200
0.694210,0.421887,0.434787,0.432528,0.516670
0.919570,0.472334,0.450859,0.440428,0.564410
-0.533010,0.177233,0.177374,0.190727,0.111310
2.378200,0.033418,0.029107,0.038270,0.034868
-1.065600,0.095506,0.090673,0.095031,0.052892
1.916600,0.112963,0.109883,0.131333,0.163470
-0.418670,0.217967,0.211863,0.223418,0.130450
1.198100,0.410694,0.394216,0.392139,0.529720
1.370000,0.327030,0.325793,0.333642,0.458380
0.768290,0.436951,0.442538,0.438380,0.538600
0.462880,0.421419,0.403376,0.403483,0.424210
-0.897860,0.113672,0.111852,0.116932,0.067131
-0.617000,0.152017,0.156461,0.169292,0.099120
0.012058,0.358106,0.339074,0.335369,0.239270
-0.280490,0.263233,0.258804,0.264800,0.158280
1.543600,0.268337,0.254879,0.266796,0.363410
0.704640,0.423052,0.435933,0.433492,0.520070
0.535280,0.428814,0.414863,0.413770,0.455690
0.828950,0.455137,0.447724,0.441088,0.552320
0.095559,0.357211,0.350360,0.349194,0.268750
-0.441360,0.209899,0.204572,0.216701,0.126390
0.111530,0.355107,0.352175,0.351636,0.274710
1.198700,0.410387,0.393995,0.391962,0.529530
-1.183100,0.073417,0.076465,0.081711,0.044544
1.065800,0.458716,0.434344,0.424059,0.559980
-1.402000,0.056801,0.058540,0.061441,0.031855
0.278260,0.350233,0.372260,0.375963,0.342420
0.166690,0.346429,0.358228,0.359792,0.296060
-0.307070,0.254189,0.249620,0.256932,0.152480
-0.237250,0.279708,0.273596,0.277286,0.168220
0.754020,0.433005,0.441129,0.437447,0.534800
-0.862240,0.114988,0.116291,0.122194,0.070564
0.922140,0.472514,0.450828,0.440313,0.564600
2.142400,0.057591,0.059641,0.074461,0.082680
1.383200,0.322269,0.320405,0.328700,0.451740
0.242800,0.343687,0.367335,0.370793,0.327280
0.336100,0.371268,0.381332,0.384535,0.367720
0.584070,0.425921,0.421633,0.420206,0.475930
2.058700,0.072511,0.074402,0.092610,0.108300
0.873560,0.466064,0.450192,0.441554,0.559600
0.418710,0.407831,0.395711,0.396935,0.404550
-0.142000,0.319379,0.303951,0.302663,0.192480
1.238600,0.389039,0.378844,0.379677,0.515810
0.865300,0.464357,0.449852,0.441577,0.558440
-0.315450,0.251468,0.246724,0.254430,0.150690
1.085100,0.454056,0.429805,0.420364,0.557090
-0.639880,0.146007,0.151502,0.163927,0.096037
1.182000,0.418675,0.400042,0.396786,0.534670
-0.659940,0.140999,0.147410,0.159397,0.093414
0.676500,0.420710,0.432809,0.430800,0.510700
0.183550,0.344297,0.360116,0.362235,0.302810
1.653800,0.218491,0.207155,0.222681,0.299570
1.160900,0.428290,0.407364,0.402585,0.540660
1.121900,0.443200,0.419756,0.412360,0.550110
0.604870,0.423940,0.424306,0.422791,0.484210
-0.395100,0.226033,0.219615,0.230466,0.134800
-1.140100,0.081992,0.081377,0.086400,0.047459
-0.499390,0.188858,0.186878,0.199994,0.116620
-1.033300,0.100417,0.094829,0.098964,0.055407
1.014200,0.468238,0.443786,0.432179,0.565060
-1.034100,0.100302,0.094726,0.098865,0.055343
2.109700,0.062496,0.064989,0.081156,0.092096
1.274700,0.369525,0.364548,0.367762,0.501800
1.326400,0.344507,0.343595,0.349644,0.479280
1.229800,0.393852,0.382256,0.382473,0.519010
1.754600,0.178925,0.167681,0.186219,0.243270
1.583300,0.252732,0.238450,0.251321,0.340390
0.979460,0.472088,0.447872,0.436189,0.566310
0.384010,0.393240,0.389579,0.391727,0.389040
0.077667,0.358952,0.348238,0.346395,0.262190
0.929180,0.472917,0.450699,0.439967,0.565050
-0.240780,0.278280,0.272401,0.276285,0.167390
-0.112280,0.330122,0.312312,0.309814,0.200760
0.093521,0.357445,0.350124,0.348879,0.267990
-0.211580,0.290413,0.282173,0.284452,0.174430
0.251580,0.344792,0.368508,0.372067,0.331000
1.500700,0.283503,0.272494,0.283529,0.388000
0.001549,0.356915,0.337334,0.333467,0.235770
0.607820,0.423661,0.424676,0.423150,0.485370
0.891400,0.469168,0.450712,0.441323,0.561800
1.106400,0.448118,0.424200,0.415881,0.553290
1.542100,0.268895,0.255497,0.267382,0.364250
1.536200,0.271068,0.257927,0.269684,0.367670
0.476170,0.424145,0.405605,0.405422,0.430080
-0.029217,0.352026,0.331711,0.327642,0.225780
-0.249150,0.274950,0.269558,0.273897,0.165420
0.010610,0.357958,0.338839,0.335110,0.238790
-0.281280,0.262953,0.258531,0.264568,0.158110
2.026700,0.080024,0.081113,0.100454,0.119420
-0.056235,0.346229,0.326082,0.322190,0.217330
-1.417900,0.057142,0.057505,0.060168,0.031060
0.459090,0.420522,0.402732,0.402927,0.422530
1.760100,0.176636,0.165494,0.184215,0.240330
0.415760,0.406699,0.395190,0.396493,0.403230
-0.131130,0.323474,0.307086,0.305325,0.195470
1.999400,0.087091,0.087396,0.107553,0.129500
0.649660,0.420700,0.429727,0.427978,0.501190
1.600700,0.241828,0.229347,0.243203,0.330270
0.489370,0.426209,0.407769,0.407328,0.435870
0.728560,0.427026,0.438502,0.435540,0.527490
0.937540,0.473223,0.450466,0.439500,0.565510
0.285080,0.352112,0.373264,0.376965,0.345370
0.829050,0.455165,0.447731,0.441091,0.552340
0.927570,0.472837,0.450734,0.440050,0.564960
-0.374730,0.232718,0.226438,0.236594,0.138690
-0.925870,0.112089,0.108389,0.112979,0.064539
0.414150,0.406071,0.394905,0.396252,0.402510
-1.002400,0.104564,0.098790,0.102837,0.057904
0.677410,0.420747,0.432911,0.430891,0.511010
-0.475290,0.197554,0.194043,0.206836,0.120580
0.044568,0.360002,0.343941,0.341002,0.250410
0.972490,0.472565,0.448475,0.436853,0.566350
1.815500,0.153446,0.144172,0.164502,0.211390
-0.445510,0.208400,0.203259,0.215482,0.125670
0.901030,0.470494,0.450861,0.441092,0.562820
0.973780,0.472485,0.448369,0.436734,0.566350
-2.362300,0.004807,0.007257,0.008422,0.004911
2.395700,0.031126,0.027141,0.036237,0.032513
-1.177400,0.074542,0.077090,0.082320,0.044923
0.049226,0.360038,0.344581,0.341780,0.252040
0.626870,0.422007,0.427018,0.425408,0.492710
0.671860,0.420564,0.432283,0.430329,0.509100
1.494100,0.285715,0.275193,0.286099,0.391760
0.683330,0.421046,0.433577,0.431480,0.513040
1.110500,0.443480,0.421465,0.413787,0.552470
0.830920,0.455695,0.447862,0.441138,0.552690
0.073250,0.359263,0.347696,0.345693,0.260590
-2.170400,0.007078,0.009248,0.012133,0.007606
0.394810,0.398040,0.391484,0.393350,0.393860
0.679140,0.420823,0.433106,0.431065,0.511610
0.283830,0.351754,0.373079,0.376781,0.344830
0.296860,0.355791,0.375043,0.378701,0.350490
0.967260,0.472852,0.448881,0.437322,0.566330
0.959750,0.473151,0.449397,0.437949,0.566240
0.109930,0.355336,0.351996,0.351394,0.274110
-2.580300,0.005469,0.006136,0.006289,0.002862
-0.697690,0.132357,0.140325,0.151316,0.088669
0.573770,0.426825,0.420266,0.418888,0.471740
0.337220,0.371763,0.381519,0.384702,0.368210
-1.070800,0.094660,0.090006,0.094409,0.052497
1.021700,0.467118,0.442664,0.431160,0.564570
1.186000,0.416739,0.398612,0.395649,0.533460
-0.711970,0.129436,0.137840,0.148409,0.086936
0.722440,0.425843,0.437853,0.435039,0.525640
1.485500,0.288564,0.278707,0.289445,0.396620
1.900900,0.118736,0.114740,0.136206,0.170470
0.833720,0.456479,0.448055,0.441205,0.553210
0.571020,0.427049,0.419896,0.418532,0.470620
-1.180100,0.074008,0.076793,0.082031,0.044745
0.792530,0.444204,0.444794,0.439719,0.544580
-0.376070,0.232286,0.225986,0.236190,0.138430
0.419350,0.408073,0.395823,0.397031,0.404830
1.306000,0.353820,0.351901,0.356921,0.488480
-0.048335,0.348059,0.327797,0.323818,0.219770
0.308460,0.359904,0.376846,0.380418,0.355550
-0.140910,0.319798,0.304269,0.302932,0.192780
0.549560,0.428410,0.416924,0.415702,0.461710
0.199530,0.342917,0.361959,0.364541,0.309300
1.076500,0.456212,0.431893,0.422054,0.558440
-1.078800,0.093327,0.088983,0.093457,0.051892
-0.173460,0.306662,0.294432,0.294670,0.184100
0.800580,0.446672,0.445495,0.440092,0.546420
0.057658,0.359947,0.345708,0.343172,0.255010
1.227800,0.394942,0.383027,0.383101,0.519710
1.537900,0.270445,0.257227,0.269021,0.366690
-0.072498,0.342121,0.322373,0.318749,0.212390
0.960350,0.473132,0.449359,0.437901,0.566250
1.330100,0.342900,0.342086,0.348308,0.477580
1.398300,0.317036,0.314245,0.323000,0.443990
0.252920,0.344991,0.368690,0.372262,0.331570
1.726600,0.190620,0.178967,0.196534,0.258520
0.452410,0.418813,0.401590,0.401944,0.419570
0.053464,0.360017,0.345153,0.342482,0.253530
1.241000,0.387724,0.377907,0.378907,0.514940
1.151600,0.432188,0.410463,0.405031,0.543090
0.808530,0.449100,0.446160,0.440421,0.548170
1.318300,0.348112,0.346897,0.352552,0.482990
0.710230,0.423821,0.436541,0.433992,0.521850
0.837700,0.457573,0.448320,0.441290,0.553940
-0.847350,0.115456,0.118180,0.124483,0.072046
-0.409450,0.221165,0.214876,0.226168,0.132130
1.448200,0.297122,0.292146,0.302607,0.417340
-1.512400,0.056141,0.051035,0.052861,0.026637
1.398000,0.317138,0.314368,0.323114,0.444170
0.183850,0.344264,0.360150,0.362278,0.302930
0.853760,0.461709,0.449281,0.441524,0.556680
0.811590,0.450027,0.446408,0.440538,0.548820
1.635500,0.230222,0.216697,0.231091,0.310100
0.476610,0.424224,0.405677,0.405486,0.430270
0.912590,0.471752,0.450906,0.440712,0.563870
1.357300,0.331816,0.330980,0.338359,0.464620
0.425040,0.410174,0.396826,0.397881,0.407370
1.159400,0.428933,0.407869,0.402984,0.541040
0.426830,0.410814,0.397141,0.398148,0.408170
0.578830,0.426393,0.420942,0.419538,0.473800
0.975250,0.472389,0.448244,0.436596,0.566340
-0.484430,0.194234,0.191293,0.204223,0.119060
-0.875490,0.114557,0.114630,0.120203,0.069268
-2.068300,0.010729,0.011669,0.015648,0.009465
0.528160,0.428827,0.413809,0.412792,0.452660
0.240050,0.343410,0.366974,0.370394,0.326130
-0.153540,0.314847,0.300532,0.299780,0.189360
0.743600,0.430369,0.440070,0.436702,0.531880
0.495430,0.426947,0.408745,0.408196,0.438520
0.299000,0.356515,0.375372,0.379017,0.351420
-0.686570,0.134778,0.142332,0.153637,0.090041
0.929370,0.472926,0.450695,0.439957,0.565070
0.566430,0.427401,0.419272,0.417935,0.468730
-0.751590,0.122704,0.131441,0.140753,0.082299
1.110500,0.443480,0.421465,0.413787,0.552470
0.946860,0.473346,0.450098,0.438904,0.565900
1.708300,0.198359,0.186454,0.203367,0.268650
1.678000,0.211438,0.198983,0.214814,0.285750
-0.471120,0.199074,0.195311,0.208034,0.121280
0.355310,0.379991,0.384583,0.387413,0.376240
0.404340,0.402104,0.393170,0.394782,0.398120
1.373700,0.325676,0.324283,0.332261,0.456530
1.151700,0.432148,0.410430,0.405005,0.543060
0.484160,0.425470,0.406921,0.406578,0.433590
-0.097759,0.334824,0.316143,0.313161,0.204930
1.504700,0.282149,0.270857,0.281971,0.385730
1.006900,0.469235,0.444796,0.433119,0.565470
0.131730,0.351966,0.354404,0.354665,0.282390
1.149800,0.432918,0.411053,0.405496,0.543560
1.234400,0.391339,0.380477,0.381017,0.517360
0.343930,0.374773,0.382646,0.385706,0.371190
1.336600,0.340137,0.339433,0.345951,0.474560
1.165300,0.426372,0.405869,0.401404,0.539450
0.658640,0.420488,0.430770,0.427779,0.504430
-0.365910,0.235542,0.229421,0.239253,0.140410
-0.068146,0.343265,0.323389,0.319682,0.213700
-1.776400,0.027476,0.027711,0.032848,0.016804
0.898740,0.470201,0.450834,0.441154,0.562590
1.379500,0.323584,0.321915,0.330089,0.453590
0.387430,0.394779,0.390181,0.392241,0.390570
1.087800,0.453352,0.429128,0.419819,0.556640
0.555650,0.428104,0.417782,0.416515,0.464260
1.230900,0.393252,0.381832,0.382126,0.518620
0.380570,0.391678,0.388974,0.391209,0.387500
-0.373020,0.233268,0.227015,0.237109,0.139020
1.003800,0.469630,0.445200,0.433502,0.565620
-0.315200,0.251549,0.246810,0.254505,0.150740
-1.725800,0.032978,0.032188,0.036620,0.018429
0.471560,0.423273,0.404837,0.404751,0.428050
-0.434580,0.212336,0.206731,0.218699,0.127590
0.852120,0.461309,0.449191,0.441509,0.556410
-0.506070,0.186491,0.184942,0.198125,0.115540
0.958080,0.473200,0.449501,0.438082,0.566210
-0.117270,0.328420,0.310956,0.308642,0.199340
-0.251250,0.274127,0.268842,0.273294,0.164930
1.265400,0.374459,0.368269,0.370896,0.505540
-1.073100,0.094280,0.089712,0.094134,0.052322
-0.395730,0.225822,0.219406,0.230277,0.134680
-0.441910,0.209701,0.204398,0.216539,0.126300
0.383640,0.393073,0.389514,0.391671,0.388870
0.447340,0.417408,0.400717,0.401195,0.417310
2.140600,0.057829,0.059923,0.074817,0.083173
2.444500,0.024817,0.021894,0.030932,0.026654
0.160660,0.347314,0.357563,0.358915,0.293670
-1.486500,0.057128,0.052905,0.054835,0.027799
1.653800,0.218491,0.207155,0.222681,0.299530
-0.143630,0.318750,0.303474,0.302259,0.192040
0.495170,0.426918,0.408704,0.408159,0.438410
1.102600,0.449244,0.425244,0.416711,0.554010
0.496880,0.427105,0.408977,0.408403,0.439150
1.995800,0.088070,0.088265,0.108517,0.130890
0.287550,0.352839,0.373633,0.377328,0.346440
0.311910,0.361212,0.377392,0.380930,0.357060
-0.186230,0.301252,0.290402,0.291308,0.180800
0.493110,0.426680,0.408373,0.407864,0.437510
1.890100,0.122858,0.118187,0.139622,0.175380
-0.274780,0.265277,0.260772,0.266474,0.159560
2.043300,0.076021,0.077547,0.096321,0.113530
1.430600,0.306342,0.301083,0.310676,0.426920
-0.575690,0.163732,0.166220,0.179506,0.104940
1.419900,0.309831,0.305442,0.314777,0.432670
-0.528470,0.178756,0.178622,0.191958,0.112010
0.639580,0.421158,0.428540,0.426860,0.497480
0.334610,0.370612,0.381084,0.384312,0.367060
-1.348800,0.055916,0.062085,0.065854,0.034634
0.565160,0.427493,0.419099,0.417769,0.468210
1.069900,0.454401,0.431851,0.422129,0.559420
-0.058400,0.345709,0.325602,0.321739,0.216660
0.880050,0.467288,0.450416,0.441499,0.560450
1.312300,0.350861,0.349340,0.354690,0.485710
0.591730,0.425202,0.422631,0.421170,0.479000
0.229790,0.342665,0.365651,0.368909,0.321820
-1.602600,0.048298,0.043649,0.046012,0.022887
1.665000,0.217151,0.204391,0.219769,0.293140
2.080100,0.067986,0.070275,0.087650,0.101250
-0.403960,0.223043,0.216682,0.227810,0.133150
0.050364,0.360037,0.344736,0.341969,0.252440
-0.080035,0.340061,0.320573,0.317113,0.210140
0.721860,0.425737,0.437791,0.434990,0.525460
-0.816810,0.116672,0.122161,0.129364,0.075178
-1.428700,0.057331,0.056801,0.059313,0.030528
1.025200,0.466563,0.442111,0.430666,0.564300
1.114500,0.445615,0.421915,0.414067,0.551670
0.094277,0.357359,0.350212,0.348996,0.268270
0.081802,0.358616,0.348739,0.347048,0.263690
1.754000,0.179175,0.167920,0.186438,0.243600
0.737930,0.429040,0.439484,0.436276,0.530250
-0.321710,0.249464,0.244563,0.252556,0.149380
2.235000,0.048786,0.046489,0.057986,0.059957
-1.869100,0.019158,0.020762,0.026362,0.014114
0.358000,0.381238,0.385045,0.387817,0.377440
-0.078225,0.340564,0.321010,0.317508,0.210670
0.977560,0.472229,0.448043,0.436374,0.566330
-0.100200,0.334060,0.315511,0.312605,0.204220
0.047405,0.360031,0.344332,0.341476,0.251400
0.451390,0.418538,0.401415,0.401793,0.419110
2.056200,0.073067,0.074903,0.093205,0.109140
0.909470,0.471448,0.450909,0.440826,0.563600
0.125140,0.353029,0.353682,0.353683,0.279870
0.923080,0.472576,0.450814,0.440269,0.564660
1.405600,0.314571,0.311269,0.320230,0.440200
0.181830,0.344486,0.359921,0.361986,0.302120
-4.083000,0.000000,0.000000,0.000010,0.000019
1.082000,0.454848,0.430569,0.420981,0.557590
-0.040836,0.349694,0.329372,0.325337,0.222110
0.823170,0.453470,0.447304,0.440926,0.551190
0.567490,0.427322,0.419417,0.418073,0.469170
0.411110,0.404868,0.394368,0.395797,0.401150
-0.915940,0.112722,0.109617,0.114364,0.065447
-0.305110,0.254833,0.250297,0.257516,0.152900
0.062535,0.359805,0.346343,0.343967,0.256750
1.071000,0.457523,0.433173,0.423099,0.559260
0.793800,0.444593,0.444906,0.439781,0.544880
0.028659,0.359427,0.341651,0.338291,0.244900
1.429300,0.306764,0.301613,0.311175,0.427650
1.206300,0.406453,0.391179,0.389702,0.527050
-1.495500,0.056854,0.052267,0.054147,0.027390
1.016100,0.467963,0.443510,0.431926,0.564940
1.523300,0.275706,0.263231,0.274718,0.375080
0.898810,0.470210,0.450835,0.441152,0.562590
1.046800,0.462709,0.438286,0.427350,0.562300
0.031006,0.359556,0.341999,0.338696,0.245710
1.252900,0.381217,0.373231,0.375040,0.510430
0.576090,0.426630,0.420577,0.419187,0.472690
0.965950,0.472914,0.448977,0.437435,0.566320
0.367340,0.385578,0.386661,0.389220,0.381600
-0.034568,0.350983,0.330649,0.326588,0.224080
-1.979500,0.012928,0.014872,0.019795,0.011358
1.462400,0.296083,0.288130,0.298411,0.409550
1.598600,0.246314,0.232087,0.245372,0.331480
0.074905,0.359153,0.347900,0.345956,0.261190
-0.467390,0.200435,0.196451,0.209110,0.121910
-0.566250,0.166589,0.168595,0.181932,0.106310
0.691910,0.421677,0.434533,0.432310,0.515910
0.024098,0.359136,0.340963,0.337498,0.243340
-0.480680,0.195594,0.192417,0.205292,0.119680
1.506300,0.281605,0.270202,0.281347,0.384830
1.594600,0.248011,0.233752,0.246926,0.333820
-0.405330,0.222576,0.216230,0.227400,0.132890
0.999510,0.470148,0.445735,0.434017,0.565800
0.125330,0.352998,0.353703,0.353712,0.279940
1.596900,0.247037,0.232795,0.246032,0.332480
-0.904500,0.113352,0.111030,0.115981,0.066508
-0.287020,0.260942,0.256550,0.262878,0.156830
0.944040,0.473332,0.450221,0.439093,0.565800
1.458600,0.297309,0.289678,0.299882,0.411630
1.350600,0.334433,0.333717,0.340830,0.467860
1.202800,0.408276,0.392480,0.390747,0.528210
0.253670,0.345105,0.368792,0.372371,0.331890
-0.872560,0.114656,0.114996,0.120640,0.069552
0.110860,0.355203,0.352100,0.351535,0.274460
0.680260,0.420877,0.433232,0.431176,0.511990
-1.007900,0.103866,0.098088,0.102140,0.057459
1.163000,0.427380,0.406653,0.402023,0.540070
1.025000,0.466596,0.442143,0.430694,0.564320
0.048554,0.360036,0.344490,0.341668,0.251800
-0.274220,0.265479,0.260965,0.266637,0.159680
0.696550,0.422117,0.435046,0.432748,0.517440
-1.566200,0.052187,0.046795,0.048779,0.024349
-0.177260,0.305061,0.293242,0.293676,0.183110
-0.650000,0.143449,0.149408,0.161621,0.094706
1.017000,0.467831,0.443377,0.431805,0.564880
0.411590,0.405059,0.394453,0.395869,0.401370
0.586620,0.425685,0.421967,0.420528,0.476960
-1.012800,0.103229,0.097461,0.101521,0.057057
0.022792,0.359042,0.340763,0.337270,0.242900
1.194100,0.412722,0.395681,0.393310,0.530960
-0.236440,0.280037,0.273869,0.277515,0.168420
0.759120,0.434376,0.441639,0.437792,0.536180
-0.787530,0.118640,0.126168,0.134303,0.078299
1.444000,0.302011,0.295626,0.305521,0.419670
0.696690,0.422132,0.435061,0.432761,0.517490
0.120970,0.353686,0.353223,0.353059,0.278280
0.888310,0.468689,0.450644,0.441381,0.561450
0.414140,0.406068,0.394904,0.396251,0.402510
1.050300,0.462016,0.437600,0.426770,0.561910
0.574100,0.426798,0.420310,0.418931,0.471880
1.811000,0.155340,0.145849,0.166068,0.213700
-0.968050,0.108486,0.103137,0.107284,0.060806
0.360280,0.382296,0.385438,0.388159,0.378450
1.069900,0.454401,0.431851,0.422129,0.559420
1.824200,0.149786,0.140963,0.161494,0.207040
1.154600,0.430954,0.409472,0.404249,0.542310
0.413140,0.405674,0.394727,0.396101,0.402060
-0.538130,0.175534,0.175980,0.189348,0.110530
0.493730,0.426753,0.408473,0.407953,0.437780
1.792400,0.163152,0.152890,0.172610,0.223270
0.544340,0.428612,0.416178,0.415000,0.459520
1.138000,0.437500,0.414838,0.408479,0.546460
1.863400,0.133487,0.127067,0.148278,0.187880
-0.636660,0.146834,0.152181,0.164669,0.096466
0.655690,0.420536,0.430429,0.428632,0.503370
-1.336600,0.055962,0.062937,0.066906,0.035296
1.481500,0.289878,0.280340,0.291000,0.398870
0.870360,0.465422,0.450067,0.441569,0.559160
-0.131640,0.323286,0.306941,0.305201,0.195330
-1.700600,0.035993,0.034529,0.038531,0.019283
0.791480,0.443882,0.444700,0.439668,0.544340
1.140300,0.436634,0.414112,0.407907,0.545910
-0.878430,0.114454,0.114263,0.119767,0.068984
1.530300,0.273208,0.260354,0.271986,0.371070
-0.894470,0.113825,0.112271,0.117421,0.067451
0.017989,0.358659,0.340018,0.336425,0.241270
-0.137990,0.320911,0.305118,0.303651,0.193580
1.877600,0.127765,0.122282,0.143638,0.181190
0.537050,0.428790,0.415122,0.414011,0.456440
