0.0052409
-0.54972
0.33157
0.0070386
0.15587
-0.8029
-0.50577
0.50119
-0.48919
0.1104
0.48696
0.40564
-0.9957
0.53528
-0.49692
-0.32943
-0.98289
-0.4982
1.2827
0.38343
-0.0096807
-0.59045
-0.51068
-1.0161
0.25064
0.12691
0.090451
0.0036848
-0.64286
-0.99593
0.55579
-0.98202
-0.63168
0.48112
0.69603
0.1037
-0.49837
0.36318
-0.50333
0.086566
-0.30548
-0.0041332
-0.49641
0.41537
-0.99464
0.006922
1.1185
0.56139
-0.02726
0.047167
-0.91116
0.099239
-0.005093
-0.99089
0.013087
0.10519
-1.0065
0.012079
1.2368
-1.004
0.3796
-0.33469
0.87026
0.76249
1.2893
-1.7097
-1.0072
-0.67375
0.082934
-0.010106
-0.75191
0.2101
0.10558
0.48349
-0.99965
0.49271
-1.0191
-0.49976
-0.32828
0.75129
-1.0072
0.73905
-1.0147
1.1551
-0.97786
0.11085
-0.50922
0.25322
-1.6309
-1.008
0.0015334
0.11421
-0.089466
1.0154
0.52311
0.13569
1.1521
-1.0011
0.09385
0.10488
0.93515
0.49778
-1.2503
-0.19233
-0.0082634
1.0059
0.039295
0.78725
-1.0003
-0.00655
-0.99016
0.010033
0.0013516
0.48942
-0.55328
0.72053
0.49526
0.05228
-0.22954
0.049773
-0.010177
0.1668
-0.21044
0.012359
-0.99275
0.5027
-0.96805
0.023038
-0.48709
0.2053
-0.4834
-0.64095
0.90818
-0.99554
0.093557
-0.49075
0.10431
1.0738
-0.41534
0.50498
0.36381
-0.15059
0.029992
-0.49139
0.093348
0.58776
0.78879
0.11579
-0.99553
-0.12437
0.11348
1.1329
0.50598
-0.50647
0.084494
0.50436
-0.985
0.10104
-0.41371
-1.006
0.36557
-1.0288
0.084385
0.10521
1.0306
-0.28677
-0.99969
-0.15127
-1.0023
0.10386
0.50746
1.2242
-0.99817
0.49394
-0.49898
0.94997
0.56305
0.012846
0.6421
-0.51288
-0.48821
0.016402
0.076063
0.052182
-0.088652
-0.0089848
-0.98675
0.092434
-0.027316
-0.99884
-0.83009
-1
0.083137
-0.2363
0.072701
-0.99232
0.73236
0.50855
-1.0206
0.16802
0.68609
-1.2352
0.81834
-0.90585
0.097783
-0.98579
-0.71982
0.088619
-1.0058
0.10136
-0.99917
0.78913
0.50357
-1.0053
-1.0049
0.52421
-0.071611
0.14681
-0.99785
0.76955
0.091931
0.10925
0.50026
-1.0011
0.011342
0.82239
-0.60471
-0.47911
0.50632
-0.00025231
-0.50177
-0.76843
0.0088031
0.43921
-0.093071
0.64735
0.083571
0.48795
1.0064
-0.0021125
0.92282
1.2093
0.071605
-0.53807
0.10732
0.69989
0.124
0.099498
0.50364
0.50452
0.043078
-1.2325
-0.96023
0.0067302
0.10634
-0.14669
0.50856
0.49982
0.10146
-0.4983
-1.0122
-0.98532
0.20117
-1.001
-0.7783
0.096729
0.30029
-0.049162
-0.4871
-0.43661
-0.19989
-0.017123
0.25243
-0.49329
0.50884
-0.49921
-0.99821
-0.39837
0.095055
-0.36223
-0.9961
0.08546
0.55145
0.093533
-0.50793
-0.23028
0.90573
0.60667
-0.99838
-0.0078502
0.40279
0.50471
0.19388
-0.48963
0.10278
-0.055936
-0.29657
0.1032
0.23571
0.091612
0.11269
-0.75719
-0.18389
-0.88907
-0.99513
-0.0044215
-0.4273
0.85283
0.48579
-0.98497
0.56461
-0.23865
0.077348
0.18079
-0.36887
0.10375
0.077659
-0.9479
0.15674
0.11994
-0.30892
0.10345
0.13272
-0.5968
-0.81877
-0.28517
-0.35848
-1
-0.0049769
-0.29148
0.34328
0.52976
-0.50302
-0.51441
-1.005
-0.49981
0.093707
0.090333
0.055697
-0.49893
0.22131
-1.0128
0.42353
-0.41892
0.41696
0.60935
-0.49324
-0.24618
-0.50924
0.50103
0.08405
-0.99822
-0.37709
0.010314
-0.016572
-0.49992
-0.32544
1.2483
-1.1659
0.50437
0.019303
2.0127
-0.16652
1.381
-0.075171
-1.5089
-0.99919
-0.15513
-0.36312
-0.9951
-0.51457
-1.0013
0.49729
0.50148
-1.0068
-1.0097
-0.99918
1.766
0.61919
0.90227
-0.51233
-0.4946
-0.39173
-0.99338
-0.99551
1.0737
-0.49071
-1.0113
0.5206
0.11617
1.2032
0.090331
0.49089
-0.50735
-0.4984
1.2769
0.26102
0.85607
0.68759
-1.0139
0.48725
-0.045933
-0.004297
-0.4705
1.3758
0.9807
-0.996
0.59617
0.11669
-0.68767
0.093034
-0.6852
0.0058413
-1.4722
0.10794
-0.65292
0.033323
0.85729
-0.31298
0.49069
-0.48754
0.13442
1.1078
-0.002657
-0.41151
-0.023522
-0.77039
0.70984
0.28824
-0.98559
-0.91054
-0.36356
0.58927
0.54737
-0.13632
-1.0025
2.0194
-0.18975
-0.64507
-0.52113
-0.38634
0.50323
-0.4882
-1.0182
0.026113
0.50627
-0.99978
0.50623
-0.0011107
0.094616
-1.1482
-0.34188
0.21526
0.094467
0.011348
-0.97689
0.25996
0.19362
1.4284
0.093901
1.1587
0.012826
-0.99685
0.10613
-1.074
0.024151
-0.0018615
1.2281
0.006869
0.30398
0.10248
0.015531
0.0071805
0.53292
-0.0075779
0.50489
0.12401
0.50402
0.65741
0.017783
-1.1359
-0.99742
0.4222
0.49925
0.26968
-0.50606
-0.98606
-0.53185
0.0011679
-0.37057
0.51333
0.095576
0.13077
1.4095
0.8931
0.48835
-0.59185
0.51918
0.5224
-0.03332
-1.0004
0.52077
-0.4134
-0.67364
-0.011566
0.094793
0.87234
-1.0044
-0.4508
-0.0071003
-0.46031
-0.53304
0.26878
0.49296
-0.50948
-0.98494
1.7992
0.64584
-0.50762
-0.72089
-0.72527
0.11097
-0.50151
0.98248
0.60458
0.078928
-2.1598
0.1112
-0.0042057
0.087754
0.6347
-0.99606
-0.51926
-0.19221
0.091934
-0.018955
0.49438
0.54328
-0.99475
-0.99813
-0.73457
0.65131
-0.50887
-1.3448
1.2292
-0.49846
-0.51976
0.50432
0.61583
-1.0051
0.4947
0.70819
-0.16183
1.0939
-1.0106
-0.96977
-0.67489
0.30265
0.50344
-0.11323
-0.00079046
-0.50308
-0.50847
0.10579
0.47409
0.14339
-0.10966
-0.33603
0.90096
-0.2006
-0.402
-1.0064
-0.53779
-1.0027
0.099933
-0.49541
-0.2914
-0.50846
0.089687
-1.0072
-0.51271
-0.55883
-0.51286
0.10922
0.2708
0.0037716
0.55717
0.49812
0.10495
-0.63564
0.098585
-0.0039851
-1.0081
0.82064
-1.5599
-1.0002
0.092864
0.31226
0.80963
0.50149
-0.49732
0.49827
-1.1868
0.20887
0.50137
0.93668
-0.87171
0.0093254
1.5095
-0.0068332
-0.50991
0.0013606
1.5226
-0.48543
-1.251
-0.50947
0.08951
-0.25982
-0.97563
-0.13533
0.47751
-0.993
0.014829
0.099341
0.097246
0.76986
-1.0167
-0.30283
-1.3821
-0.43981
0.089409
0.0045242
0.51081
-1.4743
0.60527
-0.99307
-0.013227
-0.0027288
-1.0963
-0.50726
-0.49629
0.51667
-0.16732
0.35115
-0.30534
0.50252
-1.0664
0.11438
-0.14437
0.10875
-0.34393
-0.07657
1.1751
0.59592
-2.3232
-0.038698
-1.1613
-0.48477
-0.0027854
0.50549
-0.98798
-0.49233
0.10109
0.151
0.50745
-0.98524
0.4417
-0.9968
-1.052
0.47192
-0.11316
-0.014036
-0.18123
-0.012138
0.088026
0.22331
-0.51308
-0.49928
-0.97798
0.52213
0.2455
0.10306
-0.98458
-0.00074473
0.35094
0.022359
0.53324
-0.70493
0.264
0.8498
-0.50785
0.75328
-0.54505
0.50987
-1.4186
-0.52086
-0.1693
-0.090812
0.046058
1.2214
-0.50307
-1.0661
0.02063
-0.091986
-1.6359
-0.13361
-0.91183
0.99937
0.10492
-0.73834
0.50262
-0.67166
0.8425
-0.66076
0.86578
-0.022813
-0.24555
0.11682
0.012049
-1.0031
-0.6962
-0.89496
-1.0012
-0.49619
0.47433
-1.0188
0.15171
0.37448
0.10589
1.2977
-0.024504
-0.90886
0.012821
0.18958
-0.0070486
-0.49921
-0.40673
-0.97299
-0.77153
-1.9979
-1.0094
0.50406
1.2859
-0.38255
0.41552
-0.28799
-0.98172
-0.50024
1.4695
0.01145
-0.0090006
-0.2267
-0.011611
-0.51836
-1.3305
0.35812
-0.48757
0.27926
0.22885
-1.0093
0.091945
0.11265
0.50029
-0.21728
-0.50687
0.96563
0.10765
-1.0287
-0.00416
-0.99254
-0.49166
-0.48496
-0.99081
-1.0843
-0.9946
-0.61534
1.7329
0.095347
-0.0043648
-1.003
-0.5395
0.50337
-0.48401
-0.50748
-1.0006
0.39062
-0.89219
0.0026977
-0.16339
-0.44831
0.81608
0.10586
-0.99958
0.51029
-0.49118
0.67394
0.098717
-0.44787
0.49467
0.49119
0.57343
0.28529
0.35583
0.069348
0.032216
0.45801
1.6392
0.90337
0.13246
-0.0053337
0.0063511
0.086323
0.088886
0.49214
-0.9126
0.20521
0.015764
-1.0036
0.027904
1.4203
-0.1025
0.0087841
0.12801
-1.1279
0.017293
-0.26464
0.51272
0.19664
-0.5089
-0.417
0.10252
0.69858
-0.46559
-0.15484
0.30223
0.7076
-0.48941
-1.0058
-0.99423
-0.13868
-0.49924
0.23822
-0.33614
0.35813
-1.0162
0.50274
0.39884
-0.50774
1.3529
-0.50216
0.23097
-1.0116
-0.16592
0.18595
-1.2796
0.49825
-1.015
1.0372
-0.0089156
-0.47545
0.61728
0.3272
0.88193
-0.50601
0.33181
-0.98499
-0.50916
0.10206
-1.0098
0.49273
0.5186
0.0058783
1.0402
0.16867
-0.48933
-0.5631
-0.99074
0.2394
-0.48179
-1.4468
0.032537
0.32989
0.55535
0.65234
0.38045
-0.75819
-0.50087
-0.10908
0.08964
0.10187
0.29169
-0.36657
-0.50542
0.0014625
0.7374
0.0069051
-0.57952
-0.88947
0.021287
1.4455
-0.0063369
-0.010686
0.48244
-0.39414
-0.78762
-1.0062
0.51016
-0.99132
-0.017606
-0.68025
0.15293
-0.59503
0.037098
-0.83704
0.50074
-0.094591
-0.46257
0.56452
-1.0053
-1.0265
1.241
0.96116
-0.92839
0.011196
0.49508
0.38838
0.63881
-0.49203
-0.48678
-0.9839
-0.0065741
0.51439
0.10769
-0.70129
0.50506
0.09491
-0.9921
0.49082
-0.67665
-0.9923
0.50962
-1.002
0.018589
-0.52559
-0.31597
0.54715
-0.36852
0.015988
-0.48407
0.069311
-0.01231
0.075498
-0.67975
-0.50614
0.27751
-0.49081
0.12222
-0.99062
0.096466
-0.26546
0.61495
0.42015
-1.0255
-0.1749
0.74737
0.59114
0.48951
-0.99952
0.11439
-0.49773
1.2928
0.86479
0.49872
0.48259
-0.0051777
0.51183
-1.0927
0.60227
-1.3529
-0.87966
1.3053
0.11653
-0.50993
-1.0001
-0.83211
-0.52761
-0.98829
-0.66546
0.23166
-0.0104
-0.38421
-0.079318
0.081196
0.11262
1.6454
0.92746
-0.30989
-1.0114
-0.3517
0.75163
