0.005241,0.655156,0.658081,0.667091,3.760500
-0.549720,0.411261,0.409113,0.415682,0.208590
0.331570,0.495637,0.479208,0.489810,0.252790
0.007039,0.656151,0.659709,0.668206,3.397000
0.155870,0.636275,0.626831,0.643124,0.275390
-0.802900,0.347796,0.339008,0.342452,0.148090
-0.505770,0.424294,0.428353,0.430153,3.596500
0.501190,0.423874,0.421688,0.427244,4.181900
-0.489190,0.427310,0.432488,0.433198,2.447200
0.110400,0.662563,0.668424,0.673858,2.601300
0.486960,0.429801,0.428113,0.432586,1.927000
0.405640,0.460006,0.454276,0.457676,0.239360
-0.995700,0.380202,0.388041,0.390142,3.743100
0.535280,0.407739,0.402406,0.411897,0.219790
-0.496920,0.426039,0.430795,0.431951,4.026500
-0.329430,0.421593,0.416347,0.416681,0.253150
-0.982890,0.382807,0.391806,0.392441,1.031100
-0.498200,0.425806,0.430475,0.431715,4.146600
1.282700,0.076501,0.071898,0.076639,0.054445
0.383430,0.469079,0.460758,0.465328,0.243590
-0.009681,0.645858,0.643017,0.656642,2.779700
-0.590450,0.394134,0.384898,0.395819,0.199110
-0.510680,0.423192,0.426770,0.428987,2.473200
-1.016100,0.373659,0.377322,0.383685,1.186000
0.250640,0.555956,0.528749,0.552664,0.264990
0.126910,0.654672,0.655361,0.664548,0.384450
0.090451,0.669112,0.679784,0.681715,2.809200
0.003685,0.654273,0.656638,0.666100,4.010700
-0.642860,0.369962,0.356198,0.367309,0.186650
-0.995930,0.380144,0.387952,0.390088,3.777700
0.555790,0.396505,0.387963,0.400706,0.207180
-0.982020,0.382943,0.391982,0.392549,0.900150
-0.631680,0.374977,0.361496,0.373245,0.189330
0.481120,0.432123,0.430511,0.434628,0.894660
0.696030,0.294285,0.258961,0.293594,0.173820
0.103700,0.665144,0.672831,0.676932,4.005700
-0.498370,0.425775,0.430431,0.431683,4.157900
0.363180,0.478411,0.467239,0.473588,0.247300
-0.503330,0.424806,0.429079,0.430688,3.994000
0.086566,0.669977,0.681345,0.682777,1.898700
-0.305480,0.422495,0.415664,0.415675,0.257030
-0.004133,0.649527,0.648927,0.660769,3.945900
-0.496410,0.426130,0.430919,0.432042,3.962400
0.415370,0.456307,0.451534,0.454644,0.237450
-0.994640,0.380461,0.388438,0.390383,3.560600
0.006922,0.656088,0.659604,0.668135,3.422500
1.118500,0.102481,0.097566,0.101773,0.080754
0.561390,0.393228,0.383659,0.397387,0.205890
-0.027260,0.632705,0.622255,0.641819,0.379090
0.047167,0.670695,0.683546,0.684279,0.281600
-0.911160,0.378798,0.379406,0.383609,0.123010
0.099239,0.666652,0.675443,0.678739,4.258300
-0.005093,0.648910,0.647929,0.660075,3.787200
-0.990890,0.381314,0.389718,0.391162,2.740900
0.013087,0.659292,0.664862,0.671720,1.976900
0.105190,0.664603,0.671900,0.676285,3.766000
-1.006500,0.377107,0.383096,0.387155,3.338900
0.012079,0.658791,0.664038,0.671160,2.206000
1.236800,0.083623,0.079667,0.083641,0.061115
-1.004000,0.377897,0.384387,0.387932,3.786600
0.379600,0.470756,0.461932,0.466783,0.244300
-0.334690,0.421690,0.416751,0.417235,0.252260
0.870260,0.176892,0.154440,0.173966,0.132310
0.762490,0.242989,0.207496,0.240301,0.157760
1.289300,0.075456,0.070720,0.075600,0.053525
-1.709700,0.012846,0.007904,0.012442,0.015174
-1.007200,0.372498,0.378106,0.382364,3.180600
-0.673750,0.357503,0.344802,0.352549,0.179210
0.082934,0.670662,0.682598,0.683627,1.210400
-0.010106,0.645567,0.642550,0.656314,2.676800
-0.751910,0.342302,0.334952,0.334952,0.160310
0.210100,0.591719,0.567358,0.592302,0.269980
0.105580,0.664458,0.671652,0.676113,3.695100
0.483490,0.431188,0.429553,0.433809,1.245300
-0.999650,0.379166,0.386422,0.389161,4.091900
0.492710,0.427455,0.425621,0.430493,3.280100
-1.019100,0.372446,0.375252,0.382444,0.741940
-0.499760,0.425513,0.430069,0.431417,4.209100
-0.328280,0.421584,0.416271,0.416574,0.253340
0.751290,0.251231,0.215065,0.248772,0.160460
-1.007200,0.372498,0.378106,0.382364,3.180400
0.739050,0.260468,0.223857,0.258311,0.163420
-1.014700,0.374203,0.378244,0.384239,1.459700
1.155100,0.096313,0.092098,0.095861,0.074313
-0.977860,0.383521,0.392683,0.392983,0.452620
0.110850,0.662377,0.668109,0.673636,2.494400
-0.509220,0.423530,0.427257,0.429346,2.826800
0.253220,0.553737,0.526607,0.550248,0.264640
-1.630900,0.019018,0.013191,0.018537,0.019738
-1.008000,0.376612,0.382280,0.386663,2.990300
0.001533,0.653018,0.654592,0.664691,4.226000
0.114210,0.660931,0.665675,0.671923,1.732200
-0.089466,0.572695,0.537617,0.574285,0.279920
1.015400,0.124274,0.115332,0.122806,0.100630
0.523110,0.413845,0.409960,0.417825,0.491160
0.135690,0.649658,0.647334,0.658677,0.283860
1.152100,0.096800,0.092541,0.096328,0.074819
-1.001100,0.376568,0.383474,0.386487,4.068500
0.093850,0.668242,0.678235,0.680657,3.582500
0.104880,0.664717,0.672096,0.676422,3.821400
0.935150,0.149055,0.134088,0.146817,0.117680
0.497780,0.425332,0.423308,0.428575,4.113400
-1.250300,0.163413,0.088967,0.158710,0.059094
-0.192330,0.470933,0.439687,0.462331,0.271920
-0.008263,0.646819,0.644560,0.657723,3.118400
1.005900,0.126766,0.117272,0.125220,0.102590
0.039295,0.669040,0.680888,0.682507,0.283500
0.787250,0.225589,0.192328,0.222556,0.151830
-1.000300,0.378985,0.386135,0.388988,4.092100
-0.006550,0.647959,0.646395,0.659005,3.502200
-0.990160,0.381469,0.389944,0.391300,2.565100
0.010033,0.657746,0.662323,0.669992,2.694400
0.001352,0.652910,0.654416,0.662289,4.236300
0.489420,0.428805,0.427063,0.431701,2.502200
-0.553280,0.409921,0.407140,0.414148,0.207760
0.720530,0.274821,0.238192,0.273224,0.167890
0.495260,0.426394,0.424471,0.429537,3.786800
0.052280,0.671448,0.684716,0.685059,0.281450
-0.229540,0.445939,0.425602,0.436301,0.267680
0.049773,0.671111,0.684197,0.684713,0.281500
-0.010177,0.645518,0.642472,0.656259,2.659700
0.166800,0.628110,0.614945,0.633704,0.274420
-0.210440,0.457667,0.431736,0.448348,0.269940
0.012359,0.658931,0.664269,0.671317,2.141300
-0.992750,0.380903,0.389107,0.390790,3.173500
0.502700,0.423220,0.420954,0.426643,4.066500
-0.968050,0.384428,0.393466,0.393472,0.134740
0.023038,0.663746,0.672198,0.676683,0.562890
-0.487090,0.427614,0.432877,0.431203,1.957600
0.205300,0.595950,0.572451,0.597066,0.270520
-0.483400,0.428106,0.433486,0.433935,1.229800
-0.640950,0.370805,0.357062,0.368307,0.187110
0.908180,0.159638,0.141845,0.157101,0.123680
-0.995540,0.380241,0.388102,0.387897,3.718000
0.093557,0.668321,0.678375,0.680753,3.522200
-0.490750,0.427072,0.432180,0.432970,2.823400
0.104310,0.664925,0.672453,0.676670,3.915200
1.073800,0.110928,0.104665,0.109900,0.089063
-0.415340,0.428770,0.430559,0.431426,0.237460
0.504980,0.422223,0.419826,0.425724,3.744500
0.363810,0.478102,0.467026,0.473309,0.247190
-0.150590,0.508341,0.468278,0.502832,0.275840
0.029992,0.666316,0.676432,0.679527,0.326350
-0.491390,0.426972,0.432048,0.432873,2.975400
0.093348,0.668377,0.678474,0.680821,3.478100
0.587760,0.376615,0.361551,0.380299,0.199740
0.788790,0.224547,0.191452,0.221499,0.151460
0.115790,0.660220,0.664485,0.671082,1.425700
-0.995530,0.380244,0.388105,0.387899,3.716400
-0.124370,0.535316,0.494398,0.532595,0.277840
0.113480,0.661253,0.666215,0.672304,1.886800
1.132900,0.099991,0.095394,0.099385,0.078178
0.505980,0.421782,0.419323,0.425316,3.556400
-0.506470,0.424143,0.428137,0.429994,3.454900
0.084494,0.670383,0.682085,0.683279,1.479400
0.504360,0.422495,0.420135,0.423694,3.847800
-0.985000,0.382456,0.391339,0.389872,1.401500
0.101040,0.666064,0.674420,0.678033,4.248400
-0.413710,0.428635,0.430258,0.431168,0.237780
-1.006000,0.377269,0.383362,0.387314,3.431200
0.365570,0.477247,0.466435,0.472536,0.246870
-1.028800,0.368087,0.367712,0.377922,0.160820
0.084385,0.670403,0.682122,0.683304,1.459300
0.105210,0.664595,0.671887,0.676277,3.763900
1.030600,0.120490,0.112359,0.119143,0.097558
-0.286770,0.425073,0.416409,0.417032,0.259890
-0.999690,0.379155,0.386405,0.389151,4.092300
-0.151270,0.507669,0.467684,0.502095,0.275780
-1.002300,0.378409,0.385214,0.388431,3.986700
0.103860,0.665087,0.672732,0.676864,3.983600
0.507460,0.421125,0.418571,0.424706,3.239400
1.224200,0.085552,0.081676,0.085515,0.063047
-0.998170,0.379567,0.387054,0.389544,4.028600
0.493940,0.426945,0.425070,0.430034,3.542000
-0.498980,0.425661,0.430274,0.431567,4.189800
0.949970,0.143774,0.130176,0.141697,0.114440
0.563050,0.392239,0.382354,0.396382,0.205510
0.012846,0.659173,0.664666,0.671588,2.030700
0.642100,0.337164,0.309902,0.338837,0.186830
-0.512880,0.422668,0.426009,0.428425,1.956800
-0.488210,0.427454,0.432673,0.431053,2.213800
0.016402,0.660875,0.667468,0.673488,1.321600
0.076063,0.671619,0.684407,0.684847,0.507930
0.052182,0.671436,0.684698,0.685047,0.281450
-0.088652,0.573561,0.538710,0.575255,0.279960
-0.008985,0.646332,0.643777,0.657175,2.947300
-0.986750,0.382142,0.390907,0.391889,1.764800
0.092434,0.668617,0.678901,0.681112,3.277000
-0.027316,0.632659,0.622185,0.641768,0.377620
-0.998840,0.379387,0.386772,0.389373,4.067500
-0.830090,0.354694,0.345363,0.351456,0.141660
-1.000000,0.376879,0.383971,0.386787,4.094200
0.083137,0.670627,0.682533,0.683583,1.243000
-0.236300,0.442366,0.423882,0.432722,0.266840
0.072701,0.671926,0.685018,0.685257,0.376800
-0.992320,0.381000,0.389253,0.390878,3.076900
0.732360,0.265605,0.228893,0.263637,0.165030
0.508550,0.420637,0.418010,0.424252,2.986200
-1.020600,0.371815,0.374170,0.381795,0.581560
0.168020,0.627165,0.613598,0.632617,0.274310
0.686090,0.302257,0.267908,0.301978,0.176230
-1.235200,0.178009,0.101563,0.173877,0.061368
0.818340,0.205548,0.176065,0.202364,0.144430
-0.905850,0.377526,0.377068,0.381825,0.124200
0.097783,0.667107,0.676237,0.679286,4.173100
-0.985790,0.382317,0.391149,0.392037,1.561500
-0.719820,0.345136,0.336360,0.338019,0.168070
0.088619,0.669537,0.680548,0.682236,2.368100
-1.005800,0.375143,0.381162,0.385096,3.468900
0.101360,0.665956,0.674234,0.677904,4.232900
-0.999170,0.379298,0.386631,0.387006,4.080600
0.789130,0.224318,0.191260,0.221267,0.151380
0.503570,0.422841,0.420526,0.426294,3.962900
-1.005300,0.375302,0.381423,0.385253,3.578100
-1.004900,0.377618,0.383932,0.387658,3.648700
0.524210,0.413310,0.409308,0.417310,0.427460
-0.071611,0.591400,0.562090,0.595281,0.280720
0.146810,0.642580,0.636329,0.650433,0.276220
-0.997850,0.379652,0.387187,0.389624,4.003800
0.769550,0.237907,0.202956,0.235099,0.156070
0.091931,0.668746,0.679130,0.678987,3.161400
0.109250,0.663033,0.669220,0.674416,2.880900
0.500260,0.424274,0.422135,0.427610,4.208800
-1.001100,0.376568,0.383474,0.386487,4.070700
0.011342,0.658419,0.663427,0.668463,2.379600
0.822390,0.203095,0.174151,0.199912,0.143480
-0.604710,0.387528,0.376313,0.388061,0.195750
-0.479110,0.428612,0.434078,0.434374,0.674730
0.506320,0.421631,0.419151,0.425176,3.487100
-0.000252,0.651946,0.652849,0.663488,4.271300
-0.501770,0.425121,0.429523,0.431014,4.147900
-0.768430,0.342809,0.335343,0.335797,0.156340
0.008803,0.657100,0.661264,0.669269,2.990700
0.439210,0.447624,0.444721,0.447607,0.232660
-0.093071,0.568848,0.532812,0.569976,0.279730
0.647350,0.333080,0.304770,0.334520,0.185570
0.083571,0.670551,0.682393,0.683488,1.315100
0.487950,0.429402,0.427694,0.432232,2.153700
1.006400,0.126632,0.117168,0.125090,0.102480
-0.002112,0.650802,0.650991,0.662203,4.184500
0.922820,0.153731,0.137526,0.151357,0.120410
1.209300,0.087831,0.083993,0.087719,0.065367
0.071605,0.672002,0.685177,0.685364,0.351560
-0.538070,0.415375,0.415212,0.420357,0.214080
0.107320,0.663796,0.670520,0.675324,3.330800
0.699890,0.291195,0.255562,0.290351,0.172890
0.124000,0.656214,0.657870,0.664077,0.502070
0.099498,0.666569,0.675298,0.678639,4.264800
0.503640,0.422811,0.420492,0.426266,3.953200
0.504520,0.422425,0.420055,0.425911,3.822400
0.043078,0.669910,0.682294,0.683445,0.282020
-1.232500,0.180687,0.103999,0.176673,0.061773
-0.960230,0.384707,0.393264,0.393343,0.113690
0.006730,0.655983,0.659433,0.668017,3.463900
0.106340,0.664172,0.671162,0.675772,3.542700
-0.146690,0.512228,0.471765,0.507098,0.276160
0.508560,0.420633,0.418005,0.424248,2.983300
0.499820,0.424463,0.422345,0.427782,4.209600
0.101460,0.665923,0.674176,0.677864,4.227600
-0.498300,0.425788,0.430449,0.431696,4.153200
-1.012200,0.375139,0.379824,0.385187,2.007500
-0.985320,0.382400,0.391263,0.392107,1.464900
0.201170,0.599568,0.576895,0.601150,0.270970
-1.001000,0.378787,0.385819,0.388797,4.075800
-0.778300,0.343723,0.335963,0.337059,0.153970
0.096729,0.667424,0.676794,0.679669,4.062100
0.300290,0.516318,0.494417,0.510546,0.257840
-0.049162,0.613509,0.593293,0.620174,0.281510
-0.487100,0.427612,0.432875,0.431202,1.959200
-0.436610,0.430039,0.433822,0.434129,0.233190
-0.199890,0.465151,0.436083,0.456201,0.271110
-0.017123,0.640563,0.634576,0.650678,1.203300
0.252430,0.554415,0.527258,0.550986,0.264750
-0.493290,0.426665,0.431641,0.432574,3.406500
0.508840,0.420507,0.417860,0.424131,2.918000
-0.499210,0.423427,0.427926,0.429242,4.197900
-0.998210,0.379556,0.387038,0.387252,4.031300
-0.398370,0.427182,0.427234,0.428483,0.240760
0.095055,0.667909,0.677646,0.680254,3.810800
-0.362230,0.423430,0.420258,0.421483,0.247470
-0.996100,0.380102,0.387887,0.390048,3.803300
0.085460,0.670199,0.681748,0.683051,1.666700
0.551450,0.398982,0.391195,0.403201,0.208190
0.093533,0.668327,0.678387,0.680761,3.517100
-0.507930,0.423821,0.427676,0.429655,3.132000
-0.230280,0.445533,0.425403,0.435892,0.267590
0.905730,0.160666,0.142595,0.158102,0.124230
0.606670,0.363585,0.344191,0.366689,0.195280
-0.998380,0.379511,0.386967,0.389491,4.042700
-0.007850,0.647096,0.645005,0.658035,3.214400
0.402790,0.461117,0.455086,0.458595,0.239910
0.504710,0.422342,0.419961,0.425834,3.790600
0.193880,0.605885,0.584858,0.608305,0.271760
-0.489630,0.427244,0.432403,0.433135,2.553500
0.102780,0.665469,0.673391,0.677321,4.117900
-0.055936,0.607055,0.583938,0.612901,0.281290
-0.296570,0.423494,0.415884,0.416059,0.258410
0.103200,0.665322,0.673137,0.677144,4.070600
0.235710,0.568998,0.541929,0.566979,0.266920
0.091612,0.668826,0.679274,0.681367,3.086700
0.112690,0.661596,0.666792,0.672711,2.062500
-0.757190,0.342321,0.334994,0.335045,0.159040
-0.183890,0.477783,0.444238,0.469650,0.272780
-0.889070,0.372969,0.369313,0.375584,0.128000
-0.995130,0.380342,0.388256,0.390272,3.648300
-0.004422,0.649343,0.648628,0.660562,3.901000
-0.427300,0.429609,0.432570,0.433113,0.235080
0.852830,0.185841,0.161048,0.182777,0.136340
0.485790,0.430271,0.428604,0.433002,1.677000
-0.984970,0.382461,0.391346,0.392158,1.395700
0.564610,0.391303,0.381117,0.395429,0.205140
-0.238650,0.441195,0.423333,0.431563,0.266550
0.077348,0.671474,0.684126,0.684658,0.587270
0.180790,0.616922,0.599391,0.620876,0.273090
-0.368870,0.424065,0.421403,0.422732,0.246270
0.103750,0.665126,0.672800,0.676911,3.998500
0.077659,0.671437,0.684053,0.684609,0.609470
-0.947900,0.384394,0.391604,0.392259,0.114900
0.156740,0.635646,0.625900,0.642397,0.275320
0.119940,0.658259,0.661230,0.668767,0.824200
-0.308920,0.422213,0.415646,0.415646,0.256480
0.103450,0.665233,0.672984,0.677039,4.039300
0.132720,0.651414,0.650122,0.660730,0.296130
-0.596800,0.391212,0.381039,0.392391,0.197620
-0.818770,0.351575,0.342305,0.347389,0.144330
-0.285170,0.425381,0.416522,0.417250,0.260130
-0.358480,0.423098,0.419655,0.420804,0.248140
-1.000000,0.376879,0.383971,0.386787,4.094200
-0.004977,0.648985,0.648050,0.660160,3.807800
-0.291480,0.424249,0.416120,0.416489,0.259180
0.343280,0.488841,0.474449,0.483274,0.250800
0.529760,0.410559,0.405926,0.414650,0.260740
-0.503020,0.424869,0.429169,0.430754,4.032000
-0.514410,0.422293,0.425462,0.428021,1.628900
-1.005000,0.377587,0.383881,0.387627,3.620500
-0.499810,0.425503,0.430056,0.431407,4.209500
0.093707,0.668280,0.678304,0.680704,3.553400
0.090333,0.669140,0.679834,0.679468,2.780800
0.055697,0.671810,0.685253,0.685417,0.281510
-0.498930,0.425670,0.430287,0.431577,4.187700
0.221310,0.581772,0.555832,0.581161,0.268680
-1.012800,0.374918,0.379453,0.384964,1.851200
0.423530,0.453292,0.449237,0.452195,0.235830
-0.418920,0.429051,0.431199,0.431971,0.236750
0.416960,0.455714,0.451087,0.454161,0.237140
0.609350,0.361671,0.341656,0.364679,0.194650
-0.493240,0.426674,0.431652,0.432582,3.397000
-0.246180,0.437690,0.421725,0.428138,0.265570
-0.509240,0.423525,0.427251,0.429341,2.821100
0.501030,0.423943,0.421765,0.427307,4.189000
0.084050,0.670464,0.682235,0.683381,1.398600
-0.998220,0.379554,0.387034,0.387250,4.031900
-0.377090,0.424912,0.422937,0.424335,0.244770
0.010314,0.657892,0.662562,0.670155,2.626400
-0.016572,0.640969,0.635219,0.651135,1.292900
-0.499920,0.425482,0.430027,0.431385,4.210100
-0.325440,0.421583,0.416102,0.416332,0.253810
1.248300,0.081857,0.077790,0.081917,0.059390
-1.165900,0.250735,0.181722,0.251052,0.072475
0.504370,0.422491,0.420130,0.423690,3.846000
0.019303,0.662180,0.669617,0.674942,0.901420
2.012700,0.005595,0.003655,0.005470,0.004911
-0.166520,0.493081,0.455515,0.486172,0.274450
1.381000,0.060367,0.053235,0.060333,0.041898
-0.075171,0.587730,0.557146,0.591156,0.280580
-1.508900,0.034054,0.022705,0.032525,0.028954
-0.999190,0.379292,0.386622,0.389282,4.081500
-0.155130,0.503887,0.464398,0.497954,0.275460
-0.363120,0.423512,0.420405,0.421647,0.247310
-0.995100,0.380349,0.388267,0.390279,3.643500
-0.514570,0.422253,0.425404,0.427978,1.596100
-1.001300,0.378701,0.385682,0.388714,4.061400
0.497290,0.425540,0.423536,0.428763,4.067200
0.501480,0.423749,0.421548,0.424847,4.166500
-1.006800,0.377010,0.382936,0.387058,3.258900
-1.009700,0.376031,0.381316,0.386083,2.584000
-0.999180,0.379295,0.386626,0.387003,4.080900
1.766000,0.014762,0.011801,0.014395,0.012476
0.619190,0.354512,0.332235,0.357149,0.192310
0.902270,0.162137,0.143667,0.159535,0.125010
-0.512330,0.422801,0.426202,0.428568,2.083000
-0.494600,0.426445,0.431346,0.432357,3.669800
-0.391730,0.426485,0.425874,0.427216,0.242020
-0.993380,0.380758,0.388890,0.390657,3.310500
-0.995510,0.380249,0.388113,0.390185,3.712500
1.073700,0.110948,0.104681,0.109920,0.089089
-0.490710,0.427079,0.432188,0.432976,2.814000
-1.011300,0.375465,0.380371,0.385516,2.213000
0.520600,0.415055,0.411423,0.418983,0.692950
0.116170,0.660046,0.664195,0.670876,1.357600
1.203200,0.088766,0.084926,0.088621,0.066336
0.090331,0.669140,0.679835,0.679469,2.780200
0.490890,0.428205,0.426424,0.431165,2.857300
-0.507350,0.423950,0.427861,0.429791,3.264300
-0.498400,0.425769,0.430424,0.431677,4.159500
1.276900,0.077414,0.072922,0.077544,0.055253
0.261020,0.547113,0.520375,0.543070,0.263580
0.856070,0.184127,0.159775,0.181085,0.135590
0.687590,0.301053,0.266540,0.300710,0.175860
-1.013900,0.374507,0.378760,0.384548,1.620600
0.487250,0.429685,0.427991,0.432482,1.993400
-0.045933,0.616507,0.597706,0.623554,0.281680
-0.004297,0.649422,0.648757,0.660651,3.920700
-0.470500,0.429414,0.434895,0.434982,0.277560
1.375800,0.061243,0.054248,0.061230,0.042506
0.980700,0.133903,0.122752,0.132132,0.107850
-0.996000,0.380127,0.387925,0.390072,3.788100
0.596170,0.370927,0.353956,0.374374,0.197770
0.116690,0.659806,0.663795,0.670593,1.269700
-0.687670,0.352848,0.341261,0.347047,0.175850
0.093034,0.668460,0.678622,0.680922,3.410500
-0.685200,0.353622,0.341820,0.347960,0.176440
0.005841,0.655492,0.658630,0.667467,3.646700
-1.472200,0.041370,0.025543,0.039156,0.032299
0.107940,0.663554,0.670107,0.675036,3.191500
-0.652920,0.365640,0.351947,0.362189,0.184230
0.033323,0.667386,0.678188,0.680703,0.297330
0.857290,0.183488,0.159301,0.180455,0.135310
-0.312980,0.421950,0.415675,0.415692,0.255840
0.490690,0.428287,0.426512,0.431238,2.808300
-0.487540,0.427550,0.432796,0.433425,2.057700
0.134420,0.650416,0.648535,0.659563,0.287790
1.107800,0.104396,0.099208,0.103611,0.082709
-0.002657,0.650462,0.650440,0.661820,4.134200
-0.411510,0.428445,0.429844,0.430810,0.238210
-0.023522,0.635685,0.626898,0.645180,0.532960
-0.770390,0.342955,0.335442,0.336003,0.155870
0.709840,0.283265,0.247013,0.282042,0.170480
0.288240,0.525245,0.501472,0.519806,0.259670
-0.985590,0.382352,0.391198,0.392067,1.520600
-0.910540,0.378654,0.379137,0.383406,0.123150
-0.363560,0.423552,0.420479,0.421729,0.247230
0.589270,0.375607,0.360204,0.379251,0.199390
0.547370,0.401262,0.394148,0.405484,0.209170
-0.136320,0.522797,0.481723,0.518740,0.276970
-1.002500,0.378350,0.385119,0.388374,3.972300
2.019400,0.005406,0.003444,0.005282,0.004781
-0.189750,0.472984,0.441017,0.464517,0.272190
-0.645070,0.368995,0.355221,0.366163,0.186120
-0.521130,0.420537,0.422882,0.426110,0.643370
-0.386340,0.425905,0.424774,0.426162,0.243040
0.503230,0.422989,0.420694,0.426431,4.006400
-0.488200,0.427455,0.432675,0.431054,2.210700
-1.018200,0.372816,0.375886,0.382824,0.856340
0.026113,0.664938,0.674163,0.678005,0.413890
0.506270,0.421654,0.419177,0.425197,3.496900
-0.999780,0.379130,0.386365,0.389127,4.093300
0.506230,0.421671,0.419197,0.425213,3.504600
-0.001111,0.651422,0.651997,0.662899,4.248100
0.094616,0.668031,0.677863,0.680402,3.731800
-1.148200,0.269585,0.207240,0.271387,0.075500
-0.341880,0.421964,0.417448,0.418149,0.251040
0.215260,0.587148,0.561984,0.587172,0.269390
0.094467,0.668073,0.677936,0.680452,3.703800
0.011348,0.658422,0.663432,0.668466,2.378100
-0.976890,0.383639,0.392814,0.393065,0.384610
0.259960,0.548006,0.521201,0.544033,0.263730
0.193620,0.606108,0.585144,0.608559,0.271780
1.428400,0.052396,0.044234,0.052152,0.036679
0.093901,0.668228,0.678211,0.680640,3.592800
1.158700,0.095731,0.091566,0.095305,0.073701
0.012826,0.659163,0.664650,0.669295,2.035300
-0.996850,0.379911,0.387592,0.389869,3.901200
0.106130,0.664252,0.671298,0.675866,3.586400
-1.074000,0.339388,0.317412,0.347192,0.089035
0.024151,0.664187,0.672926,0.677173,0.497980
-0.001862,0.650958,0.651244,0.662378,4.204100
1.228100,0.084955,0.081059,0.084936,0.062440
0.006869,0.656059,0.659557,0.668102,3.434000
0.303980,0.513688,0.492403,0.507849,0.257260
0.102480,0.665574,0.673571,0.677446,4.148400
0.015531,0.660469,0.666799,0.673035,1.476700
0.007181,0.656229,0.659835,0.668293,3.365800
0.532920,0.408955,0.403930,0.413087,0.230100
-0.007578,0.647278,0.645298,0.658239,3.276700
0.504890,0.422263,0.419871,0.425760,3.760100
0.124010,0.656209,0.657861,0.664071,0.501220
0.504020,0.422644,0.420304,0.426113,3.899100
0.657410,0.325171,0.294984,0.326158,0.183150
0.017783,0.661506,0.668506,0.674191,1.103000
-1.135900,0.282410,0.225692,0.285276,0.077657
-0.997420,0.379764,0.387363,0.389731,3.963800
0.422200,0.453779,0.449612,0.452589,0.236100
0.499250,0.424707,0.422616,0.428005,4.199300
0.269680,0.539927,0.513890,0.535346,0.262370
-0.506060,0.424232,0.428264,0.430088,3.540300
-0.986060,0.382268,0.391082,0.391996,1.616400
-0.531850,0.417389,0.418210,0.422620,0.237650
0.001168,0.652801,0.654238,0.664448,4.245500
-0.370570,0.424235,0.421711,0.423060,0.245960
0.513330,0.418467,0.415483,0.422219,1.857100
0.095576,0.667760,0.677385,0.680075,3.898100
0.130770,0.652534,0.651913,0.662041,0.312460
1.409500,0.055561,0.047752,0.055404,0.038699
0.893100,0.166150,0.146592,0.163449,0.127090
0.488350,0.429240,0.427523,0.432088,2.245500
-0.591850,0.393493,0.384044,0.395068,0.198780
0.519180,0.415732,0.412237,0.419629,0.849700
0.522400,0.414189,0.410377,0.418155,0.539190
-0.033320,0.627678,0.614511,0.636150,0.297350
-1.000400,0.378957,0.386091,0.388961,4.090700
0.520770,0.414974,0.411325,0.418906,0.677180
-0.413400,0.428609,0.430200,0.431118,0.237840
-0.673640,0.357543,0.344834,0.352596,0.179240
-0.011566,0.644557,0.640932,0.655176,2.326500
0.094793,0.667982,0.677776,0.680343,3.764300
0.872340,0.175869,0.153689,0.172961,0.131830
-1.004400,0.377774,0.384186,0.387811,3.727600
-0.450800,0.430234,0.435023,0.435075,0.230300
-0.007100,0.647595,0.645809,0.658596,3.383500
-0.460310,0.430007,0.435248,0.435248,0.229800
-0.533040,0.417014,0.417652,0.422200,0.229380
0.268780,0.540665,0.514543,0.536135,0.262500
0.492960,0.427352,0.425509,0.430400,3.336600
-0.509480,0.423470,0.427171,0.429283,2.764900
-0.984940,0.382466,0.391353,0.392163,1.390100
1.799200,0.013093,0.010525,0.012781,0.011082
0.645840,0.334258,0.306245,0.335765,0.185930
-0.507620,0.423890,0.427775,0.429728,3.203800
-0.720890,0.344960,0.336264,0.337817,0.167810
-0.725270,0.344299,0.335908,0.337061,0.166750
0.110970,0.662327,0.668024,0.673577,2.465000
-0.501510,0.425173,0.429595,0.431067,4.164600
0.982480,0.133372,0.122348,0.131618,0.107470
0.604580,0.365067,0.346156,0.368243,0.195780
0.078928,0.671274,0.683743,0.684400,0.713750
-2.159800,0.003130,0.003078,0.003104,0.002659
0.111200,0.662230,0.667861,0.673463,2.409200
-0.004206,0.649481,0.648852,0.660717,3.934800
0.087754,0.669727,0.680891,0.682469,2.165200
0.634700,0.342859,0.317143,0.344854,0.188600
-0.996060,0.380112,0.387902,0.390058,3.797200
-0.519260,0.421043,0.423628,0.426664,0.839970
-0.192210,0.471028,0.439748,0.462432,0.271930
0.091934,0.668745,0.679129,0.678987,3.162100
-0.018955,0.639196,0.632415,0.649138,0.943960
0.494380,0.426762,0.424871,0.429869,3.628800
0.543280,0.403500,0.397025,0.407713,0.210390
-0.994750,0.380434,0.388397,0.390358,3.582000
-0.998130,0.379578,0.387071,0.389554,4.025200
-0.734570,0.343204,0.335347,0.335836,0.164500
0.651310,0.329979,0.300908,0.331241,0.184620
-0.508870,0.423609,0.427372,0.429431,2.910800
-1.344800,0.090544,0.042909,0.085360,0.046244
1.229200,0.084787,0.080884,0.084773,0.062282
-0.498460,0.425758,0.430408,0.431666,4.163700
-0.519760,0.420909,0.423431,0.426517,0.781870
0.504320,0.422513,0.420155,0.425992,3.853200
0.615830,0.356979,0.335470,0.359747,0.193110
-1.005100,0.377555,0.383830,0.387596,3.607100
0.494700,0.426628,0.424726,0.429749,3.689200
0.708190,0.284576,0.248409,0.283414,0.170880
-0.161830,0.497463,0.459027,0.490940,0.274870
1.093900,0.106978,0.101389,0.106094,0.085275
-1.010600,0.375715,0.380789,0.385767,2.383800
-0.969770,0.384315,0.393415,0.393440,0.151530
-0.674890,0.357096,0.344476,0.352067,0.178930
0.302650,0.514630,0.493121,0.508813,0.257470
0.503440,0.422898,0.420591,0.426347,3.979900
-0.113230,0.547201,0.507285,0.545803,0.278570
-0.000790,0.651618,0.652316,0.663120,4.260200
-0.503080,0.424857,0.429151,0.428460,4.024600
-0.508470,0.423700,0.427502,0.427245,3.005000
0.105790,0.664379,0.671517,0.676019,3.653100
0.474090,0.434846,0.433232,0.436987,0.364580
0.143390,0.644838,0.639800,0.653058,0.276750
-0.109660,0.551034,0.511614,0.550073,0.278790
-0.336030,0.421729,0.416868,0.417392,0.252040
0.900960,0.162700,0.144078,0.160084,0.125310
-0.200600,0.464625,0.435767,0.455646,0.271040
-0.402000,0.427550,0.427972,0.429153,0.240060
-1.006400,0.377140,0.383150,0.387187,3.363600
-0.537790,0.415469,0.415351,0.420463,0.214470
-1.002700,0.378291,0.385023,0.388316,3.946600
0.099933,0.666429,0.675054,0.678471,4.269700
-0.495410,0.426306,0.431158,0.432218,3.812300
-0.291400,0.424262,0.416124,0.416497,0.259200
-0.508460,0.423702,0.427505,0.427247,3.008200
0.089687,0.669293,0.680108,0.681936,2.624500
-1.007200,0.372498,0.378106,0.382364,3.183500
-0.512710,0.422709,0.426069,0.428470,1.995900
-0.558830,0.407760,0.403981,0.411665,0.206480
-0.512860,0.422673,0.426016,0.428431,1.962700
0.109220,0.663045,0.669241,0.674430,2.886700
0.270800,0.539012,0.513084,0.534367,0.262210
0.003772,0.654323,0.656719,0.666156,3.998600
0.557170,0.395705,0.386916,0.399899,0.206860
0.498120,0.425188,0.423148,0.428443,4.141000
0.104950,0.664691,0.672052,0.676391,3.809600
-0.635640,0.373179,0.359554,0.371119,0.188380
0.098585,0.666858,0.675803,0.678987,4.230100
-0.003985,0.649622,0.649080,0.660876,3.968000
-1.008100,0.376578,0.382224,0.386630,2.979100
0.820640,0.204150,0.174973,0.200966,0.143890
-1.559900,0.026531,0.018728,0.025645,0.024760
-1.000200,0.379013,0.386180,0.389015,4.093700
0.092864,0.668505,0.678702,0.680976,3.373100
0.312260,0.507969,0.488111,0.502040,0.255950
0.809630,0.210948,0.180335,0.207778,0.146500
0.501490,0.423745,0.421543,0.424843,4.165800
-0.497320,0.425967,0.430696,0.431878,4.069600
0.498270,0.425124,0.423078,0.428385,4.151300
-1.186800,0.228278,0.153859,0.226979,0.068997
0.208870,0.592805,0.568655,0.593524,0.270120
0.501370,0.423796,0.421601,0.427172,4.172400
0.936680,0.148493,0.133673,0.146272,0.117350
-0.871710,0.367667,0.361272,0.368488,0.131980
0.009325,0.657376,0.661716,0.669578,2.865500
1.509500,0.039557,0.031112,0.038990,0.028898
-0.006833,0.647772,0.646094,0.658795,3.441700
-0.509910,0.423371,0.427029,0.429178,2.659200
0.001361,0.652915,0.654425,0.662295,4.235800
1.522600,0.037662,0.029367,0.037061,0.027777
-0.485430,0.427842,0.433163,0.433696,1.603900
-1.251000,0.162754,0.088425,0.158027,0.058997
-0.509470,0.423473,0.427175,0.429285,2.766300
0.089510,0.669334,0.680182,0.681987,2.581700
-0.259820,0.432292,0.419349,0.423053,0.263750
-0.975630,0.383783,0.392967,0.393160,0.313590
-0.135330,0.523822,0.482726,0.519871,0.277050
0.477510,0.433530,0.431930,0.435852,0.543110
-0.993000,0.380846,0.389022,0.390738,3.228500
0.014829,0.660136,0.666251,0.672664,1.611100
0.099341,0.666619,0.675386,0.678700,4.261200
0.097246,0.667270,0.676523,0.679482,4.121500
0.769860,0.237686,0.202760,0.234873,0.155990
-1.016700,0.373421,0.376918,0.383443,1.087100
-0.302830,0.422751,0.415703,0.415742,0.257440
-1.382100,0.071114,0.035144,0.066705,0.041781
-0.439810,0.430134,0.434174,0.434410,0.232540
0.089409,0.669357,0.680224,0.682015,2.557400
0.004524,0.654752,0.657421,0.666638,3.884400
0.510810,0.419618,0.416829,0.423300,2.442800
-1.474300,0.040895,0.025378,0.038725,0.032104
0.605270,0.364579,0.345509,0.367731,0.195610
-0.993070,0.380830,0.388997,0.390723,3.244500
-0.013227,0.643387,0.639064,0.653859,1.945900
-0.002729,0.650417,0.650367,0.661770,4.126800
-1.096300,0.320750,0.285820,0.326949,0.084820
-0.507260,0.423970,0.427889,0.429812,3.284600
-0.496290,0.426152,0.430948,0.432064,3.946200
0.516670,0.416916,0.413651,0.420754,1.210900
-0.167320,0.492344,0.454936,0.485371,0.274380
0.351150,0.484554,0.471478,0.479239,0.249430
-0.305340,0.422508,0.415665,0.415678,0.257050
0.502520,0.423298,0.421042,0.426715,4.085400
-1.066400,0.345119,0.327365,0.353393,0.090488
0.114380,0.660855,0.665548,0.671833,1.696700
-0.144370,0.514564,0.473906,0.509666,0.276350
0.108750,0.663234,0.669562,0.674654,2.999300
-0.343930,0.422069,0.417677,0.418439,0.250690
-0.076570,0.586279,0.555209,0.589525,0.280520
1.175100,0.093124,0.089141,0.092807,0.070919
0.595920,0.371099,0.354185,0.374553,0.197820
-2.323200,0.001921,0.000981,0.001886,0.001278
-0.038698,0.623026,0.607444,0.630904,0.283980
-1.161300,0.255663,0.188208,0.256358,0.073242
-0.484770,0.427930,0.433271,0.433776,1.474500
-0.002785,0.650381,0.650309,0.661730,4.120800
0.505490,0.421998,0.419570,0.425516,3.650300
-0.987980,0.381908,0.390578,0.391687,2.043700
-0.492330,0.426822,0.431850,0.432727,3.195600
0.101090,0.666047,0.674391,0.678013,4.245900
0.151000,0.639720,0.631986,0.647114,0.275810
0.507450,0.421129,0.418576,0.424710,3.242400
-0.985240,0.382414,0.391282,0.392119,1.448900
0.441700,0.446730,0.443981,0.446882,0.232150
-0.996800,0.379924,0.387612,0.389882,3.896200
-1.052000,0.355013,0.344724,0.364047,0.093297
0.471920,0.435672,0.434038,0.437695,0.303150
-0.113160,0.547276,0.507369,0.545887,0.278580
-0.014036,0.642810,0.638145,0.653209,1.772300
-0.181230,0.480024,0.445794,0.472057,0.273050
-0.012138,0.644156,0.640292,0.654725,2.192400
0.088026,0.669668,0.680785,0.682397,2.228500
0.223310,0.579994,0.553837,0.579178,0.268440
-0.513080,0.422620,0.425938,0.428373,1.912500
-0.499280,0.425604,0.430196,0.431510,4.200000
-0.977980,0.383506,0.392666,0.392973,0.461440
0.522130,0.414320,0.410535,0.418280,0.559380
0.245500,0.560410,0.533138,0.557532,0.265660
0.103060,0.665371,0.673222,0.677203,4.087000
-0.984580,0.382528,0.391437,0.392214,1.321600
-0.000745,0.651646,0.652361,0.663151,4.261600
0.350940,0.484665,0.471555,0.479343,0.249470
0.022359,0.663470,0.671745,0.676377,0.609680
0.533240,0.408791,0.403725,0.412927,0.228230
-0.704930,0.348139,0.338117,0.341507,0.171670
0.264000,0.544619,0.518093,0.540381,0.263170
0.849800,0.187465,0.162259,0.184381,0.137050
-0.507850,0.423839,0.427702,0.429674,3.150300
0.753280,0.249751,0.213687,0.247248,0.159980
-0.545050,0.412962,0.411628,0.417622,0.209800
0.509870,0.420044,0.417323,0.423698,2.669000
-1.418600,0.056543,0.030333,0.053053,0.037712
-0.520860,0.420611,0.422991,0.426191,0.668240
-0.169300,0.490532,0.453529,0.483404,0.274190
-0.090812,0.571261,0.535816,0.572678,0.279850
0.046058,0.670498,0.683234,0.684071,0.281670
1.221400,0.085980,0.082116,0.085929,0.063485
-0.503070,0.424859,0.429154,0.428462,4.025700
-1.066100,0.345338,0.327748,0.353630,0.090560
0.020630,0.662751,0.670558,0.675577,0.757170
-0.091986,0.570008,0.534252,0.571274,0.279790
-1.635900,0.018571,0.012817,0.018104,0.019418
-0.133610,0.525609,0.484488,0.521845,0.277170
-0.911830,0.378952,0.379694,0.383826,0.122860
0.999370,0.128540,0.118644,0.126938,0.103930
0.104920,0.664702,0.672071,0.676404,3.814100
-0.738340,0.342881,0.335191,0.335488,0.163590
0.502620,0.423255,0.420993,0.426675,4.074600
-0.671660,0.358261,0.345417,0.353446,0.179710
0.842500,0.191462,0.165255,0.188337,0.138750
-0.660760,0.362434,0.348993,0.358389,0.182340
0.865780,0.179129,0.156083,0.176163,0.133340
-0.022813,0.636240,0.627766,0.645805,0.577760
-0.245550,0.437969,0.421851,0.428407,0.265660
0.116820,0.659746,0.663695,0.670521,1.248400
0.012049,0.658776,0.664014,0.671144,2.213100
-1.003100,0.378171,0.384830,0.388199,3.905000
-0.696200,0.350364,0.339546,0.344119,0.173780
-0.894960,0.374650,0.372072,0.377865,0.126670
-1.001200,0.378729,0.385728,0.388741,4.066500
-0.496190,0.426169,0.430972,0.432081,3.931100
0.474330,0.434754,0.433142,0.436908,0.373130
-1.018800,0.372570,0.375465,0.382571,0.786180
0.151710,0.639226,0.631242,0.646541,0.275750
0.374480,0.473059,0.463536,0.468802,0.245250
0.105890,0.664342,0.671453,0.675974,3.634300
1.297700,0.074118,0.069198,0.074266,0.052374
-0.024504,0.634911,0.625689,0.644307,0.480210
-0.908860,0.378259,0.378404,0.382850,0.123530
0.012821,0.659160,0.664646,0.669292,2.036400
0.189580,0.609560,0.589608,0.612481,0.272210
-0.007049,0.647630,0.645864,0.658635,3.394800
-0.499210,0.423427,0.427926,0.429242,4.198000
-0.406730,0.428010,0.428917,0.429998,0.239150
-0.972990,0.384050,0.393221,0.393318,0.213560
-0.771530,0.343048,0.335505,0.336134,0.155590
-1.997900,0.003443,0.003179,0.003230,0.005212
-1.009400,0.376135,0.381489,0.386187,2.675500
0.504060,0.422627,0.420284,0.426097,3.894200
1.285900,0.075995,0.071329,0.076136,0.054001
-0.382550,0.425496,0.424011,0.425414,0.243750
0.415520,0.456251,0.451492,0.454598,0.237420
-0.287990,0.424847,0.416328,0.416878,0.259710
-0.981720,0.382988,0.392040,0.392585,0.857920
-0.500240,0.425421,0.429941,0.431322,4.209000
1.469500,0.045689,0.037117,0.045263,0.032562
0.011450,0.658473,0.663517,0.670806,2.353900
-0.009001,0.646321,0.643760,0.657163,2.943500
-0.226700,0.447531,0.426389,0.437912,0.268030
-0.011611,0.644525,0.640882,0.655141,2.315900
-0.518360,0.421282,0.423979,0.426924,0.954950
-1.330500,0.099358,0.047029,0.093972,0.048049
0.358120,0.480936,0.468981,0.475891,0.248200
-0.487570,0.427546,0.432791,0.433421,2.065700
0.279260,0.532216,0.507234,0.527141,0.261000
0.228850,0.575072,0.548415,0.573703,0.267770
-1.009300,0.376170,0.381546,0.386222,2.698800
0.091945,0.668742,0.679124,0.681265,3.164600
0.112650,0.661613,0.666821,0.672731,2.070900
0.500290,0.424261,0.422121,0.427598,4.208400
-0.217280,0.453193,0.429302,0.443708,0.269150
-0.506870,0.424055,0.428012,0.429902,3.368900
0.965630,0.138572,0.126284,0.136655,0.111060
0.107650,0.663668,0.670301,0.675171,3.256300
-1.028700,0.368135,0.367796,0.377973,0.163590
-0.004160,0.649510,0.648899,0.660750,3.941800
-0.992540,0.380951,0.389179,0.390833,3.126400
-0.491660,0.426929,0.431992,0.432832,3.040600
-0.484960,0.427905,0.433240,0.433753,1.510500
-0.990810,0.381331,0.389743,0.391177,2.720800
-1.084300,0.331100,0.303203,0.338200,0.087082
-0.994600,0.380470,0.388452,0.390392,3.553200
-0.615340,0.382549,0.370186,0.382194,0.193220
1.732900,0.016671,0.013198,0.016239,0.014005
0.095347,0.667826,0.677500,0.680154,3.860600
-0.004365,0.649379,0.648687,0.660603,3.910000
-1.003000,0.378201,0.384878,0.388229,3.915200
-0.539500,0.414894,0.414496,0.419813,0.212540
0.503370,0.422928,0.420625,0.426375,3.988500
-0.484010,0.428029,0.433392,0.433865,1.333900
-0.507480,0.423921,0.427820,0.429760,3.235000
-1.000600,0.378900,0.386001,0.388906,4.087700
0.390620,0.466027,0.458607,0.462715,0.242240
-0.892190,0.373869,0.370776,0.376803,0.127290
0.002698,0.653702,0.655707,0.665459,4.130000
-0.163390,0.495995,0.457836,0.489340,0.274730
-0.448310,0.430244,0.434883,0.434967,0.230800
0.816080,0.206933,0.177153,0.203751,0.144970
0.105860,0.664353,0.671472,0.675988,3.639500
-0.999580,0.379185,0.386453,0.389180,4.090800
0.510290,0.419854,0.417103,0.423521,2.568600
-0.491180,0.427005,0.432092,0.432905,2.925600
0.673940,0.312003,0.279183,0.312250,0.179160
0.098717,0.666817,0.675731,0.678937,4.237200
-0.447870,0.430243,0.434855,0.434945,0.230890
0.494670,0.426641,0.424740,0.429760,3.682700
0.491190,0.428082,0.426293,0.431055,2.929400
0.573430,0.385880,0.373919,0.389877,0.203090
0.285290,0.527506,0.503315,0.522176,0.260110
0.355830,0.482106,0.469788,0.476968,0.248610
0.069348,0.672124,0.685444,0.685543,0.317190
0.032216,0.667042,0.677624,0.680325,0.304120
0.458010,0.440841,0.438877,0.442049,0.229360
1.639200,0.023868,0.018272,0.023246,0.019211
0.903370,0.161667,0.143325,0.159077,0.124760
0.132460,0.651565,0.650363,0.660906,0.297850
-0.005334,0.648754,0.647677,0.659900,3.743500
0.006351,0.655774,0.659091,0.667783,3.543800
0.086323,0.670027,0.681435,0.682838,1.846300
0.088886,0.669477,0.680440,0.682162,2.431700
0.492140,0.427691,0.425874,0.430704,3.151600
-0.912600,0.379126,0.380024,0.384074,0.122690
0.205210,0.596029,0.572547,0.597155,0.270530
0.015764,0.660578,0.666979,0.673157,1.433900
-1.003600,0.378020,0.384585,0.388052,3.843500
0.027904,0.665592,0.675240,0.678728,0.363270
1.420300,0.053749,0.045726,0.053542,0.037536
-0.102500,0.558733,0.520560,0.558664,0.279220
0.008784,0.657090,0.661248,0.669258,2.995300
0.128010,0.654074,0.654392,0.663846,0.356490
-1.127900,0.290569,0.237879,0.294130,0.079063
0.017293,0.661284,0.668141,0.673944,1.176700
-0.264640,0.430673,0.418660,0.421593,0.263080
0.512720,0.418747,0.415812,0.422483,1.993600
0.196640,0.603505,0.581828,0.605606,0.271460
-0.508900,0.423603,0.427362,0.429423,2.904200
-0.417000,0.428903,0.430859,0.431683,0.237130
0.102520,0.665560,0.673547,0.677429,4.145100
0.698580,0.292243,0.256710,0.291451,0.173210
-0.465590,0.429747,0.435145,0.435171,0.237880
-0.154840,0.504169,0.464640,0.498262,0.275480
0.302230,0.514929,0.493350,0.509120,0.257530
0.707600,0.285045,0.248910,0.283905,0.171020
-0.489410,0.427277,0.432446,0.433166,2.499300
-1.005800,0.375143,0.381162,0.385096,3.483600
-0.994230,0.380559,0.388587,0.390474,3.483100
-0.138680,0.520364,0.479370,0.516055,0.276790
-0.499240,0.425612,0.430206,0.431517,4.198700
0.238220,0.566785,0.539622,0.564538,0.266600
-0.336140,0.421733,0.416878,0.417405,0.252020
0.358130,0.480931,0.468977,0.475887,0.248200
-1.016200,0.373619,0.377255,0.383645,1.175600
0.502740,0.423203,0.420935,0.426627,4.062800
0.398840,0.462679,0.456216,0.459895,0.240670
-0.507740,0.423863,0.427737,0.429700,3.176300
1.352900,0.065086,0.058719,0.065151,0.045250
-0.502160,0.425043,0.429413,0.430934,4.117300
0.230970,0.573192,0.546383,0.571618,0.267510
-1.011600,0.375357,0.380190,0.385407,2.144200
-0.165920,0.493636,0.455953,0.486775,0.274500
0.185950,0.612627,0.593640,0.615973,0.272580
-1.279600,0.137210,0.069217,0.131829,0.054879
0.498250,0.425133,0.423088,0.428393,4.149800
-1.015000,0.374087,0.378049,0.384122,1.404200
1.037200,0.118921,0.111115,0.117624,0.096233
-0.008916,0.646379,0.643853,0.657228,2.963900
-0.475450,0.428987,0.434485,0.434677,0.421310
0.617280,0.355917,0.334076,0.358629,0.192760
0.327200,0.498304,0.481099,0.492417,0.253520
0.881930,0.171268,0.150324,0.168452,0.129630
-0.506010,0.424242,0.428279,0.430099,3.549800
0.331810,0.495493,0.479106,0.489669,0.252750
-0.984990,0.382458,0.391342,0.389874,1.400300
-0.509160,0.423543,0.427277,0.429361,2.841400
0.102060,0.665718,0.673822,0.677619,4.186000
-1.009800,0.375996,0.381258,0.386049,2.567000
0.492730,0.427447,0.425612,0.430486,3.285300
0.518600,0.416007,0.412566,0.419891,0.922650
0.005878,0.655512,0.658663,0.667490,3.639400
1.040200,0.118222,0.110559,0.116948,0.095634
0.168670,0.626658,0.612879,0.632035,0.274250
-0.489330,0.427289,0.432461,0.433178,2.481500
-0.563100,0.406042,0.401491,0.409683,0.205490
-0.990740,0.381346,0.389765,0.391191,2.705100
0.239400,0.565748,0.538550,0.563394,0.266450
-0.481790,0.428305,0.433723,0.434111,0.983550
-1.446800,0.047774,0.027631,0.044986,0.034784
0.032537,0.667143,0.677790,0.680436,0.301920
0.329890,0.496654,0.479927,0.490801,0.253070
0.555350,0.396758,0.388295,0.400962,0.207280
0.652340,0.329170,0.299905,0.330385,0.184370
0.380450,0.470380,0.461670,0.466456,0.244140
-0.758190,0.342340,0.335010,0.335081,0.158800
-0.500870,0.425299,0.429771,0.431197,4.194800
-0.109080,0.551657,0.512326,0.550768,0.278830
0.089640,0.669304,0.680128,0.681950,2.613200
0.101870,0.665783,0.673934,0.677697,4.200800
0.291690,0.522637,0.499375,0.517085,0.259150
-0.366570,0.423839,0.420995,0.422294,0.246690
-0.505420,0.424369,0.428459,0.430232,3.664300
0.001463,0.652976,0.654523,0.664644,4.230200
0.737400,0.261729,0.225084,0.259618,0.163810
0.006905,0.656078,0.659589,0.668124,3.426200
-0.579520,0.399052,0.391593,0.401567,0.201670
-0.889470,0.373086,0.369501,0.375742,0.127910
0.021287,0.663027,0.671014,0.675885,0.696050
1.445500,0.049569,0.041172,0.049246,0.034916
-0.006337,0.648099,0.646621,0.659163,3.546700
-0.010686,0.645168,0.641910,0.655864,2.536700
0.482440,0.431604,0.429980,0.434174,1.077600
-0.394140,0.426741,0.426368,0.427681,0.241570
-0.787620,0.344979,0.336848,0.338743,0.151740
-1.006200,0.377205,0.383256,0.387251,3.396500
0.510160,0.419912,0.417171,0.423576,2.598800
-0.991320,0.381221,0.389581,0.391078,2.843400
-0.017606,0.640205,0.634009,0.650274,1.129200
-0.680250,0.355242,0.343030,0.349874,0.177640
0.152930,0.638370,0.629956,0.645549,0.275650
-0.595030,0.392030,0.382110,0.393352,0.198030
0.037098,0.668471,0.679963,0.681889,0.285880
-0.837040,0.356743,0.347534,0.354129,0.140030
0.500740,0.424068,0.421905,0.427421,4.199000
-0.094591,0.567222,0.530805,0.568156,0.279650
-0.462570,0.429908,0.435225,0.435231,0.231440
0.564520,0.391357,0.381189,0.395484,0.205170
-1.005300,0.375302,0.381423,0.385253,3.563300
-1.026500,0.369180,0.369615,0.379064,0.219100
1.241000,0.082979,0.078987,0.083013,0.060487
0.961160,0.140019,0.127371,0.138057,0.112020
-0.928390,0.382196,0.386199,0.388561,0.119180
0.011196,0.658344,0.663305,0.670661,2.414300
0.495080,0.426470,0.424553,0.429605,3.756500
0.388380,0.466965,0.459271,0.463514,0.242660
0.638810,0.339705,0.313122,0.341523,0.187620
-0.492030,0.426870,0.431914,0.432775,3.127000
-0.486780,0.427657,0.432932,0.433525,1.889100
-0.983900,0.382643,0.391590,0.392308,1.199100
-0.006574,0.647943,0.646369,0.658988,3.497100
0.514390,0.417978,0.414907,0.421758,1.632800
0.107690,0.663652,0.670274,0.675153,3.247700
-0.701290,0.349026,0.338674,0.342547,0.172550
0.505060,0.422188,0.419786,0.425691,3.729800
0.094910,0.667949,0.677718,0.680303,3.785200
-0.992100,0.381049,0.389326,0.390923,3.027200
0.490820,0.428233,0.426455,0.431190,2.841000
-0.676650,0.356476,0.343985,0.351334,0.178510
-0.992300,0.381005,0.389259,0.390882,3.071700
0.509620,0.420156,0.417454,0.423804,2.728800
-1.002000,0.378497,0.385356,0.388517,4.015100
0.018589,0.661866,0.669099,0.674592,0.991100
-0.525590,0.419278,0.421018,0.424723,0.364930
-0.315970,0.421804,0.415731,0.415779,0.255360
0.547150,0.401384,0.394305,0.405606,0.209220
-0.368520,0.424030,0.421340,0.422665,0.246330
0.015988,0.660683,0.667151,0.673274,1.393700
-0.484070,0.428021,0.433383,0.433858,1.345100
0.069311,0.672125,0.685447,0.685545,0.316780
-0.012310,0.644035,0.640099,0.654589,2.152600
0.075498,0.671678,0.684522,0.684925,0.478880
-0.679750,0.355411,0.343158,0.350073,0.177760
-0.506140,0.424214,0.428239,0.430069,3.522500
0.277510,0.533605,0.508410,0.528612,0.261250
-0.490810,0.427063,0.432167,0.432961,2.837800
0.122220,0.657126,0.659363,0.667432,0.616110
-0.990620,0.381372,0.389803,0.391213,2.676800
0.096466,0.667502,0.676930,0.679762,4.028400
-0.265460,0.430412,0.418550,0.421362,0.262970
0.614950,0.357621,0.336314,0.360422,0.193320
0.420150,0.454533,0.450190,0.453201,0.236510
-1.025500,0.369644,0.370421,0.379547,0.252080
-0.174900,0.485509,0.449742,0.477968,0.273670
0.747370,0.254165,0.217821,0.251797,0.161410
0.591140,0.374350,0.358525,0.377943,0.198950
0.489510,0.428769,0.427024,0.431668,2.524400
-0.999520,0.379202,0.386479,0.389196,4.089800
0.114390,0.660851,0.665541,0.671828,1.695500
-0.497730,0.425892,0.430594,0.431802,4.109400
1.292800,0.074900,0.070088,0.075046,0.053042
0.864790,0.179629,0.156451,0.176655,0.133570
0.498720,0.424933,0.422866,0.428211,4.178000
0.482590,0.431544,0.429919,0.434122,1.100700
-0.005178,0.648855,0.647841,0.660014,3.772000
0.511830,0.419154,0.416288,0.422865,2.199200
-1.092700,0.323929,0.291113,0.330406,0.085492
0.602270,0.366693,0.348317,0.369947,0.196320
-1.352900,0.085897,0.040890,0.080855,0.045254
-0.879660,0.370147,0.364913,0.371790,0.130150
1.305300,0.072899,0.067801,0.073047,0.051349
0.116530,0.659880,0.663919,0.670680,1.296600
-0.509930,0.423367,0.427022,0.429173,2.653900
-1.000100,0.379041,0.386224,0.389041,4.094100
-0.832110,0.355281,0.345971,0.352221,0.141190
-0.527610,0.418684,0.420136,0.424064,0.301880
-0.988290,0.381848,0.390492,0.391634,2.117100
-0.665460,0.360591,0.347375,0.356206,0.181210
0.231660,0.572580,0.545727,0.570940,0.267420
-0.010400,0.645365,0.642226,0.656086,2.605800
-0.384210,0.425675,0.424344,0.425742,0.243440
-0.079318,0.583413,0.551418,0.586307,0.280400
0.081196,0.670946,0.683126,0.683983,0.961450
0.112620,0.661626,0.666843,0.672747,2.078200
1.645400,0.023294,0.017862,0.022682,0.018823
0.927460,0.151940,0.136211,0.149618,0.119380
-0.309890,0.422143,0.415648,0.415650,0.256330
-1.011400,0.375429,0.380311,0.385480,2.188800
-0.351700,0.422562,0.418659,0.419642,0.249340
0.751630,0.250978,0.214829,0.248511,0.160380
