0.29938
0.17839
0.29132
0.24116
0.23503
0.20979
0.22537
0.248
0.25466
0.2547
0.092919
0.29932
0.28764
0.27861
0.17986
0.22816
0.21303
0.18558
0.29937
0.22762
0.20926
0.23015
0.17536
0.28215
0.29917
0.25883
0.22722
0.2334
0.26235
0.26312
0.21143
0.18224
0.20423
0.29803
0.29176
0.24845
0.28525
0.2393
0.29863
0.29095
0.29852
0.2071
0.24049
0.19515
0.29933
0.17857
0.27361
0.20098
0.20478
0.29213
0.29933
0.26885
0.25971
0.29923
0.19609
0.27819
0.21458
0.29143
0.1989
0.29415
0.024846
0.17539
0.25678
0.28624
0.23878
0.22424
0.26441
0.2146
0.26234
0.18439
0.29232
0.24457
0.22253
0.29868
0.2707
0.12721
0.23733
0.20988
0.22209
0.11849
0.29691
0.28286
0.18096
0.2964
0.19178
0.26588
0.28449
0.28984
0.23965
0.28879
0.27667
0.28828
0.21413
0.29929
0.2233
0.17524
0.27453
0.26703
0.29089
0.29407
0.29383
0.17789
0.17523
0.16872
0.15496
0.28414
0.18026
0.29935
0.19124
0.029872
0.2638
0.25538
0.29323
0.2239
0.19221
0.178
0.21888
0.23842
0.25943
0.2073
0.14859
0.21339
0.25582
0.10961
0.023426
0.26857
0.29783
0.24292
0.29419
0.19145
0.25459
0.28463
0.288
0.26157
0.23461
0.19492
0.18979
0.10385
0.23253
0.23964
0.27602
0.11539
0.19301
0.27173
0.22857
0.17174
0.14999
0.29848
0.29912
0.20202
0.2914
0.27307
0.26835
0.28348
0.17026
0.29533
0.22904
0.28563
0.28418
0.24149
0.28859
0.20568
0.19703
0.10434
0.21476
0.27955
0.27142
0.29938
0.29925
0.28308
0.1278
0.20385
0.27197
0.14852
0.29312
0.25775
0.28692
0.29618
0.2387
0.22809
0.20051
0.24574
0.29621
0.26798
0.29135
0.17584
0.20778
0.26449
0.070515
0.23956
0.25333
0.28219
0.21326
0.19446
0.14721
0.29928
0.29463
0.22641
0.17775
0.18801
0.10391
0.29138
0.19982
0.18184
0.22674
0.20231
0.22148
0.28284
0.26889
0.28396
0.26319
0.23403
0.2397
0.2239
0.27714
0.2576
0.2726
0.18149
0.17519
0.29917
0.13223
0.17521
0.1854
0.28195
0.25757
0.12432
0.24995
0.2989
0.18479
0.29844
0.23904
0.1176
0.1292
0.24983
0.22817
0.078267
0.23452
0.29448
0.29303
0.29625
0.20811
0.29335
0.1951
0.16094
0.29883
0.23998
0.20002
0.29906
0.29765
0.29307
0.29443
0.12983
0.22562
0.11225
0.25235
0.10806
0.17685
0.26103
0.27999
0.27766
0.27289
0.19589
0.26367
0.29052
0.22704
0.17813
0.17619
0.27438
0.21135
0.29872
0.20032
0.29867
0.29934
0.29173
0.17869
0.20215
0.18352
0.29793
0.19673
0.24497
0.28105
0.27034
0.29703
0.23299
0.18341
0.17889
0.21526
0.24914
0.28351
0.25709
0.28183
0.2337
0.17536
0.2973
0.29937
0.29729
0.21001
0.22266
0.17633
0.17529
0.14827
0.22967
0.23589
0.29738
0.26454
0.2917
0.21772
0.25953
0.29787
0.10666
0.29453
0.16619
0.065572
0.2919
0.1409
0.26082
0.25526
0.17612
0.29499
0.21967
0.20049
0.205
0.25463
0.2463
0.27038
0.26841
0.29535
0.15978
0.22272
0.24352
0.21472
0.28842
0.24597
0.18482
0.26812
0.21479
0.23758
0.2989
0.29673
0.20342
0.046877
0.17532
0.28232
0.18827
0.14982
0.21096
0.29924
0.27784
0.22765
0.23981
0.18176
0.19974
0.14568
0.21884
0.19865
0.13825
0.1835
0.29012
0.21546
0.048206
0.29925
0.27961
0.27592
0.23601
0.18079
0.29808
0.20096
0.28478
0.21051
0.20973
0.23703
0.29616
0.28616
0.28024
0.26821
0.21256
0.28693
0.079998
0.13106
0.22671
0.29642
0.24318
0.17562
0.27967
0.27051
0.19321
0.29889
0.21261
0.25317
0.18198
0.18058
0.026215
0.29152
0.0066098
0.17522
0.21966
0.29927
0.21916
0.23407
0.23506
0.29618
0.24049
0.20228
0.25928
0.22981
0.29791
0.13797
0.21259
0.29922
0.23911
0.29113
0.22036
0.24521
0.28827
0.18231
0.20692
0.2406
0.26459
0.26994
0.20674
0.21506
0.28815
0.20952
0.041051
0.12477
0.22035
0.24181
0.29245
0.047384
0.28316
0.29108
0.28179
0.11261
0.27967
0.19701
0.24439
0.2825
0.27951
0.17001
0.1894
0.22287
0.22487
0.28278
0.29034
0.29865
0.075216
0.21672
0.28548
0.17531
0.18071
0.26833
0.23143
0.21775
0.2362
0.22764
0.18409
0.27929
0.17571
0.27086
0.075881
0.28318
0.1828
0.28716
0.27945
0.19513
0.23667
0.17801
0.29932
0.23499
0.066548
0.24401
0.1888
0.035015
0.19914
0.20804
0.24286
0.19412
0.26403
0.29923
0.25831
0.28876
0.2418
0.29913
0.26511
0.20672
0.11606
0.078683
0.2303
0.23499
0.28243
0.29593
0.2208
0.24393
0.23531
0.18737
0.20602
0.29925
0.24286
0.064763
0.023399
0.28562
0.27835
0.21806
0.21974
0.22157
0.2774
0.28211
0.16044
0.19571
0.17631
0.11471
0.16668
0.2049
0.14357
0.23165
0.28842
0.18891
0.27507
0.29936
0.27986
0.17544
0.17583
0.19647
0.2307
0.1752
0.17992
0.17538
0.253
0.047424
0.095816
0.25198
0.29311
0.074813
0.29151
7.9925e-05
0.26392
0.19791
0.28191
0.21855
0.24021
0.068682
0.18706
0.26454
0.12561
0.23337
0.25474
0.23791
0.20915
0.22516
0.26834
0.18428
0.18127
0.2344
0.12211
0.21671
0.24019
0.19449
0.27747
0.23964
0.201
0.20495
0.17565
0.13168
0.21514
0.29336
0.22411
0.2961
0.24026
0.24815
0.24098
0.2325
0.29685
0.26468
0.29901
0.097993
0.20575
0.28097
0.27944
0.16228
0.21611
0.27164
0.19472
0.17616
0.17999
0.27073
0.29409
0.21987
0.18276
0.29887
0.19446
0.27677
0.297
0.27358
0.28689
0.29595
0.28396
0.19319
0.25962
0.2603
0.20486
0.21561
0.29861
0.27989
0.22124
0.1752
0.29387
0.22852
0.29938
0.14272
0.28129
0.18269
0.19108
0.29892
0.29668
0.26174
0.074039
0.2793
0.19571
0.19418
0.21834
0.21365
0.24928
0.29776
0.28988
0.29931
0.18356
0.29084
0.2466
0.29922
0.29937
0.29923
0.18593
0.24031
0.23813
0.20887
0.2676
0.27695
0.29857
0.29163
0.19493
0.13985
0.29538
0.23099
0.20516
0.041145
0.29719
0.27513
0.094927
0.29859
0.18826
0.27754
0.10197
0.074348
0.27746
0.2849
0.23918
0.15069
0.29666
0.25055
0.2982
0.23793
0.28065
0.25121
0.095021
0.153
0.29226
0.21239
0.22533
0.21395
0.18574
0.21848
0.23642
0.28063
0.14426
0.29619
0.10346
0.27581
0.24017
0.20172
0.17519
0.070343
0.22799
0.29744
0.17748
0.18085
0.21097
0.29928
0.2972
0.20291
0.25142
0.27832
0.084311
0.26635
0.11117
0.29755
0.14589
0.22635
0.20934
0.17736
0.087824
0.27681
0.2063
0.21413
0.13126
0.24701
0.075809
0.29912
0.17686
0.19602
0.29055
0.27737
0.29902
0.28372
0.29931
0.070042
0.26202
0.21151
0.28245
0.11118
0.18482
0.18415
0.28584
0.24259
0.18036
0.17719
0.18695
0.29912
0.23102
0.29844
0.25553
0.18602
0.18528
0.26605
0.27649
0.29868
0.26307
0.24083
0.15788
0.19783
0.077467
0.19303
0.23795
0.29848
0.29499
0.19829
0.2323
0.18007
0.29019
0.292
0.24931
0.29276
0.2301
0.27398
0.2599
0.25232
0.29937
0.11681
0.29933
0.17802
0.19841
0.061708
0.24765
0.19781
0.24847
0.24509
0.2945
0.21058
0.29402
0.17693
0.2981
0.22813
0.29756
0.29839
0.29775
0.28693
0.20904
0.18212
0.28204
0.19942
0.1759
0.26754
0.29876
0.23933
0.22919
0.21006
0.25629
0.27271
0.29264
0.2169
0.2979
0.17614
0.19263
0.24837
0.29628
0.29328
0.27384
0.28571
0.11468
0.2546
0.079299
0.29698
0.17572
0.23514
0.29244
0.23199
0.23756
0.24547
0.28123
0.23848
0.21593
0.24062
0.28095
0.17263
0.11058
0.0020314
0.078186
0.22276
0.23353
0.27825
0.18024
0.2934
0.21581
0.18937
0.21159
0.24765
0.12618
0.23301
0.26321
0.17737
0.28704
0.1715
0.279
0.29118
0.29688
0.29919
0.20608
0.20893
0.22917
0.26447
0.23608
0.034422
0.28278
0.057789
0.29934
0.28665
0.29491
0.21862
0.27482
0.24016
0.29022
0.18584
0.24225
0.24038
0.19879
0.05284
0.27164
0.20412
0.23987
0.18594
0.25681
0.1442
0.23705
0.29509
0.29934
0.11022
0.2536
0.17858
0.018944
0.27385
0.25598
0.17623
0.17528
0.23557
0.12843
0.18117
0.25428
0.28317
0.094878
0.2008
0.29656
0.28631
0.29664
0.20171
0.23472
0.25447
0.17024
0.24985
0.23099
0.29346
0.20956
0.17599
0.19351
0.29157
0.27953
0.22957
0.28357
0.29922
0.23795
0.18729
0.23914
0.28927
0.23573
0.29761
0.29938
0.25283
0.17801
0.28948
0.065173
0.2305
0.28411
0.29606
0.10305
0.28297
0.29604
0.23646
0.13441
0.23776
0.27488
0.22626
0.2271
0.1859
0.26092
0.26546
0.17561
0.26293
0.25875
0.24061
0.19813
0.18146
0.23862
0.28063
0.052249
0.11799
0.19767
0.29874
0.29886
0.29743
0.27539
0.26536
0.23978
0.25744
0.21645
0.27251
0.29564
0.28132
0.20733
0.28656
0.27484
0.29264
0.18825
0.29544
0.055812
0.29889
0.27647
0.28354
0.17731
0.29781
0.18023
0.20678
0.19861
0.16417
0.15229
0.28696
0.049803
0.29938
0.27683
0.2465
0.20055
0.18073
0.18106
0.0080462
0.22354
0.19624
0.19601
0.28762
0.29341
0.2578
0.29465
0.25569
0.2829
0.29777
0.29686
0.18893
0.29372
0.28052
0.2782
0.23934
0.1761
0.17525
0.29935
0.20213
0.2306
0.28063
0.28757
0.058492
0.17862
0.29146
0.19322
0.24653
0.24279
