1.268400,0.350328,0.350389,0.352049,0.358440
-1.632800,0.345661,0.345533,0.346937,0.385210
-2.043500,0.215176,0.210327,0.215290,0.221010
1.463300,0.363178,0.362608,0.362638,0.397970
0.544560,0.059833,0.047385,0.058614,0.064380
-1.261400,0.332071,0.331379,0.332079,0.356100
-1.886200,0.263780,0.258266,0.262839,0.296100
-1.841300,0.279093,0.273138,0.278234,0.316100
1.808400,0.325179,0.320864,0.327111,0.329940
-1.507500,0.355061,0.355470,0.355483,0.399000
0.686420,0.104541,0.090743,0.104091,0.106220
1.194100,0.327186,0.323266,0.328642,0.330920
0.870990,0.173226,0.162703,0.172351,0.180870
-2.253200,0.140738,0.129467,0.140326,0.128300
1.436600,0.363673,0.363439,0.363466,0.395840
1.822400,0.319124,0.313434,0.320867,0.324130
1.441600,0.363592,0.363287,0.363316,0.396330
-1.757000,0.309321,0.304471,0.309323,0.349660
-2.365800,0.100596,0.088006,0.099976,0.089114
1.382900,0.363640,0.364249,0.364251,0.388250
1.772100,0.338666,0.337339,0.340857,0.344120
-1.470400,0.355962,0.356350,0.356490,0.398340
1.691100,0.356602,0.357779,0.358155,0.370930
-0.993140,0.257091,0.249636,0.257388,0.238710
-1.892400,0.259448,0.253614,0.258157,0.293290
-1.994700,0.230153,0.225769,0.229942,0.244620
1.981800,0.233988,0.218682,0.232431,0.250820
1.391200,0.363799,0.364283,0.364283,0.389710
-1.983800,0.233437,0.229046,0.233134,0.249880
0.977550,0.220222,0.206868,0.218985,0.231170
-0.896660,0.214744,0.203739,0.214337,0.192680
-2.042200,0.215585,0.210759,0.215692,0.221630
2.019500,0.215059,0.201274,0.213121,0.232610
-1.575400,0.354403,0.355410,0.355708,0.394530
-0.531780,0.090430,0.083442,0.089948,0.061306
1.284300,0.353708,0.354228,0.355379,0.363590
-0.981140,0.252031,0.244046,0.252247,0.232910
2.154600,0.165112,0.159177,0.164080,0.169360
1.673600,0.358502,0.359580,0.359751,0.375690
-0.765110,0.159294,0.148270,0.158219,0.135510
-1.090600,0.293531,0.290324,0.294306,0.285370
-0.559880,0.097149,0.090040,0.096604,0.068212
1.815800,0.322034,0.317003,0.323872,0.326900
1.451800,0.363406,0.362968,0.362999,0.397190
1.651300,0.360152,0.360933,0.360978,0.381190
2.082400,0.188434,0.178714,0.186562,0.202480
-1.065000,0.284912,0.280676,0.285607,0.273300
2.129100,0.172636,0.165631,0.171256,0.180810
-1.850600,0.275843,0.269938,0.274942,0.312080
-1.954900,0.242154,0.237584,0.241601,0.263820
-1.767300,0.305658,0.300514,0.305525,0.345910
1.863400,0.299133,0.289218,0.300101,0.306420
1.517300,0.362243,0.361388,0.361392,0.398810
-0.925070,0.227462,0.217284,0.227270,0.206030
0.906010,0.187601,0.176227,0.186465,0.197050
-1.554900,0.356078,0.357191,0.357299,0.396650
1.710600,0.353743,0.354817,0.355582,0.365180
-1.010400,0.264193,0.257516,0.264601,0.247080
1.632200,0.358822,0.358804,0.358812,0.385340
2.317100,0.121769,0.114664,0.121927,0.104990
1.143500,0.305247,0.297547,0.306124,0.309490
0.949190,0.206729,0.194063,0.205440,0.217520
1.514300,0.362280,0.361425,0.361430,0.398880
0.289690,0.023714,0.020958,0.023458,0.021973
-2.024200,0.221179,0.216613,0.221186,0.230340
1.105000,0.286210,0.275765,0.286511,0.292060
1.482000,0.362804,0.362070,0.362092,0.398780
-1.647400,0.342497,0.341892,0.343698,0.382070
1.295400,0.355741,0.356496,0.357356,0.367010
0.716800,0.115509,0.102736,0.115214,0.117030
-1.262900,0.332297,0.331602,0.332294,0.356620
-1.739800,0.315320,0.311044,0.315552,0.355700
-1.794800,0.295747,0.290029,0.295280,0.335390
0.742350,0.124842,0.112985,0.124615,0.126610
-1.392300,0.349060,0.348464,0.348908,0.389890
1.076300,0.271268,0.259189,0.271116,0.278660
-1.116400,0.301425,0.299111,0.302229,0.297290
-1.248800,0.330123,0.329459,0.330228,0.351730
1.919200,0.268518,0.254131,0.268179,0.280770
-1.375100,0.347093,0.346372,0.346851,0.386780
-1.231800,0.327343,0.326692,0.327584,0.345590
1.453300,0.363377,0.362920,0.362951,0.397310
-1.152600,0.311129,0.309750,0.311871,0.313490
1.387100,0.363730,0.364276,0.364277,0.389000
2.751600,0.020932,0.014544,0.020236,0.017396
2.167400,0.161545,0.156019,0.160692,0.163740
-1.163800,0.311571,0.309968,0.311853,0.318300
1.216500,0.335405,0.332966,0.337023,0.339780
-2.022600,0.221671,0.217123,0.221668,0.231100
-1.825300,0.284762,0.278790,0.284007,0.322930
-1.397300,0.349611,0.349060,0.349491,0.390710
-1.640200,0.341890,0.341070,0.342685,0.383660
-2.342300,0.108606,0.096185,0.108006,0.096565
1.927100,0.264068,0.249298,0.263547,0.277060
-1.780400,0.300951,0.295494,0.300653,0.340970
-2.166900,0.172908,0.164102,0.172892,0.163940
-1.314100,0.339475,0.338641,0.339193,0.372390
-1.615800,0.348875,0.349211,0.350202,0.388490
-1.217000,0.324756,0.324081,0.325113,0.339990
-0.898620,0.215621,0.204666,0.215230,0.193600
1.195700,0.327806,0.323998,0.329276,0.331580
-2.279900,0.130875,0.119140,0.130380,0.118220
1.926600,0.264349,0.249602,0.263840,0.277320
1.271200,0.350964,0.351116,0.352679,0.359390
-2.142900,0.181639,0.173720,0.181732,0.174570
-1.545400,0.356605,0.357719,0.357773,0.397400
2.559600,0.053945,0.042811,0.053199,0.042255
1.762100,0.341785,0.341088,0.343985,0.347820
1.719500,0.352151,0.353086,0.354096,0.362390
-1.756500,0.309497,0.304663,0.309506,0.349860
1.841900,0.309996,0.302291,0.311406,0.315830
1.100200,0.283742,0.272993,0.283967,0.289870
-1.666800,0.337743,0.336418,0.338806,0.377440
-0.909260,0.220387,0.209719,0.220076,0.198570
-1.314400,0.339514,0.338680,0.339231,0.372460
2.476600,0.075275,0.063639,0.074661,0.059248
1.460000,0.363244,0.362710,0.362740,0.397770
1.033200,0.248526,0.235032,0.247762,0.258090
1.513300,0.362292,0.361438,0.361444,0.398900
2.042500,0.204567,0.192175,0.202554,0.221510
1.716700,0.352672,0.353658,0.354586,0.363270
-0.641890,0.118681,0.110590,0.117876,0.091545
-1.368600,0.346325,0.345569,0.346057,0.385510
-1.620900,0.347965,0.348173,0.349281,0.387550
-0.161210,0.022429,0.016564,0.021754,0.012671
-0.835570,0.187853,0.176036,0.187029,0.165040
2.089800,0.185724,0.176484,0.183910,0.199000
0.891970,0.181729,0.170738,0.180688,0.190510
1.063600,0.264563,0.251927,0.264218,0.272630
-1.906400,0.257217,0.252002,0.256338,0.286770
1.479200,0.362858,0.362145,0.362168,0.398700
-1.066600,0.285472,0.281304,0.286174,0.274100
1.166000,0.315522,0.309536,0.316689,0.319250
-0.592470,0.105317,0.097940,0.104682,0.076912
2.277200,0.132759,0.127066,0.132920,0.119220
1.792400,0.331533,0.328657,0.333622,0.336320
1.325700,0.359997,0.361050,0.361364,0.375520
1.007700,0.235308,0.221628,0.234272,0.245780
1.784800,0.332105,0.329378,0.333808,0.339290
-1.631600,0.345905,0.345813,0.347185,0.385450
1.301200,0.356700,0.357549,0.358277,0.368700
-2.511200,0.057035,0.044275,0.056279,0.051634
-1.315900,0.339712,0.338875,0.339425,0.372890
-0.654090,0.122199,0.113871,0.121348,0.095424
1.697400,0.355769,0.356940,0.357421,0.369140
-1.476700,0.356298,0.356776,0.356889,0.398610
1.529100,0.359926,0.358624,0.358625,0.398370
1.414000,0.363907,0.364023,0.364035,0.393180
2.331300,0.117723,0.110035,0.117839,0.100170
-1.618800,0.348346,0.348607,0.349666,0.387950
0.834300,0.158970,0.148840,0.158399,0.164480
-1.657600,0.340073,0.339100,0.341207,0.379710
-1.058400,0.282568,0.278050,0.283236,0.270160
1.635200,0.360910,0.361411,0.361421,0.384710
1.296400,0.355912,0.356684,0.357520,0.367290
1.530000,0.362114,0.361278,0.361279,0.398320
1.717400,0.352543,0.353518,0.354465,0.363040
1.326600,0.360095,0.361150,0.361454,0.375750
1.140900,0.304013,0.296117,0.304855,0.308340
-1.120300,0.302547,0.300353,0.303350,0.299090
-1.560000,0.355730,0.356831,0.356977,0.396190
1.806700,0.325883,0.321729,0.327835,0.330610
-0.916620,0.223683,0.213235,0.223428,0.202030
1.401300,0.363901,0.364223,0.364226,0.391340
0.716380,0.115356,0.102568,0.115059,0.116880
1.798300,0.329262,0.325876,0.331301,0.334000
-0.474470,0.077454,0.070439,0.077069,0.048862
-0.755010,0.155507,0.144709,0.154425,0.131520
-1.340900,0.342929,0.342087,0.342609,0.379340
-1.480700,0.356489,0.357023,0.357119,0.398750
-2.300000,0.123563,0.111557,0.123023,0.110930
-1.151100,0.310758,0.309349,0.311505,0.312820
-0.876100,0.205571,0.194133,0.205013,0.183200
0.983590,0.223187,0.209728,0.221979,0.234090
-0.867630,0.201818,0.190248,0.201201,0.179350
1.750100,0.345180,0.345115,0.347355,0.352120
1.713300,0.353279,0.354319,0.355152,0.364330
-0.690690,0.133362,0.124198,0.132384,0.107700
2.223700,0.146751,0.141943,0.146586,0.139970
2.209700,0.150359,0.145538,0.150049,0.145730
1.201600,0.330050,0.326647,0.331568,0.333940
-2.035700,0.217618,0.212899,0.217693,0.224760
-1.175300,0.316425,0.315427,0.317066,0.323180
0.238740,0.020041,0.017254,0.019803,0.017513
0.975160,0.219057,0.205750,0.217811,0.230020
-1.748600,0.310027,0.304991,0.309726,0.352630
-1.050900,0.279848,0.275002,0.280482,0.266610
-0.365350,0.054754,0.046861,0.054387,0.030772
-1.113900,0.300696,0.298303,0.301499,0.296190
0.927630,0.196967,0.184945,0.195724,0.207240
-1.548300,0.356460,0.357577,0.357646,0.397180
1.690800,0.356640,0.357816,0.358188,0.371030
-0.910580,0.220978,0.210349,0.220677,0.199190
-1.668700,0.337245,0.335846,0.338293,0.376950
0.765860,0.133476,0.122371,0.133247,0.135810
-1.353500,0.344497,0.343681,0.344189,0.382280
-2.997000,0.004724,0.004022,0.004590,0.004515
1.673500,0.358511,0.359589,0.359759,0.375720
0.887720,0.179982,0.169097,0.178972,0.188540
-2.464700,0.069721,0.056778,0.069019,0.062037
1.754400,0.344007,0.343731,0.346196,0.350600
1.672200,0.358629,0.359694,0.359853,0.376080
-2.167700,0.172614,0.163780,0.172594,0.163590
-1.869600,0.269327,0.263599,0.268380,0.303660
-0.967310,0.246093,0.237516,0.246212,0.226230
-0.954790,0.240635,0.231548,0.240664,0.220210
-1.184800,0.318473,0.317588,0.319059,0.327120
1.644800,0.360496,0.361168,0.361195,0.382660
-2.161400,0.174925,0.166319,0.174935,0.166340
1.784500,0.334435,0.332203,0.336577,0.339410
-1.177300,0.316864,0.315892,0.317494,0.324000
1.867200,0.297140,0.286848,0.298024,0.304720
2.470100,0.077092,0.065488,0.076499,0.060760
-2.289600,0.127332,0.115459,0.126814,0.114690
1.685700,0.357251,0.358414,0.358715,0.372440
2.060400,0.197005,0.185807,0.195016,0.212920
-1.374800,0.347058,0.346335,0.346815,0.386730
-1.400200,0.349926,0.349402,0.349826,0.391180
-0.625730,0.114164,0.106350,0.113418,0.086567
0.704650,0.111100,0.097896,0.110751,0.112630
1.697700,0.355727,0.356897,0.357384,0.369030
1.715000,0.352979,0.353993,0.354873,0.363820
2.204600,0.151679,0.146825,0.151310,0.147850
-0.992420,0.256790,0.249302,0.257083,0.238360
1.124800,0.296192,0.287105,0.296798,0.301120
1.244800,0.344279,0.343385,0.346002,0.350310
-1.127700,0.304625,0.302646,0.305423,0.302450
-1.351100,0.344201,0.343378,0.343889,0.381730
-1.816500,0.287914,0.281975,0.287231,0.326600
-1.603600,0.350859,0.351464,0.352201,0.390570
-1.207900,0.323076,0.322367,0.323504,0.336440
-1.517600,0.355101,0.355608,0.355608,0.398800
-1.318300,0.340027,0.339187,0.339734,0.373530
-1.444100,0.354135,0.354143,0.354404,0.396560
-1.875600,0.267306,0.261650,0.266356,0.300930
-1.558700,0.355823,0.356928,0.357063,0.396310
-0.947970,0.237635,0.228281,0.237614,0.216940
-1.809900,0.290290,0.284397,0.289667,0.329300
-0.969830,0.247182,0.238712,0.247319,0.227450
-0.246220,0.033575,0.025658,0.032960,0.018100
2.655500,0.034485,0.025189,0.033730,0.027625
-1.066200,0.285333,0.281147,0.286032,0.273880
-1.240400,0.328773,0.328120,0.328945,0.348740
-1.363900,0.345762,0.344984,0.345479,0.384520
2.041600,0.204961,0.192511,0.202949,0.221940
-1.502900,0.357195,0.358013,0.358035,0.399040
1.536300,0.362063,0.361250,0.361250,0.397990
1.529100,0.359926,0.358624,0.358625,0.398370
1.264300,0.349366,0.349284,0.351093,0.357070
1.684500,0.357388,0.358545,0.358831,0.372780
-1.538200,0.356904,0.358000,0.358026,0.397880
1.723800,0.351313,0.352159,0.353305,0.361000
-1.692300,0.330630,0.328262,0.331449,0.370610
-1.040200,0.275865,0.270542,0.276445,0.261460
-0.681990,0.130621,0.121670,0.129670,0.104700
1.879600,0.290513,0.279045,0.291113,0.299120
0.895050,0.183004,0.171933,0.181940,0.191940
-1.312400,0.339250,0.338419,0.338973,0.371920
-2.085100,0.201709,0.195831,0.201925,0.201230
-1.139600,0.307827,0.306158,0.308605,0.307730
-1.278800,0.334630,0.333888,0.334518,0.361840
1.440600,0.363609,0.363318,0.363346,0.396240
1.087500,0.277146,0.265648,0.277170,0.283940
-0.682920,0.130911,0.121938,0.129957,0.105020
1.956600,0.247590,0.232074,0.246453,0.262970
1.384900,0.363685,0.364265,0.364266,0.388600
1.402300,0.363906,0.364212,0.364216,0.391500
-0.614350,0.111072,0.103428,0.110366,0.083176
-0.890510,0.211993,0.200843,0.211541,0.189830
0.521360,0.054243,0.043060,0.053013,0.058880
1.276000,0.352013,0.352312,0.353715,0.360940
-1.280400,0.334859,0.334112,0.334736,0.362350
2.318600,0.121344,0.114179,0.121499,0.104480
-0.405000,0.062724,0.055230,0.062385,0.036552
1.178400,0.320842,0.315788,0.322148,0.324480
1.025000,0.244241,0.230635,0.243380,0.254110
-0.709370,0.139447,0.129805,0.138416,0.114330
2.242600,0.141871,0.136914,0.141865,0.132460
0.914930,0.191416,0.179780,0.190229,0.201230
0.808830,0.149380,0.139144,0.148988,0.153500
-1.632600,0.345702,0.345580,0.346978,0.385250
1.294500,0.355586,0.356324,0.357206,0.366710
1.129900,0.298702,0.289986,0.299384,0.303430
1.023800,0.243616,0.229999,0.242742,0.253570
0.727060,0.119249,0.106847,0.118989,0.120830
-1.145100,0.309248,0.307709,0.310013,0.310190
1.896900,0.281015,0.268088,0.281204,0.291190
1.101700,0.284515,0.273860,0.284764,0.290560
-1.241000,0.328871,0.328217,0.329038,0.348960
1.745100,0.346483,0.346640,0.348637,0.353860
-1.738400,0.315801,0.311575,0.316051,0.356160
1.393300,0.363828,0.364279,0.364279,0.390060
0.598110,0.074861,0.060435,0.073830,0.078493
-1.401400,0.350056,0.349543,0.349963,0.391360
1.713100,0.353314,0.354356,0.355185,0.364390
-1.221100,0.325490,0.324825,0.325815,0.341560
1.255400,0.347149,0.346724,0.348882,0.354050
-1.034000,0.273504,0.267902,0.274051,0.258480
-1.119100,0.302204,0.299973,0.303007,0.298530
0.219960,0.018785,0.015980,0.018522,0.016135
-0.946090,0.236805,0.227379,0.236770,0.216030
1.134600,0.300989,0.292620,0.301740,0.305530
1.550800,0.361978,0.361248,0.361249,0.396990
1.858300,0.301776,0.292375,0.302854,0.308680
-0.856710,0.197014,0.185313,0.196322,0.174420
-1.484100,0.356637,0.357217,0.357299,0.398840
2.634200,0.038295,0.028497,0.037539,0.030450
3.040700,0.004394,0.002100,0.004253,0.003461
0.235840,0.019844,0.017052,0.019603,0.017291
1.449600,0.363448,0.363037,0.363068,0.397020
1.283400,0.353531,0.354030,0.355207,0.363310
2.028400,0.210897,0.197623,0.208916,0.228290
-0.898140,0.215406,0.204439,0.215011,0.193370
-0.384980,0.058657,0.050963,0.058310,0.033526
1.783500,0.334791,0.332637,0.336938,0.339780
-1.642900,0.343511,0.343060,0.344738,0.383070
-2.144800,0.180955,0.172965,0.181040,0.173720
1.322900,0.359679,0.360724,0.361075,0.374780
-2.086400,0.201275,0.195357,0.201491,0.200580
-1.455100,0.354977,0.355142,0.355353,0.397440
1.303700,0.357092,0.357975,0.358651,0.369430
-1.939500,0.246853,0.242110,0.246176,0.271170
0.708510,0.112498,0.099429,0.112167,0.114020
-0.373230,0.056310,0.048496,0.055953,0.031853
1.355800,0.362534,0.363474,0.363540,0.382800
1.786300,0.333788,0.331413,0.335919,0.338710
-0.912020,0.221623,0.211036,0.221333,0.199860
-1.797300,0.294842,0.289088,0.294348,0.334370
-1.439000,0.353711,0.353648,0.353932,0.396080
-1.741400,0.314770,0.310436,0.314980,0.355160
-1.588100,0.352987,0.353851,0.354320,0.392900
-1.491900,0.356923,0.357607,0.357661,0.398990
-0.651790,0.121528,0.113247,0.120686,0.094683
-1.859300,0.272838,0.267003,0.271909,0.308230
1.119900,0.293755,0.284319,0.294287,0.298910
-1.459900,0.355310,0.355545,0.355734,0.397760
1.336200,0.361058,0.362112,0.362312,0.378180
-1.307200,0.338557,0.337736,0.338299,0.370460
-1.510800,0.357290,0.358193,0.358200,0.398950
-1.700600,0.328128,0.325410,0.328854,0.368170
1.632200,0.358822,0.358804,0.358812,0.385340
-1.093200,0.294363,0.291254,0.295143,0.286580
1.308900,0.357865,0.358811,0.359385,0.370940
-1.416500,0.351623,0.351272,0.351645,0.393520
-1.225600,0.326280,0.325623,0.326570,0.343270
-1.212000,0.323842,0.323150,0.324238,0.338060
-1.669700,0.336981,0.335542,0.338020,0.376710
2.096300,0.183412,0.174581,0.181657,0.195940
1.326700,0.360106,0.361162,0.361464,0.375770
0.767620,0.134124,0.123069,0.133892,0.136510
-0.683060,0.130955,0.121978,0.130001,0.105060
1.141500,0.304299,0.296447,0.305148,0.308590
1.672700,0.358584,0.359654,0.359817,0.375930
-1.232200,0.327411,0.326760,0.327648,0.345710
1.744700,0.346585,0.346758,0.348736,0.354000
1.795000,0.330543,0.327445,0.332611,0.335310
1.206400,0.331825,0.328742,0.333378,0.335850
2.322400,0.120266,0.112947,0.120411,0.103170
-1.101600,0.296996,0.294190,0.297790,0.290520
0.813290,0.151047,0.140853,0.150627,0.155400
2.471100,0.076811,0.065202,0.076215,0.060514
-0.571830,0.100093,0.092903,0.099517,0.071317
1.622600,0.361306,0.361575,0.361577,0.387220
1.270400,0.350784,0.350911,0.352501,0.359120
0.947360,0.205883,0.193270,0.204596,0.216650
1.576200,0.361874,0.361398,0.361400,0.394430
-0.980040,0.251563,0.243529,0.251771,0.232380
2.003900,0.222650,0.208090,0.220831,0.240120
1.835100,0.313265,0.306269,0.314800,0.318790
2.509700,0.066323,0.054712,0.065629,0.051943
-2.021800,0.221916,0.217377,0.221908,0.231470
-1.375600,0.347152,0.346434,0.346912,0.386870
-1.567000,0.355179,0.356248,0.356455,0.395480
1.448400,0.363470,0.363075,0.363105,0.396930
2.033800,0.208434,0.195489,0.206436,0.225690
2.316600,0.121910,0.114825,0.122069,0.105140
-1.028700,0.271457,0.265614,0.271974,0.255910
0.843710,0.162566,0.152395,0.161920,0.168620
1.355500,0.362516,0.363459,0.363526,0.382720
1.303400,0.357045,0.357925,0.358607,0.369370
-1.960400,0.240488,0.235968,0.239982,0.261150
-2.266800,0.135696,0.124172,0.135238,0.123110
-1.686500,0.332328,0.330202,0.333207,0.372240
-1.968800,0.237952,0.233495,0.237519,0.257100
2.877300,0.010973,0.008160,0.010587,0.008982
1.610500,0.361560,0.361611,0.361611,0.389410
-0.684970,0.131553,0.122530,0.130593,0.105720
-1.329500,0.341480,0.340632,0.341165,0.376490
-1.676700,0.335091,0.333370,0.336067,0.374890
-2.480100,0.065377,0.052459,0.064659,0.058436
-1.616500,0.348753,0.349072,0.350078,0.388370
-1.194500,0.320469,0.319674,0.320992,0.331080
-0.982120,0.252448,0.244505,0.252670,0.233380
1.219100,0.336292,0.334011,0.337925,0.340810
-2.265700,0.136102,0.124598,0.135648,0.123540
1.906500,0.275657,0.262037,0.275617,0.286740
2.377400,0.104225,0.094670,0.104110,0.085569
1.150500,0.308523,0.301355,0.309495,0.312570
-1.899500,0.259436,0.254117,0.258530,0.290010
-0.136390,0.019938,0.014865,0.019276,0.011566
-1.404200,0.350355,0.349870,0.350282,0.391790
-1.988500,0.232022,0.227638,0.231759,0.247600
-1.965000,0.239098,0.234615,0.238632,0.258940
1.550500,0.361979,0.361248,0.361248,0.397010
1.309500,0.357951,0.358903,0.359466,0.371100
0.610210,0.078626,0.063996,0.077664,0.081964
-1.339300,0.342727,0.341884,0.342407,0.378960
-1.010900,0.264395,0.257741,0.264806,0.247310
-1.246600,0.329774,0.329114,0.329896,0.350970
2.234100,0.144070,0.139204,0.143998,0.135820
1.962100,0.244572,0.229038,0.243334,0.260360
1.413800,0.363908,0.364027,0.364039,0.393150
-1.629700,0.346286,0.346249,0.347573,0.385850
2.203800,0.151886,0.147026,0.151508,0.148180
1.713500,0.353244,0.354281,0.355120,0.364280
2.330000,0.118096,0.110463,0.118216,0.100600
-2.144700,0.180991,0.173005,0.181076,0.173780
1.295300,0.355724,0.356477,0.357339,0.366960
-1.475900,0.356258,0.356724,0.356840,0.398580
-2.828600,0.009658,0.006585,0.009157,0.011688
-1.674900,0.335584,0.333936,0.336577,0.375370
-1.075600,0.288573,0.284778,0.289306,0.278330
-1.072100,0.287378,0.283439,0.288100,0.276690
1.401900,0.363904,0.364217,0.364220,0.391440
0.804840,0.147892,0.137611,0.147523,0.151810
1.098600,0.282916,0.272068,0.283116,0.289130
2.160800,0.163369,0.157644,0.162424,0.166630
1.047300,0.255946,0.242764,0.255367,0.264850
1.045900,0.255207,0.241987,0.254609,0.264190
1.778400,0.336566,0.334796,0.338738,0.341740
-2.642900,0.028913,0.018985,0.028071,0.029268
0.751550,0.128217,0.116670,0.127996,0.130170
1.223200,0.337662,0.335625,0.339316,0.342370
1.562200,0.361930,0.361298,0.361299,0.395960
1.749200,0.345419,0.345396,0.347591,0.352430
1.737000,0.348456,0.348924,0.350561,0.356650
-2.079200,0.201315,0.195232,0.201221,0.203980
1.031000,0.247374,0.233845,0.246583,0.257030
-1.563500,0.355466,0.356553,0.356727,0.395840
-2.342100,0.108675,0.096256,0.108075,0.096617
-1.382200,0.343494,0.341916,0.342389,0.388120
-1.079400,0.289854,0.286212,0.290599,0.280110
2.040500,0.205445,0.192924,0.203434,0.222450
-1.388300,0.348612,0.347983,0.348436,0.389210
0.588430,0.071940,0.057747,0.070859,0.075793
2.254700,0.138719,0.133569,0.138791,0.127750
2.922700,0.008785,0.006557,0.008520,0.006967
-1.400500,0.349959,0.349437,0.349860,0.391220
1.506200,0.362389,0.361545,0.361554,0.399010
1.511300,0.360124,0.358806,0.358813,0.398940
-1.739700,0.315355,0.311082,0.315588,0.355740
1.470300,0.363036,0.362397,0.362425,0.398340
-1.794300,0.295927,0.290217,0.295466,0.335590
-1.147100,0.309756,0.308261,0.310516,0.311070
-1.192300,0.320025,0.319211,0.320563,0.330200
-1.153600,0.311375,0.310016,0.312113,0.313910
1.899100,0.277514,0.263917,0.277268,0.290200
-2.380800,0.095608,0.082925,0.094977,0.084548
1.899100,0.277514,0.263917,0.277268,0.290200
1.785100,0.334220,0.331941,0.336359,0.339160
0.831720,0.157990,0.147864,0.157438,0.163350
-1.506500,0.357249,0.358107,0.358121,0.399010
-0.521280,0.087986,0.081019,0.087524,0.058862
1.776900,0.337076,0.335414,0.339253,0.342320
-0.543620,0.093228,0.086200,0.092721,0.064149
-1.661200,0.339177,0.338069,0.340284,0.378830
-1.037900,0.274993,0.269567,0.275562,0.260350
-2.208100,0.157599,0.147436,0.157378,0.146380
1.576600,0.361873,0.361401,0.361403,0.394380
-1.727600,0.319457,0.315637,0.319849,0.359750
1.856900,0.302495,0.293236,0.303603,0.309310
1.249500,0.345582,0.344904,0.347312,0.351960
-1.463800,0.355565,0.355857,0.356027,0.398000
1.559400,0.361941,0.361282,0.361283,0.396230
-2.755000,0.014775,0.009188,0.014093,0.017101
1.080400,0.273424,0.261550,0.273337,0.280600
-1.195000,0.320569,0.319778,0.321089,0.331300
-0.814370,0.178902,0.167147,0.177969,0.155860
1.162200,0.313840,0.307565,0.314962,0.317630
-1.991300,0.231178,0.226796,0.230939,0.246240
2.011900,0.218712,0.204527,0.216825,0.236270
-1.531900,0.357096,0.358164,0.358174,0.398230
-1.432100,0.353106,0.352951,0.353264,0.395380
1.872400,0.294383,0.283587,0.295149,0.302410
-1.177400,0.316886,0.315915,0.317516,0.324040
2.342700,0.114430,0.106266,0.114500,0.096428
0.901710,0.185786,0.174534,0.184677,0.195040
1.381600,0.363608,0.364236,0.364239,0.388010
-0.948250,0.237758,0.228415,0.237739,0.217070
1.608300,0.361595,0.361608,0.361608,0.389790
1.236900,0.339762,0.338011,0.341023,0.347450
1.994400,0.227445,0.212508,0.225726,0.244750
-1.759200,0.308542,0.303626,0.308515,0.348860
-1.640200,0.341890,0.341070,0.342685,0.383660
-2.079200,0.201315,0.195232,0.201221,0.203990
-1.525900,0.357220,0.358252,0.358254,0.398510
-1.252500,0.330705,0.330034,0.330780,0.353050
-1.417900,0.351762,0.351428,0.351795,0.393700
1.109900,0.288711,0.278589,0.289089,0.294320
-1.913600,0.254925,0.249818,0.254080,0.283430
-1.270500,0.333427,0.332709,0.333369,0.359150
1.334700,0.360919,0.361975,0.362189,0.377820
-1.761800,0.307619,0.302627,0.307558,0.347940
-0.475890,0.077766,0.070756,0.077379,0.049145
1.778700,0.336464,0.334672,0.338634,0.341640
1.128700,0.298114,0.289310,0.298779,0.302900
-2.250600,0.141706,0.130487,0.141302,0.129310
1.197100,0.328345,0.324634,0.329827,0.332140
1.142900,0.304963,0.297217,0.305832,0.309200
1.236900,0.339762,0.338011,0.341023,0.347440
1.636200,0.360871,0.361391,0.361402,0.384510
-1.462600,0.355488,0.355763,0.355939,0.397930
2.248400,0.140364,0.135324,0.140398,0.130170
-2.045900,0.214420,0.209527,0.214544,0.219890
-0.920050,0.225218,0.214877,0.224988,0.203650
1.149900,0.308245,0.301031,0.309209,0.312280
-2.538900,0.050117,0.037647,0.049328,0.046089
1.028700,0.246171,0.232610,0.245353,0.255920
-1.911400,0.255623,0.250483,0.254766,0.284470
-2.007800,0.226190,0.221762,0.226083,0.238240
2.302500,0.125856,0.119319,0.126038,0.110050
0.360860,0.029729,0.026204,0.029212,0.030170
1.189600,0.325414,0.321176,0.326831,0.329120
-1.127500,0.304570,0.302585,0.305368,0.302360
1.183800,0.323075,0.318418,0.324436,0.326740
-0.669330,0.126731,0.118076,0.125825,0.100420
1.317900,0.359075,0.360096,0.360518,0.373440
-1.135600,0.306770,0.305001,0.307556,0.305950
-2.059600,0.210058,0.204874,0.210232,0.213320
-1.520600,0.357284,0.358275,0.358275,0.398700
-2.361000,0.102213,0.089655,0.101597,0.090601
-1.475700,0.356248,0.356711,0.356828,0.398570
-0.568380,0.099237,0.092072,0.098670,0.070411
1.703100,0.354942,0.356086,0.356678,0.367450
-1.382200,0.343494,0.341916,0.342389,0.388110
-1.710100,0.325163,0.322049,0.325777,0.365310
1.634200,0.360947,0.361430,0.361439,0.384940
1.784800,0.332105,0.329378,0.333808,0.339270
1.803700,0.327110,0.323235,0.329095,0.331820
1.843600,0.309165,0.301283,0.310543,0.315100
-2.121900,0.186737,0.179210,0.186612,0.184130
-1.562800,0.355520,0.356611,0.356779,0.395910
-1.128500,0.304846,0.302889,0.305643,0.302790
-1.579500,0.353978,0.354946,0.355294,0.394030
2.197000,0.153654,0.148725,0.153194,0.151020
-1.026500,0.270599,0.264656,0.271104,0.254860
1.123100,0.295349,0.286141,0.295930,0.300370
-2.342000,0.108710,0.096291,0.108110,0.096645
0.831260,0.157815,0.147690,0.157267,0.163150
-1.364900,0.345882,0.345108,0.345602,0.384750
0.805770,0.148239,0.137968,0.147864,0.152200
-1.295300,0.336944,0.336152,0.336737,0.366970
-1.392600,0.349093,0.348500,0.348943,0.389940
-2.096300,0.197942,0.191707,0.198155,0.195960
0.899620,0.184909,0.173715,0.183814,0.194060
1.170400,0.317439,0.311787,0.318658,0.321120
-1.533200,0.357062,0.358136,0.358149,0.398170
-1.881200,0.265436,0.259853,0.264489,0.298390
-2.146300,0.180414,0.172368,0.180492,0.173070
-0.660770,0.124166,0.115698,0.123291,0.097595
-1.589700,0.352788,0.353629,0.354123,0.392680
-0.708640,0.139204,0.129581,0.138175,0.114060
-1.810900,0.289930,0.284028,0.289297,0.328910
2.180600,0.157977,0.152777,0.157305,0.157990
-1.814100,0.288777,0.282853,0.288115,0.327600
-2.547000,0.048190,0.035835,0.047392,0.044556
-0.784820,0.166921,0.155520,0.165882,0.143480
1.570800,0.361897,0.361356,0.361357,0.395060
-0.272480,0.037774,0.029575,0.037213,0.020344
1.175800,0.319748,0.314501,0.321027,0.323400
0.636520,0.087199,0.072467,0.086409,0.089870
-2.174700,0.170034,0.160951,0.169979,0.160540
0.838510,0.160575,0.150432,0.159970,0.166330
-1.786400,0.298785,0.293208,0.298414,0.338670
1.828500,0.316352,0.310039,0.317999,0.321590
1.574000,0.359689,0.358721,0.358723,0.394700
-0.913140,0.222125,0.211571,0.221843,0.200390
1.574200,0.361883,0.361382,0.361384,0.394670
1.349600,0.362134,0.363125,0.363223,0.381400
1.963200,0.243972,0.228438,0.242713,0.259800
-0.818770,0.180738,0.168956,0.179825,0.157740
1.864700,0.298454,0.288409,0.299393,0.305830
0.000668,0.012268,0.011291,0.011663,0.008866
1.381800,0.363613,0.364238,0.364241,0.388060
1.346400,0.361905,0.362916,0.363034,0.380660
-1.604400,0.350737,0.351327,0.352079,0.390450
1.681800,0.357684,0.358828,0.359081,0.373520
-1.608700,0.350063,0.350562,0.351400,0.389720
-1.142500,0.308581,0.306981,0.309353,0.309050
1.261100,0.348589,0.348389,0.350320,0.356010
-1.012000,0.264839,0.258235,0.265257,0.247860
-1.469800,0.355928,0.356307,0.356450,0.398310
1.124300,0.293683,0.284077,0.293884,0.300900
0.714100,0.114527,0.101657,0.114221,0.116050
-0.471240,0.076747,0.069720,0.076366,0.048224
1.836000,0.312837,0.305748,0.314356,0.318380
-1.473700,0.353943,0.353918,0.354045,0.398490
-0.818200,0.180499,0.168720,0.179584,0.157500
-1.366900,0.346122,0.345357,0.345849,0.385140
-1.724100,0.320621,0.316939,0.321059,0.360900
0.915230,0.191545,0.179900,0.190357,0.201380
1.479300,0.362856,0.362142,0.362165,0.398700
1.813100,0.323196,0.318429,0.325070,0.327990
-0.901020,0.216696,0.205802,0.216322,0.194710
1.900300,0.279123,0.265939,0.279231,0.289640
-1.184900,0.318495,0.317611,0.319080,0.327170
1.335900,0.361031,0.362085,0.362287,0.378130
-1.747000,0.312830,0.308302,0.312965,0.353200
-1.042000,0.276543,0.271301,0.277133,0.262320
-1.234100,0.327731,0.327080,0.327953,0.346420
-2.167200,0.172798,0.163981,0.172780,0.163830
1.014900,0.239006,0.225331,0.238037,0.249260
1.325400,0.359963,0.361016,0.361334,0.375450
1.202100,0.330237,0.326868,0.331759,0.334160
-1.489700,0.356850,0.357505,0.357566,0.398960
1.665300,0.359208,0.360194,0.360303,0.377830
-1.962800,0.239762,0.235262,0.239277,0.260000
1.066500,0.266096,0.253577,0.265795,0.274030
1.723500,0.351373,0.352226,0.353362,0.361120
1.360300,0.362787,0.363684,0.363731,0.383770
-2.386400,0.093772,0.081058,0.093137,0.082911
-2.170900,0.171436,0.162487,0.171400,0.162220
1.598800,0.361718,0.361570,0.361571,0.391320
1.339200,0.361326,0.362371,0.362544,0.378930
0.902850,0.186266,0.174982,0.185149,0.195570
-0.051237,0.013994,0.011682,0.013386,0.009240
2.560800,0.053665,0.042548,0.052919,0.042034
-1.800100,0.293829,0.288038,0.293305,0.333260
1.972800,0.238775,0.223309,0.237355,0.255210
-1.376600,0.347268,0.346557,0.347033,0.387070
-1.218600,0.325044,0.324373,0.325389,0.340590
1.350400,0.362189,0.363174,0.363268,0.381560
-0.965810,0.245443,0.236804,0.245551,0.225510
-1.801800,0.293215,0.287403,0.292672,0.332570
-1.473700,0.353943,0.353918,0.354045,0.398490
-0.745830,0.152138,0.141559,0.151056,0.127950
-1.966800,0.236236,0.231381,0.235445,0.258100
1.537600,0.362054,0.361247,0.361247,0.397920
-2.384700,0.094328,0.081623,0.093694,0.083401
-1.816300,0.287986,0.282048,0.287305,0.326700
-1.035000,0.273887,0.268330,0.274440,0.258950
1.440800,0.363605,0.363312,0.363340,0.396250
1.341600,0.361528,0.362565,0.362718,0.379510
-1.613500,0.349270,0.349661,0.350601,0.388890
-1.428200,0.352750,0.352543,0.352872,0.394950
1.009500,0.236230,0.222547,0.235209,0.246650
1.511300,0.360124,0.358806,0.358813,0.398940
-1.585300,0.353324,0.354225,0.354653,0.393280
-1.437300,0.353565,0.353479,0.353770,0.395920
2.030900,0.209751,0.196628,0.207761,0.227110
1.871600,0.294810,0.284090,0.295594,0.302750
1.771000,0.339022,0.337769,0.341216,0.344540
1.760100,0.342377,0.341795,0.344576,0.348540
1.632500,0.361007,0.361459,0.361467,0.385280
-1.698900,0.328647,0.326001,0.329393,0.368690
2.094000,0.184223,0.175249,0.182446,0.197040
-1.765000,0.306479,0.301397,0.306376,0.346760
-1.332100,0.341813,0.340965,0.341496,0.377160
1.823600,0.318585,0.312773,0.320310,0.323640
-1.766100,0.306087,0.300975,0.305970,0.346340
1.222700,0.337497,0.335431,0.339148,0.342180
1.564800,0.361920,0.361314,0.361315,0.395710
-0.853500,0.195610,0.183880,0.194897,0.172980
-1.767200,0.305694,0.300552,0.305562,0.345930
1.629700,0.361101,0.361501,0.361507,0.385850
-1.428000,0.352731,0.352522,0.352852,0.394930
-0.938460,0.233426,0.223715,0.233335,0.212390
1.713200,0.353297,0.354337,0.355169,0.364370
-1.448500,0.354484,0.354555,0.354796,0.396930
0.993010,0.227871,0.214285,0.226719,0.238650
-0.395680,0.060820,0.053235,0.060479,0.035116
-1.974800,0.236145,0.231722,0.235764,0.254200
-2.220600,0.152919,0.142405,0.152639,0.141240
0.817880,0.152767,0.142606,0.152317,0.157360
-1.594900,0.352108,0.352870,0.353448,0.391920
-1.382200,0.343494,0.341916,0.342389,0.388120
1.319200,0.359237,0.360265,0.360668,0.373780
-1.517600,0.355101,0.355608,0.355608,0.398800
-1.711900,0.324590,0.321402,0.325182,0.364770
2.292900,0.128502,0.122310,0.128685,0.113490
1.707300,0.354286,0.355396,0.356081,0.366190
-1.552400,0.356231,0.357348,0.357440,0.396860
1.189200,0.325255,0.320988,0.326668,0.328950
-1.251500,0.330548,0.329879,0.330631,0.352660
1.598900,0.361717,0.361570,0.361571,0.391320
1.172500,0.318343,0.312849,0.319585,0.321990
2.145700,0.167667,0.161398,0.166512,0.173330
-1.139100,0.307696,0.306015,0.308475,0.307520
-1.698500,0.328769,0.326140,0.329519,0.368810
-1.304300,0.338168,0.337353,0.337921,0.369620
-1.419600,0.351929,0.351615,0.351977,0.393920
-2.332000,0.112188,0.099852,0.111599,0.099951
-1.667800,0.337482,0.336118,0.338536,0.377180
-0.987000,0.254514,0.246785,0.254770,0.235740
1.186200,0.324051,0.319568,0.325435,0.327730
1.158600,0.312226,0.305677,0.313303,0.316060
-1.599700,0.351436,0.352115,0.352778,0.391190
-1.801000,0.293504,0.287702,0.292970,0.332920
1.813000,0.323239,0.318482,0.325114,0.328040
-1.994600,0.230184,0.225799,0.229972,0.244640
1.914400,0.271221,0.257102,0.270994,0.283020
-1.529100,0.357161,0.358213,0.358219,0.398370
1.321300,0.359491,0.360529,0.360902,0.374360
-2.010300,0.225430,0.220987,0.225342,0.237060
1.701100,0.355240,0.356396,0.356948,0.368030
2.392600,0.099708,0.089619,0.099502,0.081102
1.707800,0.354205,0.355311,0.356007,0.366040
-1.423400,0.352298,0.352030,0.352378,0.394390
2.445900,0.083997,0.072636,0.083502,0.066657
1.564200,0.361922,0.361310,0.361311,0.395760
0.924670,0.195660,0.183729,0.194428,0.205830
1.978000,0.235998,0.220614,0.234497,0.252690
0.877590,0.175869,0.165215,0.174939,0.183890
-1.583600,0.353522,0.354444,0.354848,0.393500
-1.539400,0.356860,0.357960,0.357990,0.397810
2.530900,0.060889,0.049428,0.060164,0.047632
1.554500,0.361961,0.361260,0.361261,0.396680
2.197600,0.153498,0.148576,0.153045,0.150750
1.912800,0.272120,0.258097,0.271931,0.283820
0.874870,0.174776,0.164178,0.173869,0.182640
-2.383700,0.094656,0.081956,0.094023,0.083686
0.935150,0.200323,0.188072,0.199056,0.210810
1.218900,0.336225,0.333932,0.337856,0.340720
1.111400,0.289473,0.279451,0.289875,0.295030
-1.201700,0.321891,0.321147,0.322364,0.333980
0.441380,0.039314,0.032806,0.038339,0.042637
2.201900,0.152379,0.147502,0.151978,0.148990
-1.872300,0.268415,0.262719,0.267466,0.302420
1.343400,0.361674,0.362702,0.362841,0.379940
-2.179300,0.168332,0.159090,0.168255,0.158580
0.981570,0.222192,0.208766,0.220974,0.233120
-1.550000,0.356369,0.357486,0.357564,0.397060
1.337400,0.361167,0.362218,0.362406,0.378490
1.266200,0.349817,0.349802,0.351541,0.357700
1.423000,0.363845,0.363817,0.363836,0.394340
1.815600,0.322120,0.317109,0.323961,0.326980
-1.485200,0.356681,0.357277,0.357355,0.398870
-2.018800,0.222836,0.218327,0.222808,0.232950
-1.830200,0.283017,0.277040,0.282226,0.320870
1.626300,0.361205,0.361542,0.361545,0.386520
-0.538460,0.092003,0.084994,0.091507,0.062897
1.578000,0.361866,0.361413,0.361415,0.394220
1.282100,0.353273,0.353739,0.354954,0.362900
-0.446060,0.071313,0.064156,0.070959,0.043477
0.306240,0.024998,0.022181,0.024705,0.023665
1.758800,0.342757,0.342247,0.344954,0.349000
2.151800,0.165908,0.159873,0.164837,0.170590
1.829000,0.316121,0.309757,0.317760,0.321370
2.292000,0.128749,0.122587,0.128931,0.113820
-1.542400,0.356740,0.357849,0.357890,0.397610
1.477700,0.362888,0.362186,0.362210,0.398650
-1.099600,0.296377,0.293500,0.297168,0.289590
-1.322900,0.340627,0.339783,0.340323,0.374790
0.748110,0.126954,0.115293,0.126732,0.128830
1.840000,0.310918,0.303412,0.312364,0.316680
1.373700,0.363372,0.364110,0.364122,0.386500
1.828000,0.316582,0.310320,0.318237,0.321810
-0.727550,0.145638,0.135522,0.144572,0.121010
1.398800,0.363885,0.364247,0.364249,0.390950
1.893800,0.282734,0.270049,0.282997,0.292640
1.232900,0.340760,0.339266,0.342453,0.345980
0.827110,0.156244,0.146117,0.155727,0.161350
1.574000,0.359689,0.358721,0.358723,0.394700
1.471800,0.363006,0.362353,0.362380,0.398410
-1.789100,0.297809,0.292183,0.297407,0.337600
1.042000,0.253151,0.239834,0.252500,0.262310
-1.563700,0.355450,0.356536,0.356713,0.395820
2.229500,0.145256,0.140423,0.145145,0.137650
-1.335500,0.342246,0.341400,0.341927,0.378020
-0.960450,0.243111,0.234251,0.243181,0.222930
-1.892400,0.259448,0.253614,0.258157,0.293290
-1.728800,0.319055,0.315189,0.319432,0.359390
1.353000,0.362361,0.363326,0.363405,0.382170
1.202500,0.330386,0.327044,0.331911,0.334300
-0.393280,0.060333,0.052724,0.059991,0.034754
-1.692800,0.330482,0.328093,0.331295,0.370460
1.102400,0.284875,0.274264,0.285135,0.290860
-1.171600,0.315601,0.314551,0.316262,0.321610
1.488700,0.362678,0.361902,0.361920,0.398940
-2.010800,0.225278,0.220832,0.225193,0.236820
-2.259900,0.138250,0.126850,0.137814,0.125730
1.289500,0.354693,0.355332,0.356340,0.365210
1.587500,0.361814,0.361490,0.361492,0.392980
-2.616400,0.033569,0.022783,0.032724,0.032998
1.392300,0.363815,0.364281,0.364281,0.389890
2.529300,0.061290,0.049815,0.060567,0.047955
-1.196900,0.320948,0.320172,0.321455,0.332050
-0.840090,0.189793,0.177987,0.188996,0.167020
1.892300,0.283563,0.271000,0.283862,0.293320
1.093400,0.280221,0.269060,0.280339,0.286700
1.970200,0.240174,0.224679,0.238796,0.256420
-1.703300,0.327295,0.324465,0.327990,0.367380
-2.386500,0.093740,0.081025,0.093105,0.082873
-1.318800,0.340093,0.339252,0.339798,0.373680
-1.666500,0.337821,0.336508,0.338886,0.377520
-1.946700,0.244648,0.239992,0.244029,0.267710
-2.026500,0.220470,0.215878,0.220492,0.229190
-1.047600,0.278632,0.273640,0.279250,0.264990
0.682620,0.103185,0.089275,0.102711,0.104910
1.752600,0.344504,0.344318,0.346688,0.351250
-1.409400,0.350900,0.350470,0.350866,0.392550
2.038800,0.206196,0.193566,0.204188,0.223290
1.129000,0.298261,0.289479,0.298930,0.303010
-2.108000,0.193942,0.187307,0.194140,0.190530
-1.955700,0.241911,0.237349,0.241365,0.263440
2.061900,0.196396,0.185299,0.194411,0.212210
1.537400,0.362056,0.361247,0.361247,0.397930
-2.551200,0.047208,0.034918,0.046406,0.043775
1.499000,0.362500,0.361676,0.361689,0.399040
2.130200,0.172298,0.165346,0.170932,0.180310
1.032500,0.248159,0.234654,0.247387,0.257740
1.086600,0.276675,0.265128,0.276685,0.283510
-1.225100,0.326193,0.325535,0.326487,0.343070
-1.190600,0.319678,0.318850,0.320227,0.329530
-1.411900,0.351158,0.350754,0.351143,0.392900
0.998790,0.230779,0.217140,0.229669,0.241450
0.427710,0.037370,0.031540,0.036470,0.040259
1.622000,0.361321,0.361579,0.361581,0.387330
1.973700,0.238293,0.222839,0.236858,0.254770
1.346900,0.361942,0.362950,0.363065,0.380760
-1.414000,0.351371,0.350992,0.351373,0.393180
1.756000,0.343558,0.343199,0.345751,0.350040
-2.298300,0.124177,0.112191,0.123640,0.111560
1.497600,0.362523,0.361704,0.361718,0.399040
1.391600,0.363805,0.364282,0.364282,0.389780
-1.147600,0.309883,0.308399,0.310641,0.311280
-2.101800,0.196070,0.189650,0.196278,0.193410
-0.845930,0.192316,0.180534,0.191555,0.169610
-1.500000,0.357139,0.357923,0.357952,0.399040
-1.556900,0.355947,0.357056,0.357178,0.396470
-1.727500,0.319490,0.315675,0.319884,0.359800
2.683100,0.029988,0.021427,0.029238,0.024275
1.676000,0.358275,0.359376,0.359569,0.375080
1.550100,0.361981,0.361247,0.361247,0.397050
-1.467300,0.355781,0.356124,0.356278,0.398190
1.667900,0.358999,0.360017,0.360144,0.377160
-2.075700,0.204823,0.199222,0.205031,0.205670
1.530300,0.362111,0.361276,0.361277,0.398310
1.526900,0.362142,0.361298,0.361300,0.398470
-1.219800,0.325258,0.324591,0.325594,0.341040
2.243800,0.141560,0.136587,0.141563,0.131960
-1.847300,0.276992,0.271066,0.276105,0.313500
1.380200,0.363571,0.364220,0.364224,0.387740
1.401100,0.363900,0.364225,0.364228,0.391320
1.183600,0.322994,0.318322,0.324352,0.326650
-1.844300,0.278041,0.272099,0.277167,0.314800
-1.753200,0.310660,0.305929,0.310713,0.351030
-1.768500,0.305229,0.300053,0.305080,0.345470
-0.989890,0.255730,0.248130,0.256005,0.237140
-2.211800,0.156214,0.145944,0.155976,0.144870
-1.700000,0.328311,0.325619,0.329044,0.368370
-1.055200,0.281415,0.276757,0.282068,0.268650
-1.299500,0.337518,0.336715,0.337292,0.368220
0.953730,0.208839,0.196047,0.207550,0.219700
-0.928510,0.228998,0.218936,0.228832,0.207660
1.307800,0.357706,0.358640,0.359235,0.370620
1.437900,0.363653,0.363400,0.363428,0.395980
-0.342020,0.050235,0.042132,0.049831,0.027761
1.443500,0.363559,0.363228,0.363258,0.396500
2.594400,0.046203,0.035612,0.045448,0.036366
-1.901800,0.258694,0.253409,0.257796,0.288920
-1.091500,0.293820,0.290647,0.294597,0.285820
-1.934000,0.248546,0.243732,0.247830,0.273800
-0.378940,0.057447,0.049691,0.057095,0.032657
-1.970200,0.237530,0.233082,0.237109,0.256420
-1.182900,0.318071,0.317166,0.318669,0.326340
-2.083900,0.202109,0.196268,0.202324,0.201770
-1.002700,0.261052,0.254026,0.261412,0.243330
-0.831780,0.186233,0.174415,0.185388,0.163380
-1.574100,0.354531,0.355550,0.355832,0.394690
1.600200,0.361703,0.361577,0.361578,0.391110
0.511090,0.051954,0.041375,0.050734,0.056563
1.620000,0.361369,0.361591,0.361592,0.387720
1.506700,0.362382,0.361536,0.361545,0.399010
2.020500,0.214585,0.200855,0.212642,0.232090
1.862000,0.299862,0.290087,0.300861,0.307030
-2.184700,0.166329,0.156903,0.166224,0.156240
-1.093800,0.294554,0.291467,0.295335,0.286890
-1.214000,0.324210,0.323525,0.324591,0.338810
1.636700,0.360852,0.361380,0.361392,0.384400
1.063100,0.264299,0.251643,0.263946,0.272400
-2.014300,0.224212,0.219741,0.224152,0.235120
-2.506700,0.058205,0.045413,0.057455,0.052565
-1.191400,0.319841,0.319020,0.320385,0.329820
2.361700,0.108870,0.099922,0.108844,0.090372
-1.523200,0.357258,0.358270,0.358270,0.398620
-1.606000,0.350490,0.351047,0.351830,0.390170
1.983000,0.233357,0.218079,0.231783,0.250260
0.766230,0.133612,0.122518,0.133383,0.135960
2.427400,0.089396,0.078361,0.088992,0.071448
1.655600,0.359893,0.360742,0.360802,0.380190
-1.321800,0.340484,0.339641,0.340182,0.374480
1.913300,0.271839,0.257786,0.271638,0.283570
1.914600,0.271108,0.256978,0.270876,0.282950
2.396800,0.098459,0.088234,0.098228,0.079877
1.328500,0.360299,0.361357,0.361638,0.376260
0.802970,0.147196,0.136890,0.146837,0.151020
-2.168700,0.172246,0.163376,0.172221,0.163160
-1.614900,0.349031,0.349389,0.350359,0.388650
1.793900,0.330964,0.327961,0.333041,0.335750
-1.653100,0.341163,0.340356,0.342328,0.380760
0.680610,0.102469,0.088502,0.101983,0.104230
2.092800,0.184649,0.175600,0.182862,0.197600
-2.121900,0.186737,0.179210,0.186612,0.184120
1.447700,0.363483,0.363097,0.363127,0.396860
1.383500,0.363654,0.364254,0.364256,0.388360
-1.739000,0.315595,0.311347,0.315837,0.355950
-1.641500,0.343820,0.343415,0.345054,0.383380
2.148400,0.166885,0.160721,0.165766,0.172110
-2.181900,0.167368,0.158037,0.167278,0.157450
1.808600,0.325095,0.320762,0.327025,0.329820
0.665590,0.097168,0.082827,0.096581,0.099178
-1.492200,0.356932,0.357620,0.357673,0.398990
1.341300,0.361504,0.362541,0.362696,0.379450
-0.934190,0.231528,0.221664,0.231405,0.210360
-1.695500,0.329676,0.327173,0.330459,0.369670
1.396800,0.363867,0.364262,0.364263,0.390640
1.612500,0.361525,0.361611,0.361611,0.389060
1.737400,0.348363,0.348817,0.350470,0.356520
-2.285000,0.129009,0.117199,0.128501,0.116370
1.104800,0.286107,0.275650,0.286405,0.291970
-1.258200,0.331585,0.330901,0.331616,0.355020
-1.163800,0.311571,0.309968,0.311853,0.318310
-3.105800,0.002808,0.001553,0.002746,0.002298
2.233900,0.144121,0.139257,0.144048,0.135900
-0.626040,0.114249,0.106430,0.113502,0.086660
1.189700,0.325454,0.321223,0.326871,0.329150
-1.406800,0.350629,0.350171,0.350576,0.392180
-1.660600,0.339328,0.338242,0.340440,0.378980
0.387490,0.032454,0.028219,0.031789,0.033894
-1.595000,0.352094,0.352854,0.353435,0.391900
1.848200,0.306892,0.298531,0.308179,0.313110
-1.146000,0.309478,0.307958,0.310240,0.310590
-0.809830,0.177022,0.165302,0.176068,0.153920
-0.737930,0.149295,0.138913,0.148217,0.124920
-2.131800,0.185609,0.178105,0.185743,0.179580
1.648800,0.360291,0.361031,0.361068,0.381760
-1.614100,0.349168,0.349545,0.350498,0.388790
-2.004900,0.227070,0.222656,0.226940,0.239670
-0.679370,0.129806,0.120918,0.128865,0.103800
-1.658900,0.339751,0.338730,0.340876,0.379390
1.461100,0.363222,0.362676,0.362706,0.397840
1.505600,0.362398,0.361555,0.361564,0.399020
2.261000,0.137065,0.131786,0.137169,0.125310
-1.164000,0.313862,0.312693,0.314559,0.318390
-1.343000,0.343193,0.342354,0.342873,0.379850
1.984100,0.232779,0.217528,0.231191,0.249720
1.124300,0.293683,0.284077,0.293884,0.300900
2.316300,0.121995,0.114922,0.122155,0.105240
-1.966800,0.236236,0.231381,0.235445,0.258100
1.210000,0.333125,0.330277,0.334703,0.337280
-0.855870,0.196646,0.184938,0.195948,0.174040
1.736400,0.348596,0.349084,0.350696,0.356830
1.138100,0.302675,0.294568,0.303477,0.307080
1.752300,0.344586,0.344415,0.346769,0.351330
0.785480,0.140711,0.130101,0.140432,0.143750
-0.886180,0.210059,0.198815,0.209575,0.187830
-1.912300,0.255337,0.250211,0.254485,0.284020
-1.212800,0.323989,0.323301,0.324380,0.338340
1.539200,0.362043,0.361243,0.361243,0.397820
-0.821700,0.181967,0.170171,0.181068,0.159010
-0.829440,0.185238,0.173421,0.184380,0.162360
-1.507500,0.355061,0.355470,0.355483,0.399000
-0.546630,0.093947,0.086906,0.093433,0.064888
-2.007700,0.226220,0.221793,0.226112,0.238320
2.465500,0.078388,0.066815,0.077812,0.061840
1.352400,0.362322,0.363292,0.363374,0.382020
-2.103000,0.195660,0.189198,0.195866,0.192840
2.078900,0.189746,0.179794,0.187849,0.204160
-0.902280,0.217260,0.206400,0.216896,0.195300
-2.420800,0.082820,0.069949,0.082160,0.073219
-1.329000,0.341415,0.340568,0.341102,0.376380
-0.350330,0.051828,0.043795,0.051439,0.028801
-2.043700,0.215113,0.210261,0.215228,0.220930
2.362600,0.108604,0.099621,0.108573,0.090113
1.156100,0.311093,0.304353,0.312139,0.314990
-1.299900,0.337573,0.336769,0.337344,0.368330
1.328900,0.360341,0.361400,0.361675,0.376360
0.564270,0.065032,0.051674,0.063857,0.069340
-1.093600,0.294490,0.291396,0.295271,0.286790
1.600400,0.361701,0.361578,0.361579,0.391080
1.281200,0.353092,0.353535,0.354776,0.362610
1.931200,0.261760,0.246821,0.261147,0.275130
-1.945300,0.245076,0.240403,0.244445,0.268410
2.194600,0.154281,0.149322,0.153791,0.152030
-0.780820,0.165348,0.154016,0.164299,0.141840
-1.748600,0.310027,0.304991,0.309726,0.352660
-2.221600,0.152544,0.142004,0.152260,0.140850
1.809600,0.324677,0.320248,0.326595,0.329420
-2.446800,0.074937,0.062002,0.074254,0.066422
-0.646760,0.120074,0.111891,0.119251,0.093081
1.077000,0.271636,0.259592,0.271496,0.278980
-1.062000,0.283852,0.279489,0.284535,0.271870
1.615000,0.361478,0.361609,0.361609,0.388630
-1.259800,0.331828,0.331141,0.331848,0.355540
-1.796900,0.294987,0.289238,0.294497,0.334550
0.772330,0.135858,0.124932,0.135618,0.138400
1.904400,0.276833,0.263356,0.276843,0.287740
2.219300,0.147884,0.143083,0.147675,0.141780
-1.124000,0.303595,0.301510,0.304396,0.300770
