1.472400,0.357705,0.358916,0.359193,0.400980
1.805900,0.264536,0.253351,0.264632,0.255160
1.465700,0.357143,0.358151,0.358516,0.401420
0.396060,0.265568,0.265482,0.265498,0.277890
1.532600,0.358329,0.360315,0.360427,0.391820
0.655850,0.251995,0.250741,0.250787,0.253160
1.756400,0.289243,0.280575,0.289645,0.287080
-0.568190,0.236363,0.235715,0.235884,0.254670
-0.818200,0.240172,0.240374,0.240544,0.214150
1.539800,0.357810,0.359723,0.359923,0.390080
1.180300,0.316537,0.315709,0.315967,0.338150
0.035425,0.275019,0.275294,0.275294,0.299110
2.407200,0.032598,0.020984,0.031733,0.023648
0.367750,0.266135,0.265922,0.265928,0.280600
1.760000,0.287506,0.278651,0.287886,0.284820
-0.366670,0.236057,0.234683,0.234951,0.279830
-0.524970,0.234296,0.233438,0.233543,0.260760
-0.637880,0.240052,0.239859,0.239990,0.244190
1.255700,0.324548,0.322940,0.323447,0.365380
-0.742450,0.242628,0.242928,0.242929,0.227190
-0.498270,0.233380,0.232426,0.232477,0.264340
-1.209700,0.162825,0.156375,0.162585,0.143980
-0.926040,0.229264,0.228631,0.229612,0.194930
0.868040,0.271130,0.268734,0.270362,0.254300
0.076473,0.274566,0.274628,0.274659,0.298440
0.149190,0.272036,0.271602,0.271697,0.296050
0.467560,0.262988,0.262929,0.263041,0.270660
1.471200,0.357610,0.358787,0.359079,0.401070
2.033700,0.149463,0.134202,0.148429,0.120240
-0.521590,0.234161,0.233290,0.233388,0.261220
1.196100,0.318036,0.317060,0.317339,0.344040
-0.093857,0.268681,0.268524,0.268938,0.297970
-0.224590,0.252306,0.250958,0.251892,0.291830
0.688430,0.251701,0.250277,0.250277,0.251210
-2.251400,0.024772,0.023899,0.024595,0.023736
-0.136160,0.264084,0.263505,0.264167,0.296520
0.793480,0.258969,0.256728,0.257540,0.249560
2.810400,0.004621,0.003990,0.004566,0.005890
-0.421420,0.233289,0.232107,0.232143,0.273850
-0.199660,0.255766,0.254588,0.255502,0.293380
0.504160,0.260917,0.260675,0.260868,0.266880
1.254700,0.324423,0.322826,0.323327,0.365040
1.854300,0.239228,0.225840,0.238984,0.223610
0.688300,0.251700,0.250276,0.250276,0.251210
-0.268890,0.246311,0.244792,0.245633,0.288660
-1.575800,0.088877,0.087497,0.088730,0.086467
1.536500,0.358064,0.360016,0.360172,0.390890
1.312700,0.332766,0.330700,0.331648,0.382900
2.236500,0.074929,0.061875,0.074213,0.050103
1.186200,0.317090,0.316209,0.316473,0.340350
0.195240,0.270116,0.269473,0.269551,0.293760
0.621500,0.253296,0.252220,0.252372,0.255730
1.428600,0.352675,0.352420,0.353312,0.401770
0.178200,0.270810,0.270227,0.270317,0.294680
0.500870,0.261121,0.260900,0.261086,0.267220
-0.393100,0.234416,0.233136,0.233268,0.277030
1.645500,0.335345,0.332796,0.336683,0.350470
1.041200,0.301865,0.301418,0.302093,0.289590
2.046400,0.143884,0.128795,0.142856,0.114290
-0.063139,0.271314,0.271410,0.271655,0.298690
0.415080,0.265065,0.265034,0.265064,0.276010
1.730900,0.301205,0.293877,0.301771,0.302980
0.859660,0.269574,0.267145,0.268718,0.253470
-0.723240,0.242609,0.242866,0.242870,0.230410
0.455570,0.263558,0.263532,0.263619,0.271900
2.057000,0.139328,0.124390,0.138307,0.109480
0.253170,0.268171,0.267484,0.267513,0.290100
1.712600,0.309370,0.303024,0.310068,0.313990
1.708800,0.311016,0.304877,0.311743,0.316210
-0.506860,0.233635,0.232710,0.232778,0.263210
-0.302050,0.242224,0.240689,0.241366,0.285940
-0.902350,0.232406,0.232016,0.232761,0.199190
0.381070,0.265891,0.265743,0.265752,0.279340
1.382200,0.344969,0.343407,0.344670,0.397540
-1.151500,0.179838,0.174750,0.179913,0.154230
-0.956300,0.224651,0.223663,0.224995,0.189450
1.778900,0.278218,0.268391,0.278484,0.272690
0.274480,0.267656,0.267014,0.267030,0.288540
-0.117370,0.266249,0.265863,0.266417,0.297230
0.116430,0.273350,0.273133,0.273210,0.297310
1.904800,0.212575,0.197546,0.211966,0.191610
1.253200,0.322004,0.319992,0.320488,0.364510
-1.086100,0.197500,0.194136,0.197785,0.165930
0.217610,0.269276,0.268586,0.268645,0.292450
-1.039700,0.208535,0.206211,0.208872,0.174320
1.456600,0.356248,0.356959,0.357453,0.401830
1.735700,0.299002,0.291419,0.299536,0.300050
1.719100,0.306514,0.299817,0.307163,0.310130
1.539900,0.357802,0.359713,0.359915,0.390070
1.766600,0.284294,0.275098,0.284634,0.280610
-0.337590,0.238484,0.237017,0.237468,0.282710
0.684620,0.251680,0.250277,0.250277,0.251410
-0.115320,0.266474,0.266109,0.266650,0.297300
1.306900,0.331833,0.329792,0.330691,0.381300
0.896330,0.276556,0.274379,0.276088,0.257670
0.435090,0.264400,0.264392,0.264446,0.273990
-0.057107,0.271752,0.271889,0.272104,0.298800
-1.287000,0.140345,0.133273,0.139636,0.130740
-1.247200,0.151749,0.144778,0.151278,0.137490
0.508520,0.260641,0.260370,0.260573,0.266430
-1.276200,0.143381,0.136287,0.142734,0.132560
0.000780,0.274549,0.274885,0.274910,0.299290
1.189200,0.317374,0.316465,0.316733,0.341460
0.687600,0.251695,0.250275,0.250275,0.251250
1.086400,0.307428,0.307092,0.307503,0.304100
-1.078000,0.199525,0.196359,0.199824,0.167390
1.450600,0.355580,0.356087,0.356669,0.401980
-0.066015,0.271096,0.271171,0.271431,0.298640
1.267500,0.326072,0.324342,0.324927,0.369280
-0.131030,0.264693,0.264167,0.264800,0.296730
0.876510,0.272731,0.270385,0.272054,0.255210
1.586800,0.351138,0.351680,0.353075,0.375660
1.041400,0.301892,0.301447,0.302119,0.289640
0.346790,0.266465,0.266142,0.266146,0.282530
1.631000,0.339939,0.338219,0.341438,0.357380
-0.344020,0.237895,0.236446,0.236856,0.282090
1.791600,0.271836,0.261364,0.272023,0.264490
-1.069200,0.201680,0.198720,0.201992,0.168990
0.635550,0.252660,0.251509,0.251616,0.254620
0.045056,0.275003,0.275239,0.275242,0.299000
1.494000,0.358893,0.360636,0.360696,0.398780
0.316130,0.266910,0.266429,0.266434,0.285210
0.646870,0.252249,0.251039,0.251111,0.253790
0.285110,0.267438,0.266828,0.266840,0.287730
0.674840,0.251696,0.250346,0.250353,0.251960
0.233010,0.268760,0.268060,0.268105,0.291470
-1.025600,0.211604,0.209551,0.211946,0.176880
-0.415020,0.233486,0.232283,0.232335,0.274590
1.201900,0.318602,0.317568,0.317859,0.346180
0.113080,0.273473,0.273279,0.273353,0.297420
-0.699040,0.242259,0.242424,0.242452,0.234410
-1.163100,0.176510,0.171118,0.176530,0.152170
0.077879,0.274534,0.274587,0.274619,0.298410
-1.100700,0.193750,0.190017,0.194003,0.163300
1.049900,0.303028,0.302625,0.303237,0.292240
1.903900,0.213047,0.198038,0.212444,0.192140
1.693100,0.317618,0.312345,0.318476,0.325280
1.721500,0.305447,0.298621,0.306078,0.308690
1.095700,0.308439,0.308093,0.308466,0.307300
0.310580,0.266996,0.266489,0.266494,0.285680
-0.634120,0.239871,0.239651,0.239789,0.244770
1.217600,0.320194,0.318997,0.319329,0.351930
0.475290,0.262591,0.262503,0.262632,0.269860
-1.876400,0.050132,0.046450,0.049619,0.051470
-0.471810,0.232872,0.231839,0.231849,0.267760
-0.122800,0.265642,0.265201,0.265786,0.297040
-0.437170,0.232947,0.231814,0.231823,0.272010
0.615030,0.253630,0.252591,0.252762,0.256260
1.301400,0.330968,0.328956,0.329808,0.379730
0.512620,0.260377,0.260078,0.260289,0.266010
0.862020,0.270009,0.267588,0.269178,0.253700
2.600500,0.009937,0.006844,0.009365,0.011401
-0.967890,0.222708,0.221569,0.223052,0.187350
-0.969110,0.222498,0.221342,0.222842,0.187130
-1.632400,0.082708,0.081136,0.082831,0.078961
1.689900,0.318922,0.313828,0.319808,0.327110
1.098200,0.308704,0.308354,0.308718,0.308160
0.585060,0.255430,0.254583,0.254825,0.258900
-1.198300,0.166201,0.159977,0.166030,0.145970
0.374800,0.266010,0.265832,0.265840,0.279940
-1.020700,0.212638,0.210675,0.212982,0.177770
-0.497050,0.233347,0.232390,0.232438,0.264500
1.138000,0.312633,0.312123,0.312391,0.322430
-0.872130,0.235809,0.235683,0.236175,0.204610
1.323000,0.334470,0.332379,0.333412,0.385600
-0.677460,0.241670,0.241726,0.241788,0.237910
1.478300,0.358127,0.359505,0.359710,0.400500
-1.289000,0.139788,0.132725,0.139068,0.130400
1.010300,0.297350,0.296662,0.297591,0.280790
-1.663900,0.078946,0.076933,0.079105,0.074970
0.053049,0.274945,0.275143,0.275151,0.298880
1.590000,0.350481,0.350882,0.352392,0.374480
1.574600,0.353412,0.354443,0.355435,0.379930
0.888410,0.275018,0.272765,0.274467,0.256630
1.552500,0.356568,0.358256,0.358678,0.386710
1.634300,0.338931,0.337023,0.340393,0.355850
1.262900,0.325467,0.323784,0.324337,0.367790
1.180200,0.316527,0.315701,0.315959,0.338100
1.239200,0.322564,0.321134,0.321551,0.359660
2.105900,0.119473,0.105252,0.118521,0.089300
-0.285970,0.244147,0.242608,0.243373,0.287290
1.202100,0.318622,0.317586,0.317877,0.346270
0.119620,0.273231,0.272991,0.273071,0.297200
-1.214400,0.161431,0.154897,0.161163,0.143160
1.874000,0.228807,0.214676,0.228416,0.210960
0.008585,0.274731,0.275064,0.275078,0.299280
0.793170,0.258928,0.256690,0.257498,0.249560
-1.683100,0.076506,0.074136,0.076644,0.072601
0.441980,0.264135,0.264126,0.264190,0.273290
0.817660,0.262420,0.260029,0.261163,0.250480
1.499700,0.359036,0.360878,0.360905,0.398000
1.979800,0.174542,0.158807,0.173572,0.147810
-0.261410,0.247292,0.245789,0.246657,0.289230
0.626290,0.253065,0.251963,0.252099,0.255350
-0.449280,0.232818,0.231720,0.231721,0.270550
1.665500,0.328357,0.324652,0.329480,0.340330
0.553750,0.257569,0.256957,0.257219,0.261880
1.200700,0.318484,0.317462,0.317750,0.345740
-1.106200,0.192305,0.188430,0.192544,0.162320
0.583890,0.255506,0.254668,0.254912,0.259010
-0.150500,0.262319,0.261594,0.262331,0.295910
0.086301,0.274325,0.274320,0.274363,0.298200
-1.683400,0.076467,0.074091,0.076605,0.072563
-1.609600,0.085261,0.083864,0.085304,0.081942
-1.118200,0.189098,0.184904,0.189301,0.160160
2.051000,0.141896,0.126871,0.140870,0.112190
-1.561200,0.090419,0.088962,0.090171,0.088469
2.113000,0.116746,0.102623,0.115807,0.086603
-1.116600,0.189530,0.185379,0.189738,0.160450
-1.021700,0.212428,0.210447,0.212772,0.177580
-0.578050,0.236892,0.236302,0.236477,0.253230
-0.858200,0.237147,0.237124,0.237517,0.207090
-1.349600,0.124048,0.117822,0.123058,0.120390
0.322030,0.266823,0.266371,0.266375,0.284710
0.472210,0.262752,0.262676,0.262798,0.270180
-0.302040,0.242226,0.240691,0.241368,0.285940
0.319640,0.266858,0.266394,0.266398,0.284910
1.762300,0.286390,0.277417,0.286756,0.283340
-0.663450,0.241168,0.241141,0.241228,0.240160
-0.491400,0.233206,0.232231,0.232269,0.265240
1.412000,0.350101,0.349307,0.350388,0.400830
-0.437280,0.232945,0.231812,0.231821,0.271990
0.352610,0.266378,0.266086,0.266090,0.282000
0.002406,0.274591,0.274927,0.274949,0.299290
-0.673900,0.241551,0.241586,0.241655,0.238490
-0.886160,0.234314,0.234072,0.234675,0.202100
-0.066986,0.271021,0.271089,0.271353,0.298620
0.193830,0.270172,0.269533,0.269612,0.293840
1.910900,0.209386,0.194220,0.208737,0.187820
-0.224110,0.252373,0.251027,0.251961,0.291860
-0.208530,0.254537,0.253293,0.254220,0.292850
0.868160,0.271152,0.268758,0.270386,0.254310
0.743250,0.253847,0.252034,0.252266,0.249320
1.245500,0.323302,0.321804,0.322253,0.361860
-0.156310,0.261581,0.260796,0.261562,0.295650
-0.939970,0.227223,0.226434,0.227569,0.192410
-1.377200,0.117761,0.112218,0.116707,0.115930
0.766550,0.255855,0.253839,0.254308,0.249170
-0.202760,0.255337,0.254136,0.255054,0.293190
1.593400,0.349755,0.350001,0.351637,0.373190
1.524800,0.358740,0.360764,0.360809,0.393540
1.017700,0.298486,0.297868,0.298731,0.282800
0.086495,0.274320,0.274314,0.274357,0.298200
2.304700,0.055851,0.042893,0.055149,0.036869
0.287520,0.267391,0.266790,0.266801,0.287540
-0.933730,0.228155,0.227437,0.228501,0.193540
1.766800,0.281923,0.272243,0.281875,0.280470
-0.067989,0.270943,0.271004,0.271273,0.298600
-0.055814,0.271843,0.271988,0.272197,0.298820
1.563400,0.355169,0.356573,0.357247,0.383500
-0.490940,0.233195,0.232219,0.232256,0.265300
-1.147900,0.180862,0.175869,0.180952,0.154870
-1.066200,0.202403,0.199512,0.202719,0.169520
0.355820,0.266328,0.266054,0.266058,0.281710
1.062200,0.304594,0.304234,0.304769,0.296120
-0.142720,0.263288,0.262641,0.263338,0.296250
1.545700,0.357285,0.359108,0.359401,0.388570
0.117730,0.273302,0.273075,0.273153,0.297270
-1.486700,0.099005,0.096454,0.098220,0.099112
-0.090347,0.269015,0.268890,0.269283,0.298070
1.649600,0.333972,0.331186,0.335265,0.348450
1.026800,0.299836,0.299294,0.300080,0.285370
-0.371570,0.235711,0.234354,0.234594,0.279320
2.032800,0.149863,0.134590,0.148830,0.120700
0.955370,0.287925,0.286536,0.287966,0.267730
1.551900,0.356636,0.358337,0.358747,0.386900
0.768800,0.256083,0.254048,0.254543,0.249180
1.054200,0.303586,0.303200,0.303784,0.293590
-0.941840,0.226938,0.226127,0.227284,0.192070
0.430120,0.264579,0.264569,0.264616,0.274500
-0.029597,0.273402,0.273680,0.273782,0.299160
1.649500,0.334006,0.331225,0.335300,0.348500
1.764400,0.285368,0.276286,0.285722,0.282010
-0.996050,0.217585,0.216036,0.217930,0.182240
1.142700,0.313071,0.312532,0.312795,0.324140
1.447600,0.355224,0.355628,0.356254,0.402020
2.200300,0.086160,0.072946,0.085391,0.058960
1.644000,0.335840,0.333377,0.337194,0.351220
0.658340,0.251937,0.250670,0.250710,0.252990
1.924100,0.202528,0.187118,0.201797,0.179820
-0.038057,0.272956,0.273199,0.273332,0.299070
-2.120300,0.030560,0.029386,0.030289,0.031614
-0.045438,0.272523,0.272729,0.272891,0.298980
1.141500,0.312959,0.312428,0.312692,0.323690
0.844960,0.266933,0.264478,0.265926,0.252210
0.172320,0.271056,0.270500,0.270592,0.294970
-1.898700,0.047554,0.044163,0.047037,0.049350
-1.113000,0.190497,0.186442,0.190716,0.161090
-1.003200,0.216195,0.214531,0.216540,0.180940
1.059200,0.304221,0.303851,0.304404,0.295160
1.126500,0.311544,0.311096,0.311383,0.318240
1.352900,0.339690,0.337705,0.338931,0.392460
0.163830,0.271415,0.270900,0.270995,0.295380
-0.660100,0.241035,0.240987,0.241081,0.240690
-0.925960,0.229275,0.228644,0.229623,0.194940
-0.230380,0.251504,0.250124,0.251055,0.291450
1.340000,0.337398,0.335331,0.336487,0.389710
0.545410,0.258152,0.257606,0.257863,0.262700
0.357370,0.266304,0.266038,0.266043,0.281560
0.085306,0.274351,0.274354,0.274395,0.298230
1.781900,0.276720,0.266739,0.276967,0.270780
-1.605300,0.085730,0.084350,0.085753,0.082512
0.588700,0.255193,0.254321,0.254557,0.258570
1.249300,0.323759,0.322219,0.322689,0.363180
0.775700,0.256820,0.254725,0.255304,0.249240
1.133400,0.312200,0.311717,0.311992,0.320740
0.719890,0.252497,0.250868,0.250944,0.249880
0.910390,0.279301,0.277283,0.278975,0.259690
-0.206240,0.254855,0.253627,0.254551,0.292990
1.846200,0.243505,0.230453,0.243320,0.228900
-0.280780,0.244792,0.243257,0.244047,0.287720
1.304000,0.331374,0.329348,0.330223,0.380490
1.158200,0.314499,0.313854,0.314106,0.329890
0.302960,0.267118,0.266577,0.266583,0.286300
0.707990,0.252061,0.250516,0.250546,0.250310
1.260700,0.325183,0.323522,0.324061,0.367030
1.826600,0.253800,0.241623,0.253755,0.241660
1.525000,0.358732,0.360755,0.360801,0.393500
0.059824,0.274867,0.275029,0.275042,0.298770
0.567150,0.256637,0.255922,0.256183,0.260580
0.508690,0.260630,0.260358,0.260561,0.266420
-1.400400,0.112968,0.108081,0.111898,0.112260
-1.926600,0.044585,0.041580,0.044083,0.046778
1.461100,0.356709,0.357569,0.357999,0.401650
-1.157600,0.178094,0.172845,0.178140,0.153150
-0.532960,0.234634,0.233809,0.233930,0.259660
-0.868350,0.236187,0.236090,0.236553,0.205280
1.191100,0.317555,0.316628,0.316899,0.342160
-0.321740,0.240057,0.238550,0.239106,0.284190
-2.734000,0.012796,0.012530,0.012908,0.007128
0.944880,0.285961,0.284418,0.285931,0.265640
-0.301850,0.242248,0.240712,0.241390,0.285950
0.120260,0.273207,0.272962,0.273043,0.297180
0.559920,0.257139,0.256479,0.256741,0.261280
1.231400,0.321681,0.320336,0.320718,0.356930
1.532700,0.358322,0.360308,0.360421,0.391790
2.861300,0.003697,0.002626,0.003661,0.005058
0.633290,0.252754,0.251614,0.251728,0.254800
-0.293670,0.243211,0.241671,0.242396,0.286650
1.557600,0.355952,0.357517,0.358050,0.385250
-0.731540,0.242647,0.242926,0.242926,0.229020
1.471800,0.357658,0.358852,0.359136,0.401020
0.469290,0.262901,0.262836,0.262952,0.270480
-1.705500,0.073525,0.070699,0.073605,0.069894
1.513500,0.359064,0.361061,0.361062,0.395750
0.864810,0.270526,0.268116,0.269725,0.253970
-0.264050,0.246944,0.245435,0.246294,0.289030
1.060200,0.304346,0.303980,0.304526,0.295480
-0.241510,0.249973,0.248538,0.249456,0.290680
0.165270,0.271354,0.270832,0.270926,0.295310
0.639870,0.252492,0.251318,0.251411,0.254300
1.506600,0.359107,0.361042,0.361047,0.396930
1.351200,0.339386,0.337386,0.338605,0.392110
-1.836000,0.055234,0.051167,0.054781,0.055478
1.347700,0.338761,0.336735,0.337936,0.391390
-0.249340,0.248907,0.247442,0.248344,0.290120
0.190700,0.270297,0.269668,0.269750,0.294010
1.541100,0.357702,0.359597,0.359817,0.389760
-1.060700,0.203714,0.200947,0.204036,0.170510
1.178300,0.316350,0.315541,0.315797,0.337410
-0.527840,0.234414,0.233568,0.233679,0.260360
2.588200,0.010627,0.007067,0.010011,0.011887
1.529400,0.358516,0.360524,0.360604,0.392540
0.585260,0.255416,0.254568,0.254810,0.258880
-0.109510,0.267099,0.266792,0.267299,0.297500
1.898000,0.216143,0.201282,0.215580,0.195830
0.167050,0.271279,0.270747,0.270841,0.295230
0.897280,0.276741,0.274574,0.276283,0.257800
0.724090,0.252690,0.251031,0.251129,0.249760
0.233940,0.268730,0.268031,0.268075,0.291410
2.062900,0.136832,0.121979,0.135816,0.106890
-2.129200,0.030113,0.028980,0.029853,0.031023
-0.082160,0.269761,0.269708,0.270054,0.298280
1.971300,0.178692,0.162940,0.177746,0.152450
1.363600,0.341618,0.339747,0.341009,0.394510
1.705300,0.312516,0.306568,0.313271,0.318300
1.102100,0.309113,0.308754,0.309105,0.309510
-1.098800,0.194245,0.190561,0.194502,0.163640
1.506700,0.359108,0.361044,0.361048,0.396920
0.993970,0.294723,0.293857,0.294935,0.276540
1.822500,0.255940,0.243954,0.255924,0.244350
1.296600,0.330228,0.328247,0.329059,0.378350
1.938100,0.195334,0.179738,0.194526,0.171450
0.359610,0.266269,0.266015,0.266019,0.281360
1.668100,0.327397,0.323542,0.328493,0.338990
1.726600,0.303158,0.296058,0.303753,0.305600
-0.299940,0.242469,0.240933,0.241622,0.286120
2.097900,0.122593,0.108257,0.121627,0.092371
0.177980,0.270819,0.270238,0.270327,0.294690
-0.646840,0.240469,0.240335,0.240452,0.242790
0.054009,0.274936,0.275129,0.275138,0.298870
-0.171120,0.259646,0.258717,0.259546,0.294930
1.427400,0.352498,0.352203,0.353110,0.401730
-0.831270,0.239317,0.239458,0.239690,0.211850
1.009300,0.297194,0.296496,0.297433,0.280520
1.659400,0.330564,0.327211,0.331751,0.343490
-0.104840,0.267587,0.267326,0.267805,0.297640
-0.159340,0.261191,0.260376,0.261155,0.295510
1.550400,0.356802,0.358536,0.358915,0.387300
-0.533540,0.234659,0.233837,0.233959,0.259580
1.547200,0.357137,0.358933,0.359253,0.388190
-1.640100,0.081815,0.080156,0.081956,0.077973
1.672800,0.325633,0.321508,0.326682,0.336510
1.154400,0.314150,0.313533,0.313787,0.328500
0.912330,0.279680,0.277686,0.279372,0.259990
0.992840,0.294535,0.293655,0.294745,0.276260
1.982900,0.173041,0.157316,0.172063,0.146110
2.100200,0.121691,0.107388,0.120729,0.091462
1.272300,0.326718,0.324941,0.325560,0.370870
-0.341340,0.238137,0.236680,0.237107,0.282350
1.543900,0.357455,0.359308,0.359571,0.389040
1.578600,0.352708,0.353587,0.354705,0.378560
-0.718950,0.242573,0.242816,0.242823,0.231120
0.168060,0.271236,0.270700,0.270793,0.295180
1.741400,0.296356,0.288472,0.296852,0.296490
1.176600,0.316193,0.315398,0.315653,0.336780
0.293740,0.267276,0.266698,0.266707,0.287050
1.563100,0.355211,0.356624,0.357291,0.383600
0.690160,0.251716,0.250281,0.250282,0.251120
0.675620,0.251691,0.250337,0.250343,0.251910
2.316300,0.052877,0.039951,0.052164,0.035016
-0.785180,0.241758,0.242058,0.242115,0.219890
-0.643830,0.240332,0.240178,0.240300,0.243260
0.054490,0.274931,0.275122,0.275131,0.298860
-1.186000,0.169831,0.163877,0.169729,0.148120
1.842200,0.245613,0.232733,0.245458,0.231500
-1.431500,0.107262,0.103285,0.106232,0.107430
0.596140,0.254723,0.253801,0.254022,0.257900
0.288060,0.267381,0.266782,0.266792,0.287500
-0.530480,0.234526,0.233691,0.233807,0.260000
-2.513500,0.016319,0.015707,0.016089,0.012714
0.700350,0.251869,0.250374,0.250385,0.250640
1.592800,0.349885,0.350159,0.351772,0.373400
1.421600,0.351623,0.351134,0.352112,0.401450
1.236300,0.322232,0.320833,0.321237,0.358650
0.440080,0.264210,0.264202,0.264263,0.273480
1.301100,0.330921,0.328911,0.329761,0.379660
-0.041496,0.272759,0.272986,0.273132,0.299030
0.134150,0.272660,0.272321,0.272410,0.296660
-1.196400,0.166763,0.160579,0.166602,0.146310
0.142800,0.272304,0.271909,0.272002,0.296320
0.853390,0.268433,0.265987,0.267512,0.252910
-0.821760,0.239952,0.240139,0.240324,0.213520
0.383030,0.265852,0.265712,0.265722,0.279150
-1.590700,0.087299,0.085946,0.087244,0.084460
-0.855360,0.237402,0.237399,0.237772,0.207590
1.090400,0.307868,0.307529,0.307923,0.305460
1.027000,0.299865,0.299324,0.300109,0.285420
-1.010300,0.214778,0.212996,0.215122,0.179660
-2.798700,0.010818,0.009447,0.010954,0.005960
-0.853790,0.237540,0.237547,0.237911,0.207870
0.537870,0.258676,0.258189,0.258440,0.263450
1.796900,0.269144,0.258405,0.269297,0.261040
1.241900,0.322877,0.321418,0.321849,0.360620
0.890100,0.275345,0.273108,0.274812,0.256850
1.299200,0.330627,0.328629,0.329462,0.379100
-0.373090,0.235607,0.234256,0.234488,0.279160
1.150300,0.313773,0.313185,0.313441,0.326960
0.276170,0.267620,0.266982,0.266998,0.288420
1.980000,0.174445,0.158710,0.173474,0.147680
-0.568780,0.236395,0.235750,0.235919,0.254580
-0.721720,0.242598,0.242850,0.242855,0.230660
-0.563400,0.236111,0.235436,0.235601,0.255360
1.724700,0.304014,0.297016,0.304623,0.306710
-1.665400,0.078760,0.076720,0.078918,0.074788
-0.076883,0.270217,0.270209,0.270526,0.298400
0.868520,0.271220,0.268827,0.270457,0.254350
1.656300,0.331661,0.328487,0.332881,0.345100
-0.026455,0.273554,0.273843,0.273934,0.299190
-2.005300,0.037669,0.035631,0.037258,0.040072
1.401400,0.348332,0.347231,0.348402,0.399890
-0.781890,0.241872,0.242177,0.242226,0.220460
-0.676940,0.241653,0.241706,0.241769,0.238000
-1.392000,0.114651,0.109520,0.113582,0.113590
1.018200,0.298561,0.297948,0.298807,0.282940
-0.139670,0.263660,0.263045,0.263726,0.296380
1.823200,0.255575,0.243556,0.255554,0.243880
1.842000,0.245719,0.232847,0.245564,0.231610
-0.599540,0.238064,0.237611,0.237784,0.250050
-0.980260,0.220528,0.219216,0.220872,0.185110
1.464000,0.356987,0.357941,0.358330,0.401510
1.559900,0.355651,0.357155,0.357743,0.384590
1.843200,0.245087,0.232163,0.244924,0.230820
1.769200,0.283019,0.273689,0.283343,0.278930
1.462300,0.356826,0.357725,0.358138,0.401600
0.028342,0.274992,0.275289,0.275290,0.299180
-0.672700,0.241510,0.241538,0.241608,0.238680
0.358040,0.266294,0.266031,0.266036,0.281500
0.926660,0.282470,0.280665,0.282293,0.262320
-0.387630,0.234709,0.233410,0.233567,0.277620
0.386170,0.265787,0.265662,0.265673,0.278850
1.614300,0.344690,0.343890,0.346370,0.364770
-0.107670,0.267293,0.267004,0.267500,0.297560
1.749900,0.292350,0.284021,0.292793,0.291210
0.847680,0.267412,0.264959,0.266433,0.252430
0.204970,0.269739,0.269071,0.269141,0.293210
1.467500,0.357302,0.358366,0.358707,0.401310
-0.539290,0.234918,0.234122,0.234254,0.258780
0.805650,0.260634,0.258309,0.259285,0.249950
0.996680,0.295170,0.294336,0.295389,0.277230
1.083300,0.307082,0.306747,0.307172,0.303060
0.487230,0.261933,0.261790,0.261945,0.268630
-1.893200,0.048173,0.044708,0.047656,0.049859
1.468500,0.357388,0.358483,0.358810,0.401250
1.528200,0.358580,0.360593,0.360663,0.392800
1.410400,0.349839,0.348997,0.350094,0.400700
-2.132200,0.029964,0.028844,0.029708,0.030823
1.014700,0.298029,0.297384,0.298274,0.281980
2.213400,0.082004,0.068863,0.081257,0.055593
1.662200,0.329559,0.326044,0.330716,0.342070
-0.262520,0.247145,0.245640,0.246504,0.289150
1.419300,0.351266,0.350702,0.351707,0.401330
-0.199690,0.255762,0.254584,0.255497,0.293380
0.140570,0.272396,0.272015,0.272108,0.296410
1.594200,0.349580,0.349789,0.351455,0.372880
-0.442420,0.232877,0.231759,0.231763,0.271380
0.871870,0.271850,0.269476,0.271124,0.254700
1.206000,0.319009,0.317934,0.318233,0.347710
0.980700,0.292473,0.291439,0.292643,0.273320
0.140930,0.272381,0.271998,0.272091,0.296390
0.463790,0.263173,0.263126,0.263230,0.271050
0.241330,0.268505,0.267807,0.267844,0.290920
0.689190,0.251707,0.250278,0.250279,0.251170
1.652600,0.332947,0.329987,0.334207,0.346980
0.474040,0.262656,0.262574,0.262700,0.269990
-1.387200,0.115639,0.110372,0.114573,0.114350
-0.551460,0.235502,0.234764,0.234914,0.257070
-0.662370,0.241126,0.241092,0.241181,0.240330
1.925100,0.202011,0.186585,0.201274,0.179230
0.051278,0.274961,0.275168,0.275175,0.298910
-1.024300,0.211880,0.209851,0.212223,0.177110
0.128030,0.272905,0.272607,0.272693,0.296900
1.134600,0.312313,0.311823,0.312096,0.321190
1.537800,0.357967,0.359905,0.360078,0.390580
-0.101450,0.267933,0.267704,0.268163,0.297750
-1.747400,0.067663,0.064040,0.067566,0.065015
-2.267000,0.024164,0.023301,0.023988,0.022916
1.221300,0.320584,0.319348,0.319692,0.353280
0.391650,0.265669,0.265566,0.265579,0.278320
0.504690,0.260884,0.260638,0.260832,0.266830
0.036470,0.275020,0.275291,0.275292,0.299100
1.294700,0.329939,0.327971,0.328767,0.377810
1.207100,0.319119,0.318033,0.318335,0.348090
0.302880,0.267119,0.266578,0.266584,0.286310
1.945900,0.191367,0.175701,0.190521,0.166920
0.298650,0.267190,0.266631,0.266639,0.286650
2.040000,0.146679,0.131502,0.145647,0.117300
0.783150,0.257678,0.255519,0.256194,0.249340
1.315400,0.333207,0.331132,0.332103,0.383610
-0.427350,0.233137,0.231973,0.231997,0.273160
0.196830,0.270053,0.269406,0.269483,0.293670
-1.054900,0.205075,0.202435,0.205402,0.171560
0.917670,0.280723,0.278797,0.280465,0.260830
0.120600,0.273194,0.272947,0.273028,0.297170
0.501570,0.261078,0.260853,0.261040,0.267150
1.093600,0.308214,0.307871,0.308253,0.306560
1.531300,0.358408,0.360404,0.360503,0.392120
-0.795430,0.241353,0.241631,0.241717,0.218120
-0.915120,0.230764,0.230247,0.231114,0.196890
1.130700,0.311945,0.311475,0.311755,0.319740
-0.375800,0.235427,0.234085,0.234302,0.278880
-0.304770,0.241912,0.240379,0.241040,0.285700
1.004000,0.296356,0.295603,0.296588,0.279110
0.290910,0.267328,0.266739,0.266748,0.287270
-0.898760,0.232846,0.232490,0.233202,0.199840
0.949980,0.286921,0.285453,0.286926,0.266640
1.995800,0.166868,0.151215,0.165863,0.139260
1.017800,0.298501,0.297884,0.298746,0.282820
1.490700,0.358777,0.360454,0.360538,0.399190
1.563600,0.355140,0.356538,0.357218,0.383450
0.256290,0.268089,0.267407,0.267433,0.289880
0.882720,0.273920,0.271619,0.273309,0.255930
1.940800,0.193957,0.178335,0.193136,0.169890
0.262310,0.267937,0.267266,0.267288,0.289450
-0.813840,0.240428,0.240648,0.240799,0.214910
1.715500,0.308102,0.301599,0.308778,0.312270
0.304830,0.267087,0.266554,0.266561,0.286150
1.701200,0.314253,0.308531,0.315041,0.320620
0.616710,0.253541,0.252492,0.252659,0.256130
-1.318100,0.131934,0.125139,0.131067,0.125550
1.082800,0.307026,0.306691,0.307118,0.302880
0.160500,0.271557,0.271059,0.271154,0.295540
1.430200,0.352907,0.352708,0.353578,0.401830
0.125270,0.273014,0.272735,0.272819,0.297000
0.668070,0.251763,0.250448,0.250466,0.252360
0.384160,0.265829,0.265694,0.265705,0.279040
1.207700,0.319179,0.318087,0.318390,0.348320
1.897900,0.216196,0.201337,0.215633,0.195900
0.170260,0.271143,0.270596,0.270689,0.295070
2.027200,0.152368,0.137025,0.151335,0.123390
-1.132600,0.185153,0.180572,0.185307,0.157590
-0.915740,0.230681,0.230158,0.231031,0.196780
-0.284500,0.244328,0.242791,0.243563,0.287410
0.717160,0.252382,0.250774,0.250837,0.249970
0.192170,0.270238,0.269605,0.269685,0.293930
-1.387600,0.115556,0.110301,0.114490,0.114280
0.243960,0.268427,0.267731,0.267767,0.290740
-1.824500,0.056775,0.052653,0.056353,0.056659
-1.317100,0.132196,0.125387,0.131333,0.125720
-1.173900,0.173376,0.167711,0.173340,0.150270
-0.777200,0.242020,0.242331,0.242369,0.221270
2.087100,0.126883,0.112389,0.125900,0.096699
-0.485460,0.233078,0.232085,0.232114,0.266020
0.544920,0.258186,0.257644,0.257901,0.262750
-0.149250,0.262477,0.261763,0.262494,0.295970
0.534910,0.258881,0.258417,0.258664,0.263750
-1.236300,0.154952,0.148093,0.154548,0.139370
1.498900,0.359020,0.360850,0.360881,0.398120
0.321870,0.266825,0.266372,0.266376,0.284720
-1.388600,0.115349,0.110122,0.114282,0.114130
0.671340,0.251725,0.250393,0.250406,0.252160
-0.694880,0.242164,0.242310,0.242344,0.235090
-1.326700,0.129712,0.123045,0.128806,0.124130
-0.489270,0.233158,0.232176,0.232211,0.265520
-1.957500,0.041624,0.039032,0.041154,0.044055
-1.984700,0.039286,0.037024,0.038849,0.041755
0.423580,0.264800,0.264784,0.264823,0.275160
-0.748310,0.242584,0.242893,0.242896,0.226200
-1.094200,0.195434,0.191868,0.195703,0.164480
1.245700,0.323326,0.321825,0.322276,0.361950
-1.393300,0.114386,0.109293,0.113317,0.113380
1.236600,0.322266,0.320864,0.321269,0.358770
-1.671200,0.078032,0.075889,0.078186,0.074060
-1.333200,0.128066,0.121510,0.127133,0.123060
1.546900,0.357167,0.358969,0.359283,0.388270
0.237450,0.268621,0.267922,0.267963,0.291180
-0.017125,0.273959,0.274273,0.274337,0.299250
1.516000,0.359020,0.361030,0.361036,0.395280
-0.754490,0.242513,0.242828,0.242835,0.225150
-0.458060,0.232794,0.231723,0.231723,0.269480
1.573600,0.353582,0.354649,0.355610,0.380250
0.498540,0.261264,0.261057,0.261238,0.267460
0.068614,0.274726,0.274837,0.274859,0.298610
0.521260,0.259809,0.259448,0.259674,0.265130
0.441710,0.264146,0.264137,0.264201,0.273320
1.401100,0.348281,0.347171,0.348345,0.399860
-0.044729,0.272566,0.272776,0.272935,0.298990
0.927200,0.282575,0.280778,0.282403,0.262410
1.965500,0.181551,0.165800,0.180625,0.155710
-1.366000,0.120238,0.114401,0.119204,0.117730
1.524900,0.358736,0.360759,0.360805,0.393510
1.980400,0.174251,0.158517,0.173279,0.147460
1.872600,0.229547,0.215465,0.229167,0.211850
-0.631550,0.239744,0.239507,0.239649,0.245170
-0.599070,0.238039,0.237582,0.237756,0.250120
2.068200,0.134613,0.119838,0.133603,0.104570
1.501100,0.359060,0.360923,0.360944,0.397790
0.406500,0.265306,0.265254,0.265277,0.276860
2.196900,0.087256,0.074020,0.086481,0.059863
-0.523100,0.234221,0.233356,0.233457,0.261010
1.363700,0.341636,0.339767,0.341028,0.394530
-0.392790,0.234432,0.233151,0.233284,0.277060
0.824770,0.263539,0.261118,0.262342,0.250860
1.721400,0.305492,0.298671,0.306124,0.308740
1.677300,0.323911,0.319529,0.324915,0.334060
1.328800,0.335455,0.333362,0.334440,0.387050
0.710830,0.252150,0.250586,0.250625,0.250200
-1.007300,0.215381,0.213650,0.215726,0.180200
1.503800,0.359092,0.360993,0.361004,0.397380
1.083200,0.307071,0.306736,0.307161,0.303020
-0.068214,0.270925,0.270984,0.271255,0.298590
-1.501500,0.097128,0.094880,0.096440,0.096940
1.516900,0.359000,0.361015,0.361023,0.395120
1.601900,0.347818,0.347657,0.349623,0.369880
1.339700,0.337345,0.335277,0.336431,0.389620
1.580800,0.352303,0.353096,0.354285,0.377800
0.019886,0.274914,0.275232,0.275236,0.299240
-1.105200,0.192569,0.188719,0.192811,0.162500
-0.095366,0.268535,0.268364,0.268787,0.297930
1.320100,0.333985,0.331898,0.332908,0.384860
-0.577330,0.236853,0.236259,0.236433,0.253340
1.204000,0.318810,0.317755,0.318050,0.346950
2.042700,0.145496,0.130355,0.144465,0.116030
-0.460530,0.232798,0.231733,0.231735,0.269170
1.746900,0.293772,0.285600,0.294233,0.293080
0.855140,0.268749,0.266307,0.267846,0.253060
1.717000,0.307443,0.300858,0.308107,0.311350
-1.202700,0.164899,0.158585,0.164701,0.145210
-0.647150,0.240483,0.240351,0.240467,0.242740
-0.854970,0.237436,0.237436,0.237807,0.207660
0.052179,0.274953,0.275156,0.275163,0.298900
0.520840,0.259837,0.259479,0.259705,0.265170
-0.973030,0.221816,0.220606,0.222160,0.186420
1.934000,0.197431,0.181882,0.196645,0.173900
0.046551,0.274995,0.275225,0.275228,0.298980
2.318300,0.052372,0.039454,0.051657,0.034712
-0.025490,0.273599,0.273891,0.273979,0.299190
1.044600,0.302325,0.301896,0.302546,0.290620
1.543000,0.357536,0.359404,0.359652,0.389280
-0.079846,0.269963,0.269930,0.270264,0.298330
1.253600,0.324286,0.322701,0.323195,0.364660
1.879000,0.226162,0.211863,0.225735,0.207780
-1.535000,0.093243,0.091527,0.092799,0.092143
0.727210,0.252848,0.251165,0.251281,0.249670
1.722500,0.305001,0.298120,0.305625,0.308080
1.806300,0.264331,0.253126,0.264423,0.254910
-0.339500,0.238306,0.236844,0.237283,0.282520
1.144200,0.313210,0.312662,0.312923,0.324700
-0.714480,0.242523,0.242751,0.242761,0.231860
-0.792160,0.241491,0.241777,0.241852,0.218680
1.328200,0.335352,0.333259,0.334333,0.386920
-0.621580,0.239239,0.238934,0.239089,0.246710
0.224310,0.269045,0.268348,0.268401,0.292030
1.350700,0.339296,0.337293,0.338509,0.392010
-1.694300,0.075033,0.072437,0.075146,0.071246
0.460400,0.263335,0.263298,0.263395,0.271400
0.941070,0.285239,0.283640,0.285180,0.264910
1.038200,0.301453,0.300989,0.301685,0.288700
-0.039193,0.272892,0.273130,0.273267,0.299060
1.056500,0.303880,0.303502,0.304072,0.294310
0.374760,0.266011,0.265833,0.265840,0.279940
1.429300,0.352777,0.352546,0.353429,0.401800
2.130300,0.110259,0.096367,0.109354,0.080382
-0.612420,0.238759,0.238391,0.238555,0.248110
0.014021,0.274831,0.275158,0.275167,0.299270
1.225300,0.321012,0.319733,0.320092,0.354720
1.565200,0.354908,0.356257,0.356979,0.382940
1.140600,0.312875,0.312350,0.312615,0.323380
-0.845920,0.238205,0.238263,0.238577,0.209260
-0.985800,0.219516,0.218123,0.219860,0.184100
-0.575390,0.236749,0.236142,0.236316,0.253620
2.166500,0.097384,0.083900,0.096551,0.068572
0.342870,0.266522,0.266178,0.266182,0.282880
0.596650,0.254692,0.253766,0.253986,0.257850
0.528080,0.259349,0.258937,0.259175,0.264440
0.816290,0.262210,0.259825,0.260941,0.250410
-0.885410,0.234398,0.234162,0.234759,0.202230
-1.236700,0.154834,0.147970,0.154427,0.139310
0.110360,0.273570,0.273396,0.273467,0.297510
0.998020,0.295389,0.294571,0.295611,0.277570
1.219800,0.320425,0.319205,0.319544,0.352740
-1.548100,0.091817,0.090249,0.091472,0.090297
-1.274700,0.143807,0.136712,0.143169,0.132820
0.983140,0.292894,0.291893,0.293073,0.273900
-0.174640,0.259177,0.258215,0.259057,0.294750
-2.257400,0.024537,0.023667,0.024360,0.023419
0.988790,0.293857,0.292927,0.294054,0.275260
-2.161800,0.028559,0.027546,0.028334,0.028925
0.829760,0.264349,0.261913,0.263197,0.251150
-0.857250,0.237233,0.237217,0.237603,0.207250
-0.180680,0.258364,0.257347,0.258211,0.294440
1.817300,0.258645,0.246906,0.258664,0.247750
1.948200,0.190204,0.174520,0.189347,0.165540
0.929730,0.283064,0.281302,0.282914,0.262850
-1.773400,0.063940,0.059975,0.063719,0.062107
-2.448800,0.018001,0.017284,0.017814,0.014925
-0.346310,0.237692,0.236250,0.236645,0.281860
1.253200,0.322004,0.319992,0.320488,0.364510
1.107000,0.309617,0.309245,0.309581,0.311240
1.512700,0.359075,0.361066,0.361067,0.395890
-0.307150,0.241642,0.240112,0.240759,0.285490
-0.219630,0.252995,0.251676,0.252610,0.292150
1.397100,0.347594,0.346378,0.347578,0.399430
-0.896000,0.233178,0.232848,0.233535,0.200330
-0.239610,0.250233,0.248807,0.249728,0.290810
-0.866230,0.236394,0.236313,0.236761,0.205660
0.033857,0.275016,0.275296,0.275296,0.299130
0.723260,0.252650,0.250997,0.251090,0.249780
1.448400,0.355320,0.355752,0.356366,0.402010
0.492770,0.261611,0.261438,0.261605,0.268050
-0.798760,0.241205,0.241474,0.241570,0.217540
0.941560,0.285332,0.283740,0.285276,0.265010
-1.190000,0.168653,0.162608,0.168529,0.147430
-0.413790,0.233528,0.232320,0.232376,0.274730
-2.426200,0.018667,0.017931,0.018489,0.015771
0.505570,0.260828,0.260577,0.260773,0.266740
-0.998240,0.217163,0.215580,0.217508,0.181840
1.766800,0.281923,0.272243,0.281875,0.280490
-1.101300,0.193593,0.189845,0.193844,0.163200
1.663600,0.329051,0.325456,0.330194,0.341350
-1.252100,0.150318,0.143307,0.149816,0.136670
-0.470180,0.232856,0.231818,0.231827,0.267960
-0.899030,0.232813,0.232455,0.233169,0.199790
0.674500,0.251698,0.250350,0.250358,0.251980
-2.773200,0.011722,0.010929,0.011871,0.006399
0.871250,0.271733,0.269355,0.271000,0.254630
0.708680,0.252082,0.250532,0.250564,0.250290
0.461260,0.263295,0.263255,0.263353,0.271310
-0.167780,0.260088,0.259191,0.260007,0.295100
1.788800,0.273252,0.262921,0.273456,0.266300
1.099600,0.308852,0.308498,0.308858,0.308640
0.903570,0.277969,0.275870,0.277575,0.258680
-0.626630,0.239498,0.239227,0.239376,0.245930
-0.005194,0.274379,0.274712,0.274748,0.299290
0.541930,0.258395,0.257875,0.258130,0.263050
-0.411800,0.233598,0.232384,0.232446,0.274950
0.800120,0.259859,0.257570,0.258471,0.249760
1.289600,0.329176,0.327246,0.328000,0.376270
1.278300,0.327548,0.325714,0.326378,0.372790
2.337600,0.047630,0.034815,0.046889,0.031874
1.397900,0.347732,0.346537,0.347732,0.399520
-0.085822,0.269433,0.269348,0.269715,0.298190
0.849630,0.267759,0.265307,0.266799,0.252590
-1.023000,0.212155,0.210150,0.212498,0.177350
-1.114100,0.190202,0.186118,0.190418,0.160910
-1.570400,0.089447,0.088044,0.089263,0.087215
-0.909790,0.231464,0.231001,0.231816,0.197850
0.042696,0.275012,0.275259,0.275261,0.299030
1.112500,0.310173,0.309783,0.310103,0.313200
-0.324580,0.239763,0.238263,0.238800,0.283930
-0.224160,0.252366,0.251020,0.251954,0.291860
0.252950,0.268177,0.267490,0.267519,0.290120
0.460040,0.263352,0.263315,0.263412,0.271430
2.291400,0.059360,0.046381,0.058666,0.039135
0.867860,0.271096,0.268700,0.270327,0.254280
1.481600,0.358332,0.359796,0.359966,0.400190
1.307300,0.331897,0.329853,0.330756,0.381420
0.510730,0.260500,0.260214,0.260421,0.266210
0.704930,0.251976,0.250451,0.250473,0.250440
0.405930,0.265322,0.265268,0.265290,0.276920
-1.147800,0.180890,0.175900,0.180981,0.154890
-1.718300,0.071767,0.068679,0.071799,0.068378
-0.287590,0.243948,0.242408,0.243165,0.287160
-0.371080,0.235744,0.234386,0.234629,0.279370
1.421700,0.351638,0.351153,0.352130,0.401460
0.330490,0.266700,0.266291,0.266295,0.283980
0.454160,0.263621,0.263598,0.263683,0.272040
1.030900,0.300427,0.299915,0.300668,0.286560
0.973860,0.291276,0.290150,0.291417,0.271730
-0.314420,0.240837,0.239317,0.239918,0.284850
1.892700,0.218932,0.204214,0.218406,0.199120
0.942650,0.285539,0.283963,0.285492,0.265210
1.069900,0.305530,0.305186,0.305677,0.298610
-0.253450,0.248353,0.246873,0.247765,0.289820
1.959400,0.184581,0.168843,0.183677,0.159130
-0.909310,0.231526,0.231068,0.231878,0.197940
1.637400,0.337963,0.335879,0.339391,0.354370
0.700470,0.251872,0.250375,0.250387,0.250630
-1.211700,0.162232,0.155745,0.161980,0.143630
0.018061,0.274891,0.275212,0.275217,0.299250
1.830400,0.251812,0.239459,0.251741,0.239210
0.168220,0.271229,0.270692,0.270786,0.295170
1.065200,0.304963,0.304610,0.305127,0.297080
-0.985400,0.219590,0.218203,0.219934,0.184170
0.242590,0.268467,0.267770,0.267807,0.290830
-0.696690,0.242206,0.242361,0.242392,0.234790
0.299040,0.267184,0.266626,0.266634,0.286620
1.367200,0.342268,0.340447,0.341715,0.395160
-0.852550,0.237648,0.237664,0.238019,0.208090
0.135810,0.272592,0.272242,0.272333,0.296600
-0.802390,0.241033,0.241293,0.241400,0.216910
-1.036800,0.209177,0.206911,0.209516,0.174840
0.982200,0.292732,0.291718,0.292908,0.273670
0.924480,0.282047,0.280213,0.281852,0.261950
0.289490,0.267354,0.266760,0.266770,0.287390
1.478700,0.358153,0.359541,0.359742,0.400470
1.455000,0.356075,0.356733,0.357251,0.401880
-0.582310,0.237124,0.236559,0.236735,0.252610
-0.662660,0.241137,0.241105,0.241194,0.240290
1.828100,0.253016,0.240769,0.252961,0.240710
-1.101700,0.193488,0.189730,0.193739,0.163120
1.797200,0.268991,0.258237,0.269142,0.260830
2.181300,0.092378,0.079027,0.091574,0.064211
1.683000,0.321683,0.316978,0.322633,0.330950
1.476100,0.357978,0.359295,0.359526,0.400690
-1.366600,0.120102,0.114281,0.119067,0.117630
1.713100,0.309152,0.302779,0.309846,0.313670
1.735100,0.299279,0.291728,0.299816,0.300400
1.248300,0.323638,0.322109,0.322573,0.362830
-0.812690,0.240494,0.240718,0.240864,0.215110
-0.676710,0.241646,0.241697,0.241760,0.238040
0.384860,0.265815,0.265683,0.265694,0.278970
-0.012007,0.274153,0.274477,0.274528,0.299270
1.776900,0.279214,0.269488,0.279491,0.274010
1.760300,0.287361,0.278490,0.287739,0.284660
1.563900,0.355097,0.356486,0.357174,0.383360
-0.267200,0.246531,0.245015,0.245863,0.288790
-0.436600,0.232956,0.231821,0.231830,0.272070
-0.767340,0.242280,0.242597,0.242618,0.222960
1.815900,0.259371,0.247700,0.259400,0.248630
0.227660,0.268933,0.268235,0.268284,0.291820
-0.769820,0.242221,0.242537,0.242563,0.222530
-0.681160,0.241788,0.241864,0.241920,0.237320
-0.979600,0.220647,0.219345,0.220991,0.185230
-1.148000,0.180833,0.175838,0.180923,0.154840
-0.162670,0.260758,0.259911,0.260705,0.295350
0.046526,0.274995,0.275225,0.275229,0.298980
-0.895770,0.233205,0.232877,0.233562,0.200370
-0.428950,0.233101,0.231942,0.231963,0.272980
-0.476390,0.232927,0.231908,0.231923,0.267180
1.434600,0.353531,0.353483,0.354295,0.401950
-0.659670,0.241018,0.240967,0.241061,0.240760
2.025700,0.153043,0.137682,0.152010,0.124110
-2.499400,0.016652,0.016007,0.016432,0.013168
-1.488800,0.098732,0.096226,0.097959,0.098801
2.266300,0.066262,0.053259,0.065568,0.043797
-1.993700,0.038564,0.036402,0.038138,0.041019
0.877710,0.272960,0.270622,0.272296,0.255350
1.408100,0.349460,0.348549,0.349666,0.400510
-0.737030,0.242647,0.242938,0.242938,0.228100
-0.833290,0.239173,0.239304,0.239546,0.211500
-0.729200,0.242641,0.242914,0.242915,0.229410
-1.114300,0.190148,0.186059,0.190364,0.160860
0.964790,0.289652,0.288398,0.289748,0.269720
2.241600,0.073409,0.060368,0.072698,0.048953
0.103480,0.273807,0.273682,0.273745,0.297730
1.550900,0.356748,0.358470,0.358860,0.387170
2.137000,0.107806,0.093997,0.106914,0.078059
-0.753370,0.242528,0.242842,0.242848,0.225340
1.074900,0.306120,0.305782,0.306247,0.300250
1.044700,0.302338,0.301910,0.302559,0.290660
1.024600,0.299514,0.298955,0.299759,0.284730
1.847500,0.242819,0.229712,0.242625,0.228020
-2.228200,0.025701,0.024809,0.025519,0.025000
1.372500,0.343225,0.341486,0.342758,0.396050
1.493000,0.358861,0.360584,0.360651,0.398910
-0.582200,0.237118,0.236553,0.236729,0.252630
0.887620,0.274865,0.272605,0.274306,0.256530
0.602640,0.254329,0.253365,0.253571,0.257320
2.076900,0.131019,0.116374,0.130021,0.100890
1.751000,0.291827,0.283441,0.292262,0.290520
0.026413,0.274979,0.275281,0.275282,0.299190
1.229500,0.321470,0.320146,0.320521,0.356240
0.765810,0.255781,0.253772,0.254232,0.249170
1.433300,0.353349,0.353256,0.354086,0.401920
0.374070,0.266023,0.265842,0.265849,0.280000
-1.254300,0.149677,0.142651,0.149162,0.136280
-0.818270,0.240168,0.240369,0.240540,0.214130
2.352700,0.044085,0.031407,0.043318,0.029836
-0.173920,0.259273,0.258317,0.259158,0.294790
-0.871580,0.235865,0.235743,0.236230,0.204700
-0.183530,0.257978,0.256935,0.257808,0.294280
0.831340,0.264610,0.262170,0.263472,0.251250
1.575400,0.353275,0.354276,0.355292,0.379630
-0.771150,0.242188,0.242503,0.242531,0.222300
0.025631,0.274972,0.275277,0.275278,0.299200
1.263900,0.325597,0.323904,0.324464,0.368120
0.041755,0.275015,0.275266,0.275267,0.299040
1.309800,0.332297,0.330242,0.331166,0.382110
0.059308,0.274873,0.275038,0.275052,0.298780
2.234200,0.075619,0.062558,0.074900,0.050612
-0.553770,0.235617,0.234891,0.235045,0.256740
1.482800,0.358401,0.359895,0.360052,0.400080
-0.213090,0.253903,0.252628,0.253559,0.292560
-1.035200,0.209529,0.207294,0.209869,0.175140
0.999960,0.295705,0.294908,0.295931,0.278060
0.672820,0.251711,0.250372,0.250382,0.252070
0.568110,0.256571,0.255848,0.256109,0.260490
-2.774200,0.011689,0.010877,0.011839,0.006380
0.912800,0.279772,0.277784,0.279469,0.260060
-1.371800,0.118942,0.113255,0.117897,0.116800
-1.768000,0.064713,0.060806,0.064518,0.062709
0.681350,0.251674,0.250289,0.250291,0.251580
1.542900,0.357545,0.359414,0.359661,0.389310
-2.414400,0.019028,0.018283,0.018852,0.016228
-0.945680,0.226346,0.225489,0.226691,0.191370
1.862800,0.234733,0.221010,0.234426,0.218160
0.691220,0.251726,0.250286,0.250287,0.251070
0.447380,0.263915,0.263901,0.263974,0.272740
1.350500,0.339260,0.337255,0.338470,0.391970
1.531500,0.358396,0.360391,0.360491,0.392070
1.516800,0.359003,0.361016,0.361024,0.395130
-0.411550,0.233607,0.232392,0.232454,0.274980
-0.097674,0.268309,0.268117,0.268553,0.297860
-1.521300,0.094782,0.092875,0.094235,0.094088
0.584740,0.255451,0.254606,0.254849,0.258930
-1.047900,0.206687,0.204196,0.207020,0.172840
-1.961500,0.041265,0.038724,0.040800,0.043712
1.314000,0.332978,0.330907,0.331866,0.383250
-1.308500,0.134471,0.127558,0.133649,0.127140
-0.226550,0.252034,0.250675,0.251608,0.291700
-1.522800,0.094610,0.092726,0.094075,0.093872
-0.767270,0.242281,0.242598,0.242620,0.222970
-0.068563,0.270898,0.270954,0.271227,0.298580
-0.102330,0.267844,0.267607,0.268071,0.297720
1.132500,0.312115,0.311636,0.311913,0.320400
1.573300,0.353633,0.354711,0.355663,0.380350
-0.590040,0.237546,0.237030,0.237206,0.251470
-0.776920,0.242028,0.242339,0.242378,0.221310
-1.533800,0.093375,0.091645,0.092923,0.092309
0.429470,0.264602,0.264592,0.264638,0.274560
-0.605110,0.238367,0.237950,0.238120,0.249210
-0.609360,0.238595,0.238207,0.238374,0.248570
-0.707190,0.242415,0.242615,0.242634,0.233070
-0.382810,0.234988,0.233672,0.233852,0.278140
-0.849290,0.237926,0.237963,0.238297,0.208670
1.649400,0.334040,0.331265,0.335335,0.348550
1.459900,0.356589,0.357410,0.357857,0.401700
1.776000,0.279661,0.269981,0.279943,0.274570
-0.830250,0.239388,0.239535,0.239762,0.212030
-0.647500,0.240498,0.240369,0.240485,0.242680
1.011600,0.297552,0.296877,0.297794,0.281130
1.797900,0.268634,0.257845,0.268781,0.260410
0.865390,0.270634,0.268227,0.269839,0.254030
1.021400,0.299041,0.298456,0.299287,0.283820
-1.250700,0.150726,0.143726,0.150233,0.136890
-1.676600,0.077345,0.075101,0.077493,0.073397
-0.162440,0.260788,0.259943,0.260736,0.295360
-1.512000,0.095863,0.093806,0.095248,0.095416
0.446150,0.263966,0.263954,0.264025,0.272860
0.684980,0.251681,0.250276,0.250277,0.251390
-0.657190,0.240917,0.240850,0.240949,0.241160
-1.697300,0.074632,0.071975,0.074737,0.070885
-2.692800,0.013568,0.013452,0.013581,0.007970
0.905420,0.278330,0.276253,0.277955,0.258950
1.174600,0.316007,0.315230,0.315484,0.336040
1.497000,0.358978,0.360775,0.360816,0.398370
1.740500,0.296776,0.288940,0.297278,0.297080
-0.341350,0.238136,0.236679,0.237106,0.282340
-0.482590,0.233025,0.232023,0.232047,0.266390
