0.9389
0.31162
0.81429
0.20525
1.0541
0.41543
0.99226
1.0618
0.01839
0.68985
0.81215
0.67522
0.25938
1.0705
0.84015
0.666
0.8211
1.0883
0.33328
0.079117
0.30136
0.11774
0.26851
0.96204
0.95604
0.86261
1.078
1.0874
0.93217
1.029
1.0908
0.44171
0.41572
0.86077
0.28082
0.97064
0.3756
0.90899
0.13664
0.79574
0.3952
0.97654
0.45601
0.67421
0.97078
0.4044
0.75962
0.5627
0.91123
0.23303
0.71158
0.51235
0.16684
0.10364
1.0525
0.57141
1.0884
0.39155
0.26035
1.0046
0.018686
0.967
0.8759
0.44598
1.0811
1.0716
0.80174
0.81235
0.26201
0.43558
0.59673
0.83591
0.57014
1.0871
0.56128
0.93339
0.37218
0.4663
1.0843
0.99439
0.31389
1.0888
0.22163
0.56722
1.0604
0.55711
1.0557
0.082255
1.0591
1.0873
0.057488
0.30267
0.55237
0.46868
0.14965
0.55869
0.52139
0.50779
0.27295
0.83425
0.9439
0.87365
1.0465
0.86572
0.4114
1.0638
0.39196
0.65044
0.66876
0.916
0.97485
0.5745
0.14552
0.3714
1.0808
1.0649
0.52125
1.0904
0.27835
0.45271
0.97666
1.0742
0.20392
1.0828
1.0131
1.023
1.0482
0.7012
0.62133
0.91916
0.029736
0.92155
0.1537
1.0121
0.38855
0.85687
0.21434
0.10178
0.82123
0.37426
0.063104
0.3866
1.0275
0.21675
0.91285
0.75915
1.0778
1.0824
0.34342
0.23592
0.186
0.40422
0.38901
0.99428
1.0718
0.96039
0.1067
0.19682
0.21308
0.36207
0.56955
0.77554
0.50276
0.56548
0.036281
1.0853
0.21251
1.0204
0.73245
0.82974
1.0658
1.0636
1.0859
0.45676
0.5606
0.99025
1.0618
0.76805
0.57385
0.96653
0.28319
0.22765
1.0865
0.25013
0.91224
0.70147
0.3961
1.0635
1.0762
0.50962
0.56668
0.78211
1.0632
0.78916
1.0715
0.60851
0.33946
0.8022
0.89483
0.42491
0.67681
0.12963
0.31351
0.49517
1.0351
0.73893
1.0645
0.41222
0.42428
0.33352
0.94155
0.84493
0.98166
0.058228
0.28155
0.81319
0.8072
0.73726
0.029544
0.80352
0.39787
0.73773
0.37621
0.61858
0.94736
0.020484
1.0825
1.0348
0.70222
0.75278
0.29018
0.017927
0.64976
0.79357
1.0861
0.10491
0.98942
0.24105
0.33238
1.034
0.82896
0.94156
0.19025
1.0609
0.8032
0.3297
0.26634
0.74848
0.22307
0.54336
1.0856
0.58562
0.91229
0.48494
0.38297
0.84813
0.97971
0.045462
0.80801
0.231
1.09
1.0769
0.96688
1.0878
0.66156
0.40598
0.96974
0.9328
0.25132
0.82687
1.069
0.98339
0.50095
1.069
0.32523
0.33363
0.96592
0.93403
1.0641
0.2224
0.64403
0.26091
0.11096
1.0386
0.51315
1.0905
0.49269
0.19679
0.19279
0.30534
0.70547
0.0074576
1.0592
0.73725
0.93996
0.16311
0.72271
1.0535
0.92652
0.35704
0.37998
0.19456
1.0903
1.0218
0.31051
0.38247
0.22704
0.7907
1.0534
0.27544
0.90325
0.29589
0.2339
0.68691
0.44025
0.87452
0.88545
1.0851
0.14062
0.33531
0.13704
1.0332
0.13492
1.0808
0.4893
0.86863
0.46486
0.96052
0.052772
0.89282
0.32488
0.91744
0.432
0.44783
0.048076
0.10551
1.062
0.35252
0.21541
1.0209
0.43207
0.42999
0.71702
0.97596
0.77684
0.47573
0.85266
0.81896
0.97698
0.38315
0.5475
0.2459
0.59354
0.76633
0.21742
0.16717
0.33573
0.41522
1.0067
0.53538
0.10669
0.89633
0.18725
1.0448
0.21292
0.63362
0.33378
1.0345
1.085
0.59825
0.40327
0.6749
0.33521
0.48126
0.99193
0.038742
1.0871
0.15407
0.67307
0.5893
1.0291
0.42731
0.96116
0.6076
1.0474
1.0744
0.43575
0.2951
0.87991
1.0873
1.0701
0.70929
1.0606
1.0149
0.54946
0.40951
1.087
0.94842
0.84241
0.22699
1.0118
0.051153
0.96118
0.86296
1.0244
0.54587
0.15011
0.45012
0.28188
0.081127
0.40838
0.31014
0.33407
1.0606
1.0227
0.80043
0.68715
1.0531
0.56979
0.40267
0.88396
1.0909
0.24517
0.9007
0.30337
0.30674
0.3065
0.2235
0.28302
0.90237
0.22605
0.73042
0.050157
0.86405
0.84411
1.091
0.58153
0.98725
0.87477
0.15119
0.90912
0.35318
1.062
0.22428
0.74652
0.20072
0.44194
0.53166
0.96413
0.53019
0.81258
0.45164
0.90687
1.0846
0.64827
0.087126
1.0747
0.87707
0.33464
0.30071
0.87113
0.37229
1.0671
0.92
0.76513
1.087
0.52739
0.52157
0.9388
0.17599
1.0879
0.94156
0.94801
0.80447
0.22436
0.2765
0.68338
1.0686
0.024355
0.90921
0.96281
0.33136
0.27768
1.0911
1.0874
0.42545
0.80915
0.49216
0.74051
0.84301
0.35974
0.88807
0.1978
1.0863
0.34934
0.0095011
1.0548
0.017646
0.22334
0.96744
1.0905
0.58415
0.25222
0.30819
0.75191
0.7272
1.078
0.8972
1.0225
0.27262
0.84949
0.17482
0.67403
0.6236
0.81905
1.0577
0.92747
1.0408
0.80592
1.0885
0.45917
0.22125
1.0853
0.49333
0.86161
0.29731
0.60998
0.9029
0.29241
1.009
0.871
0.4767
0.96235
0.71332
0.98607
1.0824
0.20428
0.18374
0.39444
0.9318
0.97941
0.052843
1.0845
0.93135
0.54694
1.0887
0.44923
1.0568
1.0902
0.20898
0.84399
0.61841
0.80591
1.0227
0.71363
0.66974
0.11786
0.65523
0.91376
0.92027
0.54834
0.40919
0.9197
0.31111
0.81744
0.50997
0.075929
0.95658
1.082
0.7743
0.4395
1.0843
0.76433
0.99731
0.28686
0.70981
1.074
1.0603
0.0095792
1.0321
1.0909
0.94437
0.56489
1.0588
1.0896
0.80346
0.20997
0.89829
0.87812
0.14932
0.20089
1.0839
0.37563
0.10984
0.90903
0.60303
1.0344
0.8878
0.19003
0.63811
1.027
0.21621
0.92861
0.21318
0.19967
1.0338
1.052
1.0001
0.73146
0.71209
0.49226
0.29718
1.0711
0.31109
1.0226
0.83688
0.43804
1.0904
0.87978
0.6441
0.50571
0.65522
1.001
0.96964
0.16377
1.0824
0.39936
1.0815
1.0854
0.75179
1.0826
0.38239
1.0827
0.96484
1.0512
0.68691
1.0728
0.75024
0.64006
0.4875
0.99547
0.46155
1.0879
0.49418
1.0375
0.077279
0.8098
0.60466
0.71699
1.046
0.18456
0.63484
1.0909
0.14546
0.28064
0.90922
0.37643
0.69808
0.52567
1.0586
0.50949
1.0583
1.0756
1.0877
0.55072
1.0115
0.36298
0.75226
0.91234
0.74522
0.90319
0.43347
0.4659
0.64986
0.83273
0.87511
0.64983
0.44213
1.0518
0.74775
1.0756
1.0641
0.20863
1.0059
0.74907
1.0564
0.94502
0.53702
0.45803
0.10653
0.20993
0.32583
0.7551
0.54599
0.52435
0.34792
0.54699
1.0894
0.067242
0.42268
0.5076
0.58859
0.23509
1.0628
1.0261
0.56206
0.77669
0.72142
0.38681
0.46577
1.0211
0.29921
0.65119
1.0627
0.9391
0.83492
1.0396
0.8067
0.064037
0.59983
1.0275
0.47197
0.75645
0.29431
0.60006
0.81647
1.0853
0.53748
0.27234
0.53348
0.18014
1.0875
0.11079
0.91896
0.20259
1.0355
0.94858
0.73933
0.22565
1.0813
0.77028
0.504
0.33332
1.0506
0.70202
0.18296
0.66615
1.0847
1.0899
0.20731
0.4591
0.27715
0.43497
0.41729
1.0859
0.88304
0.36482
0.2804
0.1806
0.61868
0.41941
1.091
0.59639
0.50224
0.74817
0.80091
0.627
0.14902
0.51502
0.76174
0.53235
0.21181
0.251
0.039761
0.88268
0.35452
0.51717
0.48784
1.0909
0.44921
0.24163
0.43924
0.028722
0.36407
0.047884
0.76835
0.33029
0.81471
0.25228
1.0711
1.0227
1.0429
0.51249
0.92415
1.0894
0.37717
0.34868
0.8382
0.67012
0.24131
1.0306
0.87174
0.75001
0.080949
0.74597
1.0622
0.98011
0.45479
0.12844
0.02895
0.66962
0.4944
1.0127
0.79313
0.68515
0.86398
0.96331
0.5509
0.93083
1.0864
1.0303
0.57875
0.22341
0.087301
0.81484
1.0562
0.20265
1.0227
0.93906
0.4302
0.40549
0.24413
0.92512
0.84527
0.81359
0.44303
0.042702
0.97458
1.0894
0.83185
1.0209
0.69726
0.76589
0.39729
0.69539
0.74461
0.17155
1.0869
1.0148
0.99852
0.9047
0.24306
1.0521
0.99126
0.99684
0.41362
1.0885
0.72245
0.34982
0.78997
1.073
0.89829
0.15986
0.62898
0.24253
0.85806
1.0811
0.51805
0.2083
0.17788
1.0788
1.0845
1.0873
0.81575
0.48641
1.089
0.51888
1.071
0.39822
0.76965
0.40472
0.96654
1.0748
0.23918
1.0882
0.22484
0.20286
0.9209
0.93519
0.36553
0.84772
0.82748
0.63164
0.17819
1.086
0.29921
0.26649
0.18617
0.82879
0.62719
0.99234
0.21904
0.88437
0.39657
0.18665
0.48507
0.99409
0.36579
0.80443
0.51007
0.0043548
0.12619
0.25237
0.62528
1.0907
0.72187
0.34364
0.7824
1.0611
0.7548
0.21995
0.19953
0.31633
0.14936
1.0699
0.18086
0.13364
1.0282
0.94634
0.26245
0.080309
0.60265
0.90271
0.9756
1.0446
0.91892
0.9728
0.32934
1.0785
0.25305
0.094621
1.0828
0.48681
0.060765
1.0289
0.89341
1.0812
0.56754
0.71411
0.6584
0.37326
0.04827
0.79154
0.98326
1.069
0.30827
0.75775
0.21565
1.0848
0.8184
0.3281
0.72711
1.0463
0.86625
1.0462
0.24051
1.0878
0.32723
0.61904
0.18773
0.42602
0.17717
0.64866
0.74211
1.0044
0.53076
0.070036
0.99674
0.3215
1.0179
1.0818
0.20244
0.11448
0.14831
0.22983
0.5324
0.8076
0.7074
0.9432
0.21772
1.0911
1.0196
0.99403
1.0314
1.0289
0.22544
0.35283
0.28848
0.39975
0.27485
0.23759
0.71765
0.87882
0.79431
1.087
0.64434
1.0854
1.0833
0.97953
0.24923
0.38545
0.82252
0.55943
1.0728
0.59427
0.46678
1.0899
0.29223
0.22576
0.91809
1.0872
0.58859
0.54548
0.38327
0.054242
0.54116
0.86141
0.32486
0.97466
0.42211
0.088933
0.081431
0.061775
1.091
0.33949
0.60382
0.64089
1.0789
0.83764
1.0893
0.2659
0.58793
0.39967
1.0495
0.40207
0.67801
0.25536
0.80601
0.70369
1.0231
1.0701
0.90485
0.14472
0.31739
1.0225
0.76043
1.0759
1.075
1.0569
1.0143
0.78657
1.0642
0.92337
0.82838
0.0016043
0.96911
1.012
0.78792
0.34575
0.25593
0.97827
0.78418
0.31296
0.26044
0.8522
0.34072
1.0493
0.355
0.040623
0.3383
1.0878
1.0857
0.69446
1.0028
0.2771
0.14408
0.13125
0.36445
0.62093
0.99463
0.75669
0.42684
0.80005
1.0179
0.46078
0.25875
0.62826
0.27726
0.39643
1.0868
1.0741
0.83807
0.90685
0.37027
0.48908
0.28207
0.12506
0.50243
1.0606
0.28543
0.18514
0.72707
0.2116
0.24939
0.44679
0.27229
0.28977
0.27251
0.18872
0.7697
0.13266
0.31457
0.42926
1.0891
0.7574
0.88029
0.94205
0.62488
1.0909
0.32374
0.97158
0.64777
0.92814
0.67621
0.95089
0.344
0.4683
0.51035
0.83635
0.30451
1.0642
0.33356
0.88042
1.0346
1.0509
0.74277
1.0843
0.89956
0.74234
0.22467
0.49157
1.0532
0.20468
1.0879
0.23944
0.41766
0.22935
0.29534
1.0531
0.77199
0.15113
1.0322
0.58053
0.81499
1.091
0.078641
0.82119
0.84728
0.33261
0.74887
0.50216
0.31673
0.43372
0.78292
0.13815
0.63538
0.82604
1.0062
0.3239
0.42897
0.29096
1.0765
0.061741
1.0874
0.95414
0.49355
0.79354
0.33363
0.084593
0.39233
1.0787
0.31133
0.489
0.031154
0.85476
0.12222
0.32442
0.79986
0.41769
1.0009
0.57883
0.48732
0.947
0.85421
1.0607
0.43815
1.0909
0.95469
0.99833
0.9918
1.0728
0.30602
0.28323
1.0796
1.0016
0.60416
0.25837
1.0893
1.0756
0.89415
0.0092639
1.0701
0.90888
1.0515
1.0074
0.69955
1.0341
0.60716
0.2715
0.66283
0.27368
0.12474
0.7067
0.1256
1.084
1.0909
0.57909
0.8661
1.048
0.47233
0.36654
0.29167
0.58694
0.52842
0.6956
0.76141
0.16071
0.57143
0.45679
0.72391
0.81443
0.8575
0.28534
1.0552
0.6898
0.99505
0.88538
0.71299
0.23909
0.51042
0.50262
0.99548
1.0514
1.0658
0.62349
0.90728
0.24178
0.5937
0.22458
0.42349
0.22178
0.64871
0.53406
0.44196
0.9792
0.77357
0.42005
0.42311
0.096702
0.97837
0.4856
0.01043
0.75973
0.92546
1.0043
1.086
1.0823
0.060913
0.90647
0.096735
0.76026
0.82561
0.23869
0.63618
0.34399
0.5644
0.17963
0.23201
0.86511
1.0858
0.88989
0.30893
0.25584
0.97869
0.050536
1.0911
1.0911
0.50763
1.072
1.0729
1.0794
0.55274
0.17252
0.51571
0.11139
0.91676
1.0863
0.39705
0.47452
1.0741
0.9562
0.1151
0.64966
0.43692
1.087
0.12616
0.94452
0.70151
0.55347
0.19879
0.1996
1.0733
0.16034
0.61326
0.052959
0.11676
0.66261
1.0742
0.77106
0.14527
1.0813
1.0724
0.08602
0.8968
1.0901
1.0507
1.046
0.36228
0.47581
0.39492
0.56221
0.52719
0.31995
0.72296
0.26961
0.76922
1.0863
0.96407
0.43087
0.22434
0.9239
1.0455
0.31403
0.57788
1.087
0.52708
0.30166
0.95369
0.9953
0.46082
1.0868
0.73163
0.25676
0.65286
0.55109
0.25602
0.83472
0.36337
0.77656
0.67854
0.098807
0.97815
0.28634
0.29324
0.42234
0.38087
0.94087
0.22246
1.0583
1.0606
0.43983
0.80007
0.18181
0.48513
0.19666
0.92979
0.038886
0.18952
0.49942
0.96217
0.27931
0.58667
0.55297
0.95537
0.60991
1.0886
0.75809
0.19315
0.24686
0.20403
1.0905
0.32086
0.68505
0.93918
0.22679
1.04
0.94699
0.49279
0.87274
0.27507
0.046223
1.0904
0.10026
0.31753
0.32032
0.82786
0.24868
0.864
0.37177
0.42737
0.25778
0.41466
0.48982
0.89876
0.57356
0.56415
0.6093
0.90759
0.55331
0.076845
0.24933
0.28207
0.95541
0.61302
1.0104
0.29013
1.0384
0.39551
1.0842
1.0586
0.73107
0.70527
1.091
0.27848
0.56151
0.55792
0.76497
1.064
1.0406
0.72
0.46372
1.0847
0.89493
0.98323
0.36957
1.0245
0.17082
1.0665
0.29927
0.32612
0.40688
0.086121
0.039754
0.19835
0.15059
0.26896
1.0383
1.0023
0.94986
0.20039
0.8979
0.95836
0.64688
1.0886
0.82979
0.2529
0.25995
1.0078
0.18112
1.0743
0.92837
1.0584
0.46852
1.0367
0.47278
0.70772
0.25534
0.60503
0.98109
0.99507
0.91785
0.045761
0.13422
0.18843
0.93597
1.0036
0.62178
0.9696
0.070192
0.99721
0.19234
1.0911
0.82608
0.82249
0.69908
0.53608
0.39521
1.0015
0.15166
0.14368
0.99542
0.80645
0.64939
0.98017
0.4266
0.1599
0.76268
0.11685
0.070074
0.97947
0.36318
0.54832
0.27328
0.52827
0.52144
0.92063
0.4035
1.0438
1.0236
0.93583
0.9162
0.36465
0.080019
0.30225
0.9588
0.84092
0.97026
1.0735
0.90333
0.6698
0.75927
0.2534
0.40265
0.049011
0.19859
0.96848
0.99784
0.70131
0.67429
0.19285
0.21973
0.67028
1.0459
0.050183
0.14861
0.31064
1.0124
0.90791
0.9755
0.42657
0.025952
0.87087
0.24592
0.67461
0.23384
0.58226
0.22175
0.91855
0.23263
1.0608
0.40397
0.43219
1.0691
0.31466
1.0038
0.49729
1.0879
0.20445
1.0899
0.25619
1.0742
0.19566
0.10635
0.39612
1.0579
0.68739
0.68601
0.96801
1.0483
0.13356
0.82572
0.81047
1.0011
0.055157
0.27437
0.81834
0.9735
1.0671
0.3278
0.97918
0.7352
0.36424
0.95352
0.62855
0.14126
0.12226
0.76203
0.76191
0.10149
1.0875
1.0849
0.8084
0.91555
1.0872
0.68704
1.0288
0.73184
0.30629
1.0684
0.60573
0.43535
0.18946
1.0338
0.26433
0.59274
0.79313
1.0874
0.55858
1.0045
0.16857
0.29462
0.98201
0.69969
0.43268
0.64495
0.17545
1.0857
0.6992
0.72755
0.95824
1.009
0.76894
1.0136
0.72044
0.97787
0.61231
0.28134
0.44495
0.33052
0.76007
0.56676
0.98471
0.82685
0.12964
0.018269
0.78403
0.88864
1.0563
0.50124
0.58221
0.51369
0.91905
0.75378
0.85579
0.25809
0.46678
0.0050481
1.0716
0.46069
1.046
0.19977
1.0031
1.0414
0.13606
0.39996
0.38452
0.51421
0.35008
1.0902
1.0666
1.0896
0.25156
0.90133
0.28041
0.74361
0.66882
0.20021
0.48163
0.0022286
0.44536
0.19857
1.0432
0.95893
0.88954
1.0738
0.99044
0.86141
0.25669
0.69397
1.0701
0.88371
1.0911
0.63145
0.71469
0.24289
0.99523
0.27194
0.077163
0.50764
1.091
1.0891
0.3889
1.0841
0.96711
0.99801
1.0878
1.0883
0.87943
0.32032
0.75031
1.0016
0.24471
1.0893
0.56036
0.53689
0.49665
0.82089
0.30942
1.0898
0.20201
0.37968
0.3714
0.046448
0.28942
0.97531
1.0907
0.27454
0.28196
0.78741
1.0877
0.59547
0.62649
0.46879
0.132
0.86163
0.11734
0.98955
0.22084
0.76194
0.4905
0.9381
0.27546
0.098677
0.737
0.17428
0.68749
1.0598
1.0894
0.20929
0.22366
0.99785
0.34722
0.49386
1.0688
0.23263
1.0465
0.51221
0.1755
0.42518
0.79102
0.5378
0.37733
0.23868
0.95674
0.62675
0.36714
1.0005
1.0055
0.86338
1.0893
0.65941
0.50008
0.97819
0.29458
0.10578
0.43342
1.0217
0.81823
0.42176
0.81902
0.67559
0.60996
0.5381
1.0378
0.22531
0.1037
1.0902
0.53494
0.8129
1.0756
0.89309
0.80524
0.51814
0.86245
0.85894
0.33577
0.90845
0.63723
1.0116
0.89836
0.69394
0.24188
0.24379
0.20328
0.9857
0.62134
0.18892
0.31689
0.45338
1.0904
0.44268
0.8565
0.61273
0.6215
1.0572
0.44001
0.64136
0.15593
0.35528
1.0793
0.91717
1.0049
0.42134
0.54553
0.63079
0.65391
0.57978
1.0845
0.29126
0.5369
0.8211
0.84985
1.0887
1.0899
0.64529
1.0558
0.93809
0.93631
1.0002
1.0218
0.33788
0.56095
0.21516
1.088
0.5054
1.0784
0.29334
0.71569
0.42306
0.74971
0.87632
1.0351
0.67836
0.86265
1.0284
0.42283
0.96625
0.38699
0.24972
1.0872
0.21104
1.0756
1.0573
0.3391
1.091
0.43437
0.20849
0.94239
0.24505
0.94767
0.62547
0.35138
1.0379
0.60599
0.060989
0.2035
1.0899
1.0262
0.77386
0.82661
0.9736
1.0317
0.14933
0.090295
1.0911
0.73874
0.92705
0.86459
1.0125
0.78458
0.17179
1.0543
0.31423
0.43693
0.88595
0.6388
0.22585
0.60458
0.97929
0.30082
1.0579
0.69731
1.076
0.088479
0.90772
0.40978
0.4402
0.97145
0.73367
0.2521
0.95389
0.3524
0.0055612
0.16048
1.0503
0.083897
1.0199
0.69882
0.28222
1.0477
0.51452
0.44749
0.79616
0.76882
1.0911
1.0903
1.0908
0.85956
0.13926
1.0635
0.35518
0.9166
0.25367
1.0498
0.7603
0.91399
1.0101
0.32104
1.0765
0.019349
0.88242
0.25435
0.2551
0.55376
0.093337
0.80297
0.78559
0.63535
1.0158
0.35057
0.2954
0.49109
0.35682
1.058
0.62931
0.32672
0.90875
0.31281
1.0028
0.40736
0.15566
0.5371
0.92652
0.96891
0.54771
0.95811
0.78744
1.0902
0.31345
0.18997
0.87323
0.15696
1.0299
1.0909
0.33784
0.98195
0.16876
1.0902
0.4817
1.0076
0.25912
0.24123
0.0092984
0.72755
0.50682
0.55205
1.0175
0.66249
1.0276
1.0443
0.22195
0.8377
0.53787
1.0786
1.0648
1.0759
0.98475
0.19698
0.85966
0.32288
0.14883
0.54599
1.0852
0.28679
0.59446
0.23658
0.2161
0.54429
1.0161
1.0563
0.89174
0.18982
1.0783
1.0586
0.9043
0.073915
0.41448
0.83247
0.18796
1.0639
0.42394
0.72643
0.92198
0.19104
0.576
0.49589
0.2783
0.55873
0.3537
0.27752
0.36366
0.59762
0.85695
1.059
1.0073
0.35492
0.42077
0.19247
0.74752
1.0156
0.57092
0.26675
0.24313
0.62898
0.91884
0.73141
0.63937
0.17908
0.67644
0.38596
0.22168
0.26301
0.77743
0.39927
0.49946
0.4764
0.87071
0.34013
0.059607
0.8706
0.95545
0.267
0.28949
0.14284
0.98392
1.0375
0.63178
1.0874
0.703
0.47528
1.0335
0.97735
0.65303
0.58696
0.44964
0.93936
0.70864
0.25947
1.0385
0.91846
0.46847
0.52681
1.0537
0.63375
0.39795
0.1189
0.2108
0.85425
1.0063
0.31506
0.90067
0.23837
0.034572
0.46735
1.0887
0.31273
0.10959
1.0546
0.75913
0.78045
0.66474
0.14145
1.018
0.16898
0.72321
0.62211
0.088757
0.62678
1.0012
0.19692
0.24709
0.1869
0.95966
1.0117
1.0281
0.1682
0.66424
0.92701
0.97446
0.96194
1.0527
1.0873
0.54583
0.64938
1.0669
0.70297
0.77999
0.47246
0.87014
0.61862
1.013
0.13306
0.79491
0.61922
0.92416
0.27497
0.80398
1.0601
0.96373
0.1338
1.0839
0.31846
0.15488
0.30329
0.294
0.9229
0.64465
0.50616
1.0839
0.66012
0.50254
0.64151
0.83964
0.034278
0.7622
0.11078
0.874
0.4163
0.75079
0.28385
0.45422
0.87835
0.5524
0.65952
1.0155
1.0904
0.88592
0.30348
0.29259
0.96967
0.8963
0.54893
1.0909
0.85644
1.0131
0.13758
0.51584
0.80378
1.0247
0.16034
0.40609
1.0024
0.20695
0.13378
1.0882
0.91788
0.25223
1.0104
0.61469
0.66517
0.25244
1.0867
1.0163
0.074855
0.76545
0.91242
0.12125
1.0342
0.2632
0.23828
0.1803
0.4803
0.4951
0.018111
0.57338
1.0152
0.76666
1.0729
0.78859
0.96812
0.18582
0.45575
1.0888
0.43084
0.60892
0.30765
0.49131
0.87655
1.0592
1.0102
0.004145
0.12829
0.99427
0.24519
0.69061
1.0838
0.080833
0.23956
0.21632
0.15234
1.0809
0.80153
1.084
1.0649
0.48119
0.86785
0.88319
0.93999
0.9296
0.89485
0.97976
0.5016
1.0863
1.0456
0.4931
0.30286
0.71379
0.75834
0.36863
0.22824
0.39582
0.00053598
0.43572
0.63528
0.93768
1.088
0.15602
0.70808
0.43252
0.8373
1.0829
0.24328
0.79004
0.099348
0.78759
0.6266
0.12917
0.90684
0.31594
0.25672
0.32084
0.81569
0.87487
0.20199
0.90606
0.17014
0.80964
0.26786
0.29059
0.25582
1.0259
1.062
0.47917
0.87663
0.36295
1.0461
0.43927
0.5031
1.0461
1.0661
0.057897
0.35779
0.62706
0.040115
0.40997
0.72601
0.063591
0.91416
0.89303
0.85514
0.74811
0.99298
0.64484
0.98787
0.86742
0.26458
0.86346
0.94517
0.3278
1.0402
0.20782
0.94778
0.79074
1.0762
0.91082
1.0242
0.29646
0.86544
0.47389
0.4998
0.19231
0.24221
0.14181
0.84027
1.0826
1.0859
0.58169
0.13691
1.0668
0.83285
0.065053
0.74574
0.83063
0.56039
0.54013
0.93591
0.29495
1.09
0.9338
0.49187
0.24155
0.29416
0.77308
1.0567
0.74801
1.0899
0.35345
1.073
0.28423
1.0118
0.51805
0.18865
1.0585
1.0127
0.72275
0.29409
0.75397
1.0892
0.63465
0.99133
0.35565
1.0026
1.0703
0.45321
0.44002
0.55516
0.65648
0.29444
0.0075141
0.62205
0.33481
0.87274
0.95768
0.38906
1.0734
1.0419
0.49831
1.0864
0.93118
0.33162
0.52941
0.47524
0.0095874
0.10475
0.22695
0.61075
0.38708
0.26945
1.0877
0.43159
1.089
0.43241
1.0716
0.31402
1.0205
0.46174
1.0884
0.22702
0.078024
0.053329
0.49194
0.45732
0.30681
0.24494
0.16209
0.13487
1.0648
0.95985
0.09299
0.81503
1.0499
0.27196
1.089
0.17726
0.94076
0.44151
0.89717
0.90212
0.5121
0.48949
0.22514
0.21488
0.34993
0.37178
0.32936
0.13364
0.59619
1.0597
0.75781
1.0268
0.48867
0.2966
0.22184
0.44261
0.52803
0.99589
0.12748
1.0703
0.63353
0.42746
0.96794
0.82252
1.0849
1.0672
0.78823
0.73247
1.0637
0.11187
0.42591
1.074
0.30844
0.98841
0.59849
0.37123
1.0238
0.87945
0.42077
0.73549
1.0214
0.10663
0.01083
0.71362
0.36391
0.74344
0.33279
0.87309
1.053
0.34985
0.092525
0.96542
0.15987
0.41532
0.74138
0.070375
0.35649
0.78656
1.0789
0.26779
0.83251
0.92965
0.48026
1.0848
0.49875
0.80563
0.25627
0.12087
0.17506
0.97105
0.92833
0.12701
1.0718
0.89822
1.0689
0.25297
0.67462
0.92919
0.33526
0.76684
0.60721
0.65921
0.41529
0.41274
0.70043
0.90847
0.027538
0.6538
0.90353
0.59249
0.87192
1.0068
1.0464
1.0712
1.0903
0.32322
1.0161
0.75896
0.29527
1.0669
0.91038
0.69115
0.79538
0.77976
0.42725
0.36485
0.27913
1.0586
0.83149
0.89869
0.99766
1.084
1.005
0.2672
1.088
0.63074
0.55922
0.35167
0.46197
0.18412
1.0909
0.96437
0.85926
0.45355
0.72944
0.36498
1.0189
1.0094
0.72698
0.59302
0.68997
0.49541
1.0745
0.076248
0.76983
0.56026
0.96807
0.031168
1.0001
0.72114
0.94959
0.35529
0.77428
0.44752
1.0476
0.36106
0.84077
0.1998
0.18427
0.9217
0.87525
0.32415
0.54639
1.0148
0.40773
0.08201
0.47999
0.58185
0.10698
0.18275
1.0056
0.078987
1.0805
0.47919
0.64653
0.92202
1.0881
0.43898
0.41468
0.77227
0.42176
0.29012
0.66697
0.38695
0.75693
0.80286
0.096513
0.92165
0.97288
0.61269
0.70256
0.8518
1.0576
0.77162
0.19956
1
0.52952
0.78906
0.92389
0.21458
0.27207
0.34905
0.42011
0.54975
0.22023
0.43762
0.26432
0.58837
0.80557
0.5058
0.23745
0.86566
0.25648
0.045728
0.098465
0.9758
0.23825
0.16476
0.97241
0.11488
0.062592
0.69489
0.76906
1.0601
1.078
0.55498
1.0781
0.96052
0.83386
0.9226
0.1084
0.32838
0.91857
0.19249
0.26283
0.16713
0.67069
0.41996
1.0885
0.32761
0.9472
0.5195
0.76369
0.97909
0.7999
0.49905
0.94525
1.091
0.59797
0.98832
0.46705
1.0701
0.22058
0.40904
0.23274
1.0859
0.23698
0.41264
0.40524
0.91306
1.0076
0.019119
0.29251
1.0399
0.93399
0.99616
0.8396
0.27396
0.48355
0.80926
0.40047
0.16795
1.0724
0.91751
0.80797
0.25102
0.96102
0.17615
0.24213
0.41903
1.0793
0.15038
0.56045
1.0078
0.024665
1.0686
0.19567
0.37496
0.83838
0.21626
0.34087
0.26509
0.58382
0.33911
0.31318
0.15484
0.93556
0.85604
0.87607
0.2818
0.95214
1.044
0.68476
0.26563
0.39714
0.75258
0.72367
0.71726
0.99605
0.85963
0.38691
0.31339
0.18682
1.0527
1.0864
1.0371
0.85145
0.8942
0.095215
0.50133
0.25356
1.0907
0.63818
1.0642
0.99744
0.94083
0.67936
1.061
0.84544
0.81349
0.52842
0.784
0.27754
0.90952
0.14577
0.83546
0.86297
0.95962
0.63842
0.54664
0.20662
0.24209
0.90284
0.33571
0.95358
0.80479
0.34834
0.78822
0.94797
0.84503
1.0679
0.75016
0.45251
1.0911
0.20663
0.54149
0.22592
0.36806
0.060725
1.0851
0.67785
0.25346
0.31663
0.89665
0.39153
0.54392
1.0456
0.52629
1.0208
0.75292
1.0879
0.42641
1.0447
0.97827
0.98473
0.34013
0.47783
0.68626
0.69775
0.51253
0.49616
0.32618
0.81499
1.0908
0.73141
0.25499
1.0064
0.25971
1.0226
1.0285
1.071
0.84904
1.0889
0.84968
0.81347
0.82043
0.17125
0.21309
1.0398
1.0886
0.5385
0.0037013
0.3232
0.97179
1.0897
1.0773
0.062072
0.94703
0.74299
0.9315
0.95617
1.0799
0.85387
0.59386
0.63221
0.38094
0.049601
0.86145
0.23557
0.88193
0.022972
0.91153
0.098476
0.36843
0.3012
0.91355
0.26579
1.0684
0.95646
0.35762
1.0346
0.76457
0.832
0.96033
0.13872
0.19476
0.44074
0.16542
0.7371
0.18572
0.91357
0.54985
0.8066
0.18686
0.24147
0.32478
0.12763
0.85047
0.16408
1.0048
0.029586
1.0286
0.26736
0.58287
1.0762
0.23635
1.0143
0.24492
0.96105
0.35423
0.1878
1.0334
0.409
0.75309
0.40655
0.89608
0.53871
0.94638
0.073711
1.0335
0.48094
0.25951
0.60771
0.65439
0.99488
0.28591
0.62649
0.85116
0.24908
0.26075
1.0276
0.11209
0.87676
0.61426
0.62707
0.49193
0.75943
0.1795
0.85126
0.88164
0.38983
0.3684
0.0094479
0.088168
0.14089
0.7481
0.32292
0.53755
0.72551
0.8938
1.0755
0.42114
0.97138
0.5658
0.10847
0.070273
0.54099
0.89091
0.24093
0.40047
0.30604
0.32363
0.24049
1.0706
1.0169
0.99192
0.97194
0.58863
0.89094
0.28204
0.02241
0.17762
0.28984
1.0908
1.0843
0.16442
0.89729
1.0366
0.055987
0.30192
0.19829
1.0167
0.72479
0.26803
1.0897
1.0619
0.15261
0.99135
0.76059
0.30081
1.0836
0.17634
1.0843
0.46816
1.0016
0.35942
0.86502
0.26502
0.89846
0.26644
0.37475
0.93288
0.57673
0.92697
1.091
1.0533
0.99899
0.54543
1.0811
0.87304
0.30968
0.3927
0.78514
1.0238
0.55757
0.24462
0.087156
0.66221
0.066544
0.38436
0.29202
0.55893
0.51267
0.81993
0.96591
0.74572
0.40609
0.48177
1.0796
0.89927
0.09313
0.24194
1.0467
0.19985
0.1233
0.36705
0.35053
0.63929
1.0367
0.54785
1.0002
0.31202
0.53975
0.063842
0.39119
0.68387
0.98813
0.46442
0.67942
0.84521
0.42215
0.80997
0.14569
0.4816
0.54158
0.8211
0.63045
0.24099
0.36865
0.3011
0.18206
0.2389
1.0902
0.33282
0.095406
0.48604
0.63296
0.6417
0.37334
0.055669
1.0808
1.079
1.0641
0.82127
1.0892
0.51901
0.60067
0.27786
0.33485
0.575
0.10093
0.14685
0.31817
0.93736
1.0526
0.48803
1.0366
0.82176
1.0053
0.17167
0.097222
0.2347
0.42174
0.48876
1.0441
0.72862
1.082
1.0887
0.24728
0.17572
0.39584
0.076171
0.7686
0.61717
0.65162
0.37554
0.93207
0.63005
0.18101
1.0895
0.217
1.0885
0.62654
0.72732
0.94464
0.47935
1.0314
0.37298
0.27851
0.53209
0.20806
1.087
1.0613
1.0136
0.43792
1.0909
0.51592
0.18968
0.52849
1.0198
0.45184
0.68922
0.41173
0.18991
0.16324
0.56448
0.7182
0.94299
1.0201
1.0059
1.0176
0.98884
0.60104
0.41238
0.87118
0.73336
0.083348
0.45663
0.27255
0.41585
1.0332
0.70816
0.28045
0.15845
0.49694
0.93186
0.6181
1.0371
0.96459
0.12147
0.724
1.0504
0.51084
0.5937
1.0597
0.21753
0.89993
1.0436
0.21447
0.070995
0.33117
0.58737
1.0738
1.0764
1.0488
0.88559
1.0877
0.77164
0.95713
0.64935
0.21471
0.41299
1.0437
1.0466
0.42552
0.98274
1.0197
0.49335
0.98016
0.57367
0.62651
0.21217
0.44316
0.90337
0.89822
1.0911
0.19376
0.47396
1.05
0.28614
0.37054
0.95444
0.28818
0.41687
1.0909
0.16175
0.99678
1.0398
0.19404
0.24295
0.5965
0.82013
0.56344
0.081047
0.89518
0.59853
0.26119
0.19322
1.0701
0.96669
0.99768
0.00097165
0.26
1.0889
0.26996
0.28336
0.39014
0.037157
0.86905
0.43507
0.86581
0.92316
0.7506
0.26227
0.99976
0.35511
0.65435
0.80958
1.046
0.12344
0.66919
1.0901
0.90287
0.2724
0.050504
0.25098
0.39498
1.0356
0.40081
0.16707
0.95379
0.49584
0.23771
0.44888
0.85912
0.66921
1.0031
0.091251
0.28888
0.47782
1.0837
0.024905
0.028218
0.98526
1.0683
0.46836
0.5918
0.97024
0.72778
0.93253
0.32176
0.25634
0.83487
0.35648
0.93618
1.0092
0.98406
0.80583
0.30284
0.18886
0.37961
1.0856
1.0888
1.087
1.0909
0.58065
0.71848
0.58515
0.33189
1.0774
0.80947
0.4812
1.0352
0.8094
0.95032
0.91278
0.64423
0.43643
0.91638
0.057414
0.79751
1.0042
0.2327
1.0861
0.69553
0.92991
0.86748
0.48905
1.0676
0.52758
0.072319
1.0851
1.0665
1.0508
0.77146
0.06058
1.0762
0.57473
0.11519
0.28112
0.80261
0.17285
0.77967
0.36686
1.0219
1.0869
0.23376
0.73166
0.079021
1.0537
1.0867
0.61498
0.45538
0.2817
1.0823
0.96159
0.95291
0.52781
0.3667
0.13487
0.69775
1.09
0.37733
0.23774
1.0755
0.29139
1.08
1.0911
1.077
0.24179
1.0437
1.0758
0.38335
0.05426
0.42115
0.21833
0.17762
0.34899
0.84116
1.0318
0.83412
0.51844
0.62463
0.34064
0.33942
0.20143
1.0133
1.0571
0.21086
0.34796
0.91232
0.49203
0.77988
1.0124
0.36995
0.67886
0.38691
0.28369
1.0849
0.18457
0.9163
0.40243
0.55735
0.25654
0.92754
1.0325
1.0453
1.0847
1.0841
0.19863
0.63242
0.40934
1.0349
0.77373
0.30276
0.36452
1.091
0.96046
0.17661
0.82854
1.0564
0.38508
1.0829
0.4151
0.89896
0.27492
1.0272
1.0607
1.0494
1.0412
1.0869
0.7254
0.82246
0.36613
0.5376
0.25793
0.75165
0.17566
0.26059
0.34341
0.35111
0.62105
0.73739
0.083361
1.0619
1.0122
0.20276
0.59269
1.0661
0.60441
0.41665
0.37608
0.56315
0.1542
0.36129
0.61231
0.36164
0.83319
0.58962
0.22596
1.0175
0.079003
1.0904
0.86576
1.0858
0.32737
0.21374
0.61355
0.98133
0.13499
0.94438
0.94074
0.53526
0.44509
0.15714
0.97107
0.52859
1.0818
0.15561
0.68236
0.90813
0.42231
1.0887
1.0175
0.25572
0.11214
1.0825
0.021628
0.76501
0.13143
1.0201
0.31854
0.2428
0.2496
1.0589
0.75789
1.0631
1.0911
1.0891
0.31645
1.091
0.87252
0.15171
1.0335
0.50245
0.36572
0.21759
0.18401
0.2044
0.80647
1.0869
1.0605
0.33178
0.73222
1.0005
0.6423
1.089
0.43144
0.96441
0.28405
0.30929
0.19195
0.72602
0.70974
0.62457
0.19016
0.26569
0.19816
1.0896
0.32563
0.91314
0.95899
1.0885
0.44664
0.038737
0.33019
1.0911
0.23478
0.68408
0.59353
0.62649
0.97141
0.6815
0.60907
0.43159
0.21442
0.29028
0.52731
0.19521
0.94486
0.58795
0.9217
0.68121
1.0476
0.58789
0.67181
0.34852
1.0279
0.28771
0.91868
1.02
0.60049
0.90679
0.41205
0.23372
0.60141
0.97388
0.016417
0.77281
1.0394
0.098623
0.14437
0.2272
0.7853
0.47712
0.3295
0.47682
0.77881
1.0452
0.5455
1.0057
1.0067
1.0656
0.8105
1.0884
0.92471
0.79143
0.38133
0.49344
1.0492
0.58472
0.61345
1.0048
0.10029
1.0641
0.53099
0.19533
0.89043
0.91166
0.22187
0.076819
0.27021
0.3134
0.32213
0.54197
0.30875
0.83004
0.18166
0.32652
0.35556
0.49804
0.68416
0.27846
0.161
0.63406
0.44186
0.39419
0.50713
0.62483
1.0871
0.16472
0.69833
0.38213
0.99998
0.96582
1.0362
0.1936
0.3232
0.19453
0.080752
1.0425
0.56671
0.82856
0.95427
0.57632
0.23386
0.46552
1.091
0.17949
0.7625
0.085602
0.72743
0.25114
0.65065
0.93213
0.64756
0.23442
0.29788
1.0618
1.0864
0.90114
0.93418
0.89847
0.3752
1.0858
0.42774
0.71455
0.84934
0.806
0.36507
0.89131
0.42947
1.0496
1.0773
1.0492
0.23965
0.26969
0.1503
1.0734
0.33169
1.042
0.65389
0.29154
1.0789
1.0464
1.039
1.0571
0.97983
1.0287
0.46746
0.082239
0.35791
1.0834
0.99976
0.28091
0.35803
1.0728
0.65512
0.44517
0.96314
0.093878
1.0325
0.99338
1.088
0.53159
0.1626
1.0859
0.61971
1.0731
1.0865
0.657
0.96185
0.28404
1.0896
0.45005
0.93646
0.20824
0.84278
0.42962
0.46516
0.66703
0.30109
1.0382
0.16716
0.98181
0.34134
0.38086
1.0872
0.31554
0.60955
0.90595
0.40897
0.37521
0.32401
0.12386
0.85846
1.0647
0.63511
0.93965
0.46486
0.36079
0.28998
0.14501
1.0432
0.17093
0.057751
0.65357
0.41421
0.2455
0.78563
0.19603
0.65507
0.25534
0.62751
0.3646
0.45262
1.0506
0.86378
1.0353
1.028
1.0818
0.82692
1.0825
1.0604
0.75136
0.33972
1.0482
0.74806
0.82306
0.56587
1.0673
0.20547
1.0883
0.85237
0.41636
0.064259
0.48548
0.96972
0.22665
0.73589
0.48727
1.0278
0.93656
0.94152
0.56174
1.0746
0.13257
0.51786
0.96768
0.4741
1.0212
0.85863
0.80951
0.33847
0.66903
0.69682
0.135
0.95503
0.92378
0.89133
0.38897
0.46235
0.23589
0.2177
0.58665
0.39337
0.95923
0.5234
0.17253
0.1464
0.13713
0.95356
0.26556
0.76384
0.58699
1.0762
0.71706
0.4053
0.26643
0.55527
0.53779
0.80748
0.30264
1.0622
1.0143
0.26125
0.30633
0.85819
0.36089
0.90683
0.66256
0.31696
0.34759
1.007
0.14099
0.28914
0.011799
0.60486
0.32364
0.24652
0.53904
1.0818
0.85432
0.45383
0.1529
1.0461
1.0823
0.22078
0.68062
0.52907
0.66095
0.21702
0.97998
0.38463
1.0005
1.0117
0.43968
0.10554
0.20997
1.0781
0.75418
0.34239
0.76607
0.94256
0.7517
0.87565
0.47067
1.0443
1.0684
0.5922
0.45763
0.49569
0.32357
0.21242
0.9006
0.20356
0.86335
0.95262
0.98132
0.56037
1.0802
0.49603
1.0856
0.82853
0.83062
0.65539
1.0058
0.3124
0.91689
1.0777
0.46873
0.73412
0.45617
0.94747
0.10642
0.46558
1.0625
0.79482
0.76484
0.20673
0.96351
0.1676
0.44632
0.73853
1.0664
1.0021
0.26841
0.17543
0.21305
0.38778
0.16477
1.0875
1.0418
0.42555
0.66902
0.81663
0.62903
0.52352
0.18557
0.28404
0.94458
0.13287
0.30466
0.11565
1.0702
0.88242
1.083
1.0053
0.68947
0.9906
0.21335
0.21892
0.57489
0.59909
0.062533
0.93859
0.86216
0.2681
0.49417
0.3271
0.32792
0.38654
0.32306
0.25217
0.30452
0.97259
0.58273
1.0372
0.31226
0.6468
0.67222
1.0908
0.44637
0.91735
0.9902
0.95188
1.0043
0.14712
0.84126
1.0897
0.37401
0.57783
0.37084
0.16453
0.41887
1.0721
0.043926
0.79291
0.20635
0.040726
0.1803
0.42945
0.88828
1.0762
0.42556
0.28477
0.17347
0.79461
0.089416
0.29415
1.0795
1.0902
0.41402
0.063137
1.0718
1.0544
0.95286
0.8644
1.0639
0.21316
1.0842
0.92046
0.74498
1.0871
0.92106
0.58506
0.95193
0.23934
0.82983
0.22579
0.77733
1.0058
1.0847
0.64316
0.19626
0.76043
1.0626
0.95123
0.27532
0.89079
1.0814
1.0911
1.0138
0.17365
0.94438
0.21896
0.24853
0.13048
0.95239
0.93369
0.24459
0.83807
0.11074
0.059806
0.03683
0.3765
1.0588
0.97239
1.0485
0.19263
0.6065
0.99874
0.25341
0.32718
0.60279
0.10903
0.77352
0.21173
0.047448
1.0909
0.896
0.30946
0.2687
0.76146
0.7296
0.3569
0.44064
1.0844
0.39584
0.0050277
0.42447
0.34299
