0.39792
0.25111
0.36966
0.39841
0.3791
0.24233
0.39868
0.39774
0.23517
0.38729
0.27052
0.21315
0.0031574
0.27803
0.35324
0.37084
0.35545
0.06797
0.34188
0.35857
0.34275
0.34744
0.36572
0.36109
0.2755
0.298
0.31084
0.27242
0.0033775
0.24008
0.3882
0.37132
0.15739
0.022989
0.39427
0.39877
0.24753
0.12376
0.37405
0.38986
0.11334
0.39154
0.30706
0.39808
0.39547
0.10032
0.10862
0.34953
0.39228
0.039135
0.30844
0.19508
0.39441
0.28661
0.39691
0.39727
0.0046335
0.38999
0.30646
0.081708
0.37385
0.015295
0.22082
0.31435
0.13528
0.02566
0.34253
0.0028045
0.31423
0.24391
0.35502
0.3231
0.39745
0.18952
0.35219
0.23902
0.31956
0.37246
0.3864
0.39739
0.24717
0.17376
0.11502
0.3988
0.38746
0.31505
0.077362
0.1585
0.074802
0.17297
0.35863
0.19331
0.28475
0.3079
0.39894
0.15853
0.3632
0.097737
0.39492
0.38277
0.35203
0.11456
0.3613
0.38578
0.38908
0.16783
0.38243
0.10343
0.29592
0.12369
0.099226
0.38738
0.14277
0.24364
0.28421
0.0064963
0.35171
0.0722
0.37526
0.037116
0.33797
0.116
0.38772
0.33044
0.21947
0.040433
0.01986
0.078171
0.090793
0.33658
0.16745
0.32286
0.30674
0.18965
0.37949
0.26467
0.022032
0.39475
0.27089
0.39278
0.12107
0.22672
0.39383
0.030911
0.22584
0.34789
0.34409
0.093282
0.38141
0.3906
0.3092
0.3971
0.22122
0.37235
0.34694
0.38639
0.33977
0.39715
0.10507
0.3757
0.30981
0.13547
0.39856
0.32253
0.31199
0.35021
0.28635
0.31335
0.39872
0.33525
0.10951
0.1794
0.31922
0.38931
0.3798
0.38881
0.21084
0.2888
0.15083
0.10659
0.31495
0.37754
0.19582
0.27032
0.38529
0.11558
0.39893
0.39791
0.36951
0.39736
0.018182
0.39328
0.37444
0.066268
0.39864
0.35053
0.36924
0.39802
0.21414
0.18045
0.039745
0.32987
0.14122
0.32082
0.38756
0.39448
0.3843
0.32214
0.34853
0.33409
0.23345
0.38577
0.38316
0.33435
0.39757
0.16231
0.34142
0.29916
0.1276
0.36585
0.33516
0.35683
0.24735
0.32763
0.33861
0.13738
0.34321
0.28307
0.38721
0.06188
0.39819
0.19708
0.29789
0.34577
0.14493
0.37745
0.39893
0.10182
0.35955
0.33031
0.39087
0.36775
0.076629
0.043074
0.36703
0.23768
0.34669
0.085842
0.38145
0.37168
0.13968
0.39093
0.38857
0.3971
0.32654
0.25981
0.079808
0.22123
0.32836
0.28401
0.26855
0.38721
0.011104
0.15411
0.33339
0.3468
0.39894
0.10343
0.20291
0.36771
0.25751
0.17499
0.37312
0.36157
0.157
0.39336
0.3989
0.23246
0.37179
0.17267
0.31639
0.30203
0.18024
0.19629
0.35637
0.38327
0.3989
0.34181
0.15008
0.082424
0.30456
0.13193
0.3783
0.19205
0.1722
0.37033
0.33708
0.38507
0.39878
0.38832
0.26506
0.11688
0.38781
0.081285
0.35919
0.31445
0.24301
0.36199
0.38578
0.2927
0.17426
0.36398
0.23055
0.3642
0.36997
0.21619
0.38508
0.3322
0.37258
0.051236
0.3944
0.17688
0.20961
0.36177
0.19242
0.39893
0.088025
0.10175
0.27782
0.36145
0.39849
0.36769
0.37597
0.39539
0.36761
0.37976
0.18256
0.3499
0.39753
0.12795
0.34764
0.05261
0.39562
0.3989
0.31165
0.3713
0.32317
0.1119
0.27471
0.39694
0.36587
0.15334
0.29298
0.2639
0.044925
0.37331
0.29602
0.34274
0.1614
0.38594
0.11963
0.18909
0.21355
0.33962
0.15428
0.38907
0.39612
0.21033
0.1528
0.22987
0.010404
0.38115
0.083723
0.34741
0.25574
0.29291
0.16364
0.29847
0.38833
0.055749
0.39613
0.39781
0.20674
0.35337
0.23961
0.38949
0.20029
0.35511
0.29282
0.36059
0.39893
0.20475
0.33983
0.059131
0.30046
0.16347
0.11516
0.19752
0.33731
0.38406
0.30615
0.35454
0.21676
0.32099
0.36351
0.39656
0.025914
0.20598
0.19906
0.39601
0.1102
0.38125
0.12045
0.39894
0.30428
0.07568
0.30456
0.34237
0.27177
0.31387
0.30628
0.38868
0.39846
0.38176
0.38751
0.095958
0.26041
0.038378
0.24428
0.097377
0.14291
0.093432
0.31413
0.33899
0.37849
0.12565
0.28554
0.3558
0.22852
0.3036
0.393
0.37758
0.29415
0.2549
0.32207
0.027633
0.31053
0.28389
0.39115
0.08702
0.39558
0.23879
0.23885
0.35686
0.23961
0.23749
0.14493
0.013922
0.39892
0.39592
0.39441
0.10182
0.1146
0.36201
0.35495
0.10735
0.10796
0.39893
0.071968
0.30564
0.37021
0.21204
0.068055
0.39127
0.39889
0.3304
0.32916
0.37783
0.35884
0.36046
0.32612
0.3217
0.32842
0.27638
0.21659
0.20281
0.39242
0.39665
0.39762
0.28391
0.33391
0.38222
0.16227
0.13409
0.3581
0.095008
0.30963
0.21894
0.21483
0.24448
0.042428
0.26724
0.34584
0.18762
0.17842
0.39882
0.18505
0.10684
0.33786
0.39481
0.39836
0.39788
0.39746
0.35861
0.39113
0.26221
0.3118
0.14844
0.38788
0.35617
0.30738
0.29292
0.17927
0.19495
0.19211
0.38802
0.39892
0.39808
0.39891
0.39695
0.38849
0.39757
0.15261
0.32433
0.36301
0.13595
0.066414
0.267
0.38194
0.35718
0.37494
0.35004
0.3789
0.38066
0.23275
0.3805
0.3988
0.36264
0.39195
0.19175
0.3302
0.38251
0.38366
0.35719
0.34609
0.10026
0.39324
0.32075
0.26763
0.39673
0.12134
0.37532
0.24948
0.37556
0.37949
0.036673
0.23742
0.20797
0.39522
0.19814
0.36116
0.39882
0.30945
0.26305
0.33672
0.29901
0.149
0.20087
0.28913
0.28899
0.39837
0.39855
0.076665
0.35463
0.015191
0.36686
0.0083493
0.37097
0.19528
0.39666
0.37096
0.35649
0.39893
0.11324
0.29211
0.39877
0.27935
0.39714
0.39774
0.36981
0.38943
0.021316
0.39731
0.030682
0.38289
0.37507
0.39056
0.37369
0.19625
0.10958
0.24689
0.39496
0.16086
0.05914
0.3167
0.39489
0.36953
0.15881
0.246
0.25881
0.3733
0.016755
0.1478
0.32048
0.31062
0.20729
0.39311
0.31693
0.38709
0.1238
0.3932
0.27253
0.39756
0.29417
0.37947
0.39265
0.39485
0.25614
0.29369
0.14049
0.38878
0.06063
0.33048
0.10388
0.066439
0.29114
0.14477
0.39374
0.39818
0.35409
0.30929
0.31059
0.1344
0.080404
0.38374
0.29371
0.39065
0.18934
0.32283
0.39856
0.28232
0.33003
0.33904
0.39784
0.16869
0.33505
0.11829
0.39693
0.39505
0.020176
0.025934
0.38775
0.22696
0.38773
0.26125
0.2531
0.21886
0.29673
0.38491
0.38213
0.34069
0.27848
0.36432
0.1633
0.3214
0.39593
0.27906
0.20686
0.33566
0.071308
0.37269
0.2334
0.14734
0.20648
0.2173
0.20168
0.39072
0.08687
0.39781
0.33004
0.38863
0.39849
0.30149
0.3186
0.32074
0.38543
0.1752
0.24491
0.32336
0.39778
0.38798
0.39255
0.23902
0.38545
0.39676
0.17653
0.24767
0.18612
0.3828
0.37366
0.1451
0.39893
0.38082
0.33854
0.38737
0.39707
0.20574
0.24503
0.27288
0.25177
0.26786
0.39862
0.37508
0.18131
0.39891
0.39727
0.34711
0.14373
0.39787
0.28359
0.17073
0.34359
0.23266
0.048405
0.32006
0.39007
0.046499
0.1847
0.093284
0.3979
0.31899
0.38703
0.23637
0.37549
0.19162
0.22068
0.39794
0.20679
0.31841
0.2185
0.3983
0.062876
0.39886
0.37213
0.27479
0.28482
0.2926
0.37256
0.11746
0.35598
0.11469
0.1642
0.21304
0.085303
0.3916
0.36314
0.34774
0.27358
0.35268
0.39632
0.19401
0.30803
0.33079
0.38307
0.35481
0.34786
0.26277
0.36592
0.26429
0.39516
0.21253
0.3234
0.22236
0.34993
0.252
0.25223
0.096734
0.36267
0.39856
0.39894
0.36609
0.38653
0.1872
0.39813
0.38462
0.39841
0.32274
0.37011
0.050817
0.22003
0.35019
0.38741
0.37363
0.043472
0.39889
0.035597
0.25619
0.11245
0.34925
0.36525
0.36442
0.25251
0.19897
0.21041
0.39886
0.2834
0.30764
0.31988
0.10027
0.23011
0.21817
0.24256
0.36926
0.091086
0.2183
0.3514
0.096068
0.35424
0.077123
0.29223
0.38779
0.18011
0.33857
0.0092085
0.11324
0.39887
0.35014
0.39213
0.35365
0.11665
0.38672
0.38301
0.392
0.12053
0.33098
0.25199
0.39277
0.23562
0.075028
0.23745
0.31615
0.34649
0.38312
0.39002
0.25046
0.38311
0.13105
0.34245
0.30832
0.39566
0.11724
0.34841
0.26161
0.34641
0.39699
0.37567
0.38685
0.28123
0.39894
0.13342
0.14538
0.047067
0.30659
0.34227
0.26737
0.26577
0.39564
0.24173
0.3396
0.28772
0.39857
0.39885
0.37058
0.32295
0.13299
0.26895
0.23478
0.2464
0.39051
0.38625
0.39602
0.18977
0.39472
0.05123
0.11707
0.35602
0.26905
0.37487
0.28501
0.39669
0.27104
0.29842
0.37381
0.3953
0.38139
0.31716
0.2621
0.23216
0.38589
0.39403
0.37045
0.23886
0.064548
0.38254
0.39789
0.3033
0.33159
0.38581
0.082401
0.39778
0.28356
0.36318
0.39704
0.26217
0.3938
0.37126
0.39563
0.39529
0.15522
0.32798
0.37424
0.38622
0.099461
0.35953
0.35457
0.26243
0.25871
0.36747
0.042171
0.3014
0.35457
0.21087
0.39823
0.048351
0.38238
0.38845
0.38526
0.037953
0.19947
0.39502
0.34437
0.386
0.062759
0.36884
0.39627
0.37774
0.1569
0.031537
0.0021607
0.27313
0.38301
0.39868
0.14528
0.34097
0.39564
0.39869
0.11614
0.31251
0.16037
0.36232
0.2803
0.20465
0.25405
0.048619
0.11533
0.36373
0.3283
0.28664
0.2649
0.39361
0.39417
0.13832
0.39885
0.031842
0.39065
0.39301
0.11691
0.36669
0.39636
0.28528
