-0.48417
0.55766
-0.88436
0.096899
1.9324
0.25381
0.13375
-0.83935
1.0911
0.30021
-0.52672
-0.91849
-0.54784
0.69292
-0.60888
-1.4423
0.43992
-0.53851
-0.63033
-0.13787
-0.96764
0.13757
0.070149
0.36446
0.36468
0.30451
-0.053607
0.40902
-0.96492
-1.4939
-0.99463
-0.40085
-0.002566
-0.15192
-1.0125
-1.7667
0.51725
0.5554
-0.93617
0.84004
-0.90074
-0.87626
-0.51354
1.1622
-0.53161
0.031506
0.086974
0.42687
1.061
0.6185
0.39395
0.25893
-0.5668
-0.072317
0.012635
-2.0099
0.27328
0.10108
1.8207
-1.0428
0.43875
0.26556
-0.92913
-0.02379
-1.127
0.44429
-1.3232
0.01114
0.13124
-0.011259
-0.41862
-1.2915
0.072333
-0.45865
0.58212
0.47989
0.308
-0.14226
0.032682
-1.0401
0.7058
-0.35054
0.46275
-0.9279
-2.5018
-0.27469
-0.11477
0.44531
-1.3929
-1.3508
-1.5195
0.51957
-2.3199
-0.56796
-0.13567
0.13637
-0.18995
0.48907
1.2722
0.016508
-2.0907
0.22304
0.5454
1.2672
0.087157
0.0017227
-0.032881
-0.062335
0.40652
0.25293
-0.76632
0.097483
0.5499
-1.7126
-0.72685
-0.46854
0.20447
0.56482
-0.8875
0.9705
1.5773
-0.58037
0.51234
0.54923
0.071475
-1.7993
-0.016327
-0.46439
-0.96413
-0.57822
-0.48005
1.283
0.27271
-0.12561
-0.66843
-0.07321
-1.1507
-0.13074
0.6933
-0.54325
0.42097
0.73175
0.40233
-0.58976
0.16983
-0.90495
-0.095027
0.00028985
0.36002
1.4678
-0.43262
-0.079603
-0.52978
0.54489
0.20572
1.1022
0.56076
0.85091
-1.0915
-0.029398
-2.2802
0.52801
0.44032
0.13393
-0.17109
-1.0418
0.25109
1.3056
-0.58495
0.57255
-1.6189
-0.21473
0.43808
0.42419
1.1351
-0.43025
-0.964
-0.93024
-0.51951
-0.20771
0.51778
0.39858
0.050939
0.7406
-0.40492
-0.41812
0.15065
-0.68695
1.3579
-0.5691
-2.7061
-0.067603
1.4015
-0.80824
-1.0792
0.71528
0.37232
-0.26042
0.020323
-0.40842
-1.082
0.13604
-0.0030013
0.4044
-1.3293
-0.68622
0.70999
-0.33865
-0.79997
1.7096
-0.26466
0.60382
1.2808
0.10809
-0.53515
0.68779
1.0845
0.69622
0.27655
-1.0401
0.75546
0.38119
-0.28419
-0.50481
-0.70763
-0.50765
-0.82419
0.33951
0.50501
-0.98914
-1.1629
0.21563
0.15161
0.15783
-0.94378
-0.50632
-1.2836
0.1026
-0.57137
0.48999
0.73872
0.48093
-0.14872
-0.036632
1.0263
0.12115
-0.63801
0.49727
1.072
-0.010338
0.47417
0.30997
1.9009
0.14275
0.55286
-0.50575
-1.0375
0.44909
-0.72835
-0.95765
0.46301
-1.1442
0.015503
0.7661
0.67775
-0.70301
-2.7662
0.58891
-1.232
0.41282
0.43231
-0.35062
-0.19709
0.86181
-0.061417
-0.64224
-0.53249
0.42079
0.14818
-1.008
0.56862
-0.27572
-0.40044
-1.0378
0.53911
-1.0375
-0.33142
-0.57297
-1.2142
0.26307
-1.4253
-0.24297
-1.0032
-1.0481
-0.05881
-0.0010057
0.63536
0.22354
-0.021294
-0.99108
-0.94861
0.17553
0.72318
-0.68565
1.2959
0.52213
0.068642
0.92759
0.40548
-0.091735
1.1559
-1.4175
-0.13082
0.58159
0.57238
0.20509
-1.2027
1.2116
-1.0046
0.74641
0.020866
-1.9708
0.99849
-0.38296
1.2197
0.92661
0.53909
-0.77236
0.87739
0.32097
0.063868
0.7059
-0.87956
0.15927
0.049209
2.0068
0.48223
0.50057
-1.1814
0.38407
0.60263
-0.30765
-0.99198
-0.12122
-1.0792
-0.034159
0.42301
0.10491
1.1171
0.83121
-1.0377
0.086957
0.16498
2.0064
-0.11424
-0.49859
-0.68987
1.8916
-0.10851
0.10878
0.40148
-0.64109
0.28309
0.28186
-1.1682
-0.90258
0.8033
0.43639
-0.26265
0.53612
-0.12269
-0.14282
0.15968
-0.47842
0.44864
-0.36347
-0.12693
-0.77921
-0.72569
-0.57033
0.16296
1.664
0.69423
-0.94799
0.62366
0.52018
0.1355
1.0749
0.73173
0.53238
0.34383
-0.61538
0.40738
1.0301
0.17179
-1.023
1.2464
0.65162
-0.63627
-0.99857
-0.2187
0.21313
0.17798
0.56593
0.21905
0.54122
-0.033329
-1.0251
0.040028
-0.20528
1.4056
-0.56651
0.55048
-0.33041
0.74491
-1.09
-0.59161
-0.57807
0.43129
0.5619
-0.17945
0.18087
-0.57371
0.060865
-0.14021
0.41216
0.082635
-0.31927
-0.50722
0.02018
0.0024656
-0.029933
-1.1893
-0.50571
-1.4973
-0.54152
-0.84555
-0.056094
1.5992
0.30484
-1.6892
-0.47723
-0.48426
1.7382
-0.6552
-0.4643
-0.477
-0.058864
0.56394
-0.56319
-0.73267
-0.52934
0.079964
1.5794
1.5111
0.082547
0.34279
-0.44854
0.30375
0.10787
-0.40096
-0.22977
0.50443
1.3961
0.017784
0.60386
-0.047839
1.4617
-0.26397
-1.0083
0.064038
0.1176
0.48203
-1.2444
-0.93624
1.4003
-0.13702
0.46542
0.37933
0.4523
-2.1716
-1.3922
0.15179
0.25373
0.23118
1.4556
0.23765
-0.86357
-0.11676
0.99655
0.072949
-0.061309
1.089
0.28902
-0.58871
0.071944
2.5297
0.8036
-1.0658
-1.217
-1.1546
-0.32262
-0.34702
-0.5695
-0.54054
-0.9834
-0.58002
-0.055585
0.29181
0.47433
-0.47184
0.97719
0.61787
-0.41759
0.13524
0.99931
-0.62277
-0.60973
0.019269
-0.70312
-0.58935
0.25555
0.68092
0.63723
-1.659
-0.53613
0.55513
-0.55157
0.57833
0.56852
0.078544
0.45371
0.50885
-1.2179
0.92132
-0.009946
-0.15635
-1.007
-0.1289
-0.83848
-1.1706
-0.29422
-0.96893
0.063798
-0.42051
0.15448
-0.54629
-0.26494
0.62805
1.575
-0.92099
0.45768
-0.39896
-1.3769
-1.077
-0.012648
1.9815
-1.1264
-0.48834
1.3097
0.16137
-0.35265
-0.90618
-0.5078
-0.52413
0.12605
-0.63885
-0.47034
-1.0271
-1.0595
0.037061
0.14314
-0.92229
0.45962
-0.69469
-0.52038
0.12095
0.46511
-0.1868
0.11751
-0.041319
1.0146
-2.0051
0.91877
0.02661
-0.97908
0.041094
-0.0257
-0.40358
0.068533
-1.6821
0.21314
0.5974
1.9115
-0.041255
0.46843
0.81347
1.005
-0.90654
0.43554
-0.23916
0.01185
0.62986
-1.3458
1.4065
0.66604
-0.47912
-0.061631
-2.125
-0.58903
0.71084
-0.37878
0.074085
-1.0654
2.0884
-0.9863
0.53551
0.00062237
0.39844
-0.14248
0.16334
0.70517
-0.85779
-0.44422
-0.70967
-0.56396
0.15301
-0.66468
-1.1209
-1.0124
0.43363
-0.85229
-0.0093402
1.5664
0.307
0.58019
-0.46959
-0.28107
-0.45693
-0.3796
-0.91277
-0.28918
0.72192
-0.12569
0.59712
1.2311
-1.1095
-0.91455
0.31361
0.4963
-0.43928
0.07875
-0.01475
0.069689
-0.50972
-0.94555
0.30054
1.7403
-2.2711
0.60697
-1.3002
0.44831
-1.0236
0.39518
-1.0605
-0.08473
0.60844
0.41993
0.21178
-0.044928
-0.32644
0.084673
1.3914
0.48869
-0.70931
0.18865
-0.41793
-0.076256
1.394
-0.28904
0.37554
0.0014198
0.18699
0.1761
1.0691
-0.52825
-0.30687
0.63954
0.012994
-0.5048
-1.8403
-0.36719
1.1934
1.0348
0.71176
-0.3432
-0.87194
0.55881
-0.42405
0.69996
-0.073581
-0.46302
0.57944
-0.41286
-1.1388
-0.42682
-0.95926
-0.91285
-0.95399
-1.1926
-0.32722
-0.89775
1.3838
-0.006244
0.25156
2.1203
-0.35511
0.53387
1.2122
-0.06742
0.65995
-0.69855
-0.46143
0.53384
-0.37605
0.58343
-0.94432
-0.28532
-1.342
0.12395
0.43976
-0.20999
0.35621
0.13994
0.54632
-3.2737
0.0071279
-0.91674
0.22449
-0.029609
0.10968
-0.15201
1.8641
2.7197
0.30517
1.4101
0.39675
-0.088578
0.01119
-0.37211
-0.29692
-0.62288
1.0257
0.23403
1.264
-1.0902
-0.4137
-0.44493
-0.70892
-0.10393
-0.086879
-1.7416
0.57084
-0.99834
-0.44265
1.1568
0.026197
-0.63568
-0.10463
-0.05505
0.091243
0.16638
-0.52219
0.61439
0.16723
-0.04228
0.11168
0.56543
-1.0031
0.58631
-0.81547
-0.97573
-1.069
-0.066895
0.18439
0.085201
-1.1371
-0.044838
0.19119
-0.87716
-1.1004
0.76843
0.42159
0.53271
0.4014
0.54695
2.3989
-0.30624
0.13946
0.12323
0.45557
-1.1057
-1.5425
-1.0796
-0.068702
0.067162
-2.1406
0.15966
-0.20705
0.25584
-0.40332
-1.5024
-1.0283
1.1956
0.32554
-1.0719
0.65108
-0.0018161
-0.46537
-0.79649
-0.28099
0.31916
0.49699
-0.091063
0.19069
0.066185
1.4941
-0.95894
1.1003
0.36444
-0.97809
0.061881
1.7265
-0.90787
-1.2346
-0.085402
-0.22593
-0.50304
-0.89203
-0.16437
-0.080911
0.56183
0.51774
-0.98405
-0.17588
0.19584
-1.2502
-0.63786
-0.9348
-1.3502
0.83849
-0.16559
-0.21833
0.028467
-0.034345
0.50578
-1.1623
0.061299
0.66856
-0.87901
-1.5085
-0.61815
0.1177
0.42891
0.21855
0.036045
-0.50567
-0.39353
0.039707
-0.5701
0.7286
-0.067755
0.49524
-0.50086
-0.4759
-0.54847
0.922
0.13758
-0.24002
-0.98528
-0.94469
0.016829
0.62735
-0.1743
0.54598
-1.4283
0.90231
0.7257
0.27555
0.70076
-1.1949
-1.0732
0.2202
-0.83227
-0.47432
-0.5375
-0.51094
-0.52095
1.5893
0.013428
-1.4756
-2.3792
-0.66983
0.79379
-0.35534
-0.061095
0.90521
-0.9987
-0.90811
0.55402
-1.3105
-0.079171
0.83215
-0.4041
0.47223
0.1343
1.7301
0.55395
-0.53112
-1.2186
0.26606
-0.38045
-0.41891
0.19919
0.37023
-0.67145
-0.49011
0.32791
2.0657
-0.92138
-0.88534
-0.7207
-1.0766
0.10378
-0.92556
0.71515
-0.00017547
-0.023164
0.52969
-0.99849
0.10208
-0.94562
-0.070669
-2.2983
0.91711
-0.12255
-0.083204
-1.0784
0.15982
-0.64047
0.80848
-0.49147
0.28121
-0.13647
0.11048
0.685
1.0362
0.56123
-0.078594
0.37688
-0.27797
0.086149
0.18453
-0.98789
-0.5176
0.4565
-0.33149
-0.60338
0.0083858
0.55011
0.49201
-0.77063
-0.56702
-0.059352
-1.0768
-1.4998
-0.94222
1.7496
0.32363
-0.32012
-1.7849
-0.97388
-0.80637
0.03652
-1.0422
0.05313
0.75884
0.11742
0.065639
-1.6099
0.14348
-0.041442
0.93353
0.016885
-1.0889
-0.35319
-1.0604
-0.45861
-0.5938
-0.99983
