1.114
-0.86732
-0.1719
-0.0571
-0.81847
-1.6917
-0.80487
-1.3405
-1.6976
0.70133
1.5265
0.064999
-0.47664
1.4866
1.1977
1.3454
-0.84737
-0.35333
0.377
-1.3881
0.77438
-1.8029
-0.031997
1.2622
-0.068371
0.58218
0.1049
0.27236
0.55709
1.5095
0.98511
-0.45931
-0.030079
-1.5386
1.2036
-0.54026
1.0456
-1.144
-0.59248
-0.65202
0.60006
-0.33852
0.71993
0.40854
-0.29323
0.23124
0.24738
1.257
0.12261
0.96312
0.23102
-0.54196
2.2052
-0.58392
-0.2908
-1.3138
0.66413
1.1466
0.94325
0.036853
0.059886
0.97872
-1.1935
0.29608
-0.023376
1.5616
-0.69768
-1.2664
-0.08987
1.0794
-0.082836
-1.0112
-0.32839
-0.19747
0.69274
0.67579
-0.791
1.5284
1.9177
-0.22224
0.39763
0.35783
-0.47748
-0.01529
0.72437
-0.13686
-1.2979
0.21409
-1.9263
-2.4577
1.6699
0.50443
-0.40609
-0.79298
-1.3942
1.0297
-0.17854
-0.043474
-1.2629
1.3608
1.0355
-0.080898
-1.2399
0.017581
0.59166
1.0582
0.027966
1.1754
-0.1378
-2.5615
0.030212
-0.18127
-0.005503
-0.59024
-0.50586
0.71363
0.45212
-1.1517
0.55945
-2.9215
2.7512
-1.5386
2.0559
-0.6899
0.65294
-1.8776
0.15359
2.2735
1.0904
0.16197
0.94826
0.26469
1.6081
0.46652
0.63804
-0.24588
-0.24074
-0.2532
0.71818
-1.4261
0.021632
-0.59734
1.8171
-0.10928
-2.5346
0.62677
0.63006
-1.3711
1.1293
0.33868
0.83301
0.17066
-0.66944
1.7525
0.16626
-0.27026
-0.95911
0.62592
-0.2189
-1.544
0.20032
0.40181
-0.11308
0.48139
0.50447
2.3963
-1.6158
0.39176
0.30197
0.57609
0.25873
-0.85141
-0.54034
0.46367
0.99435
0.42935
-0.52939
0.038013
-0.7497
-1.8322
0.42334
-0.091754
0.93804
-1.0764
-0.55335
0.7216
-0.295
1.1679
0.19841
1.6098
1.0253
-0.97492
-1.3675
-0.10477
0.35185
1.4063
-0.35352
-0.044012
1.3775
1.5236
-0.4279
-0.96762
0.40389
0.20198
-1.1271
-0.89262
-1.1762
-0.10282
-1.3521
1.0531
-0.52662
0.60284
-0.53287
0.42488
-1.4185
-0.17086
0.65677
1.2338
-0.13261
0.059907
0.75329
-0.50893
1.1811
0.73867
0.66486
-0.38878
0.42102
0.43043
0.33693
-1.3587
-0.86412
-0.63829
0.85878
1.0991
0.7854
0.13043
1.5123
-1.4449
-0.56955
0.6417
0.48608
-1.5431
0.020529
-1.5241
0.87306
-0.51273
-0.28899
0.82058
0.2047
0.46706
-2.282
-1.1229
-0.071987
-0.26516
1.0282
0.067919
-1.1769
-1.0899
0.5133
-0.82196
-1.6579
-0.96629
-0.19169
-0.86194
0.55126
0.86913
-1.3516
-0.10112
-0.029225
0.41528
-2.615
-0.76803
1.6891
-0.429
-0.25307
-0.24223
-0.26516
1.1824
-2.0788
1.6912
-1.3414
-1.7673
-1.1533
0.04944
-1.0856
0.50876
-1.3187
-0.26779
0.90695
-0.25056
-0.84425
0.69406
-0.99704
-1.1793
-0.13468
-1.6869
-0.093903
-1.5828
2.0088
1.8983
0.55197
0.77182
0.23726
0.44733
-0.93748
0.3143
-0.28027
-0.39288
0.6127
-0.68197
0.8794
2.6487
-0.48766
-0.081151
0.16328
0.2817
0.042194
1.0345
-0.14684
0.0026052
-0.27128
-0.4234
0.24205
-1.1692
-0.43511
0.17318
-0.20419
-0.19616
-0.98375
0.018179
0.13313
2.7035
0.74362
1.7349
1.9043
-0.50286
0.16929
-0.23847
0.57891
-0.078976
0.46248
-0.26656
0.060937
0.37485
0.25361
-0.65921
1.2825
-0.17772
-1.2926
0.56249
-0.87509
-0.93109
-0.54628
0.70188
0.62103
0.77536
-0.020686
0.87419
0.56848
1.0735
-0.059288
-1.0022
-0.28301
1.4416
1.4873
-0.98903
0.38397
1.7567
-0.24521
-0.25703
-0.60171
0.10751
-0.54889
-0.30774
-0.17781
1.2809
-0.77245
1.074
-1.0945
1.0623
1.2367
-0.59359
0.046458
-1.5844
0.13181
-0.15191
-0.73796
1.3615
1.7932
0.3911
-1.078
-1.0865
0.052672
-0.62564
-0.25295
0.55003
1.0608
1.2166
0.89245
-1.067
-0.89881
-2.7214
-0.28286
-0.01592
0.83629
-0.07558
-0.84844
0.24925
0.87956
1.5835
-0.15518
0.24978
-0.032993
-1.1008
-0.16312
0.90114
2.1951
-0.37383
1.1524
-0.34117
-2.6753
-0.68604
1.1943
-0.97371
-0.42351
0.61798
-0.54384
0.8918
-0.36845
-0.023886
-1.3467
-0.46979
0.46987
1.1074
0.84854
-0.973
0.8611
-0.98558
2.0007
-1.218
0.11584
0.44518
-0.43409
-1.005
-0.27486
0.62566
0.75431
0.19288
-1.6608
1.0691
-1.0833
-1.9079
-1.3015
-0.43484
0.7058
0.96241
-1.3728
0.97185
0.99042
0.89036
-1.0632
0.17652
2.049
-0.25639
0.18597
0.2712
0.33814
-1.1545
-0.0064851
-1.3457
-0.90188
-0.44314
-0.33629
-1.1962
1.5521
-0.08232
-0.41933
0.1055
-0.056809
0.89728
-3.1431
0.24972
1.8751
0.57597
-0.42064
0.4362
-0.37642
-0.16803
0.061946
0.73841
-0.38743
0.086877
0.29276
0.7631
1.5749
-0.75666
0.7083
2.645
-0.081063
1.0484
0.1562
0.23961
2.6504
0.21562
0.49468
0.098929
1.2302
0.64634
0.065843
1.5687
1.6493
-0.11107
2.3734
-1.1073
1.3147
-0.051107
-1.7132
0.17074
0.23435
0.46595
0.52898
0.19087
-0.90465
0.51196
-1.8399
0.79076
0.14566
0.63939
-1.2733
-0.59832
0.46903
-0.29891
0.22044
-1.2939
1.2233
2.0613
1.1138
1.0308
-0.049947
-0.062698
1.1159
-0.58406
0.72914
1.9461
-0.052802
1.633
-1.5199
-0.44976
-1.0012
2.5075
-0.054542
-1.2924
-0.92473
0.30324
-1.5602
-0.53194
-1.2778
1.872
0.3369
0.10626
0.27526
0.72492
-1.5482
0.68597
-1.2429
-0.06419
0.70233
1.9295
-1.3158
-0.22848
0.43182
1.0506
-0.28213
-0.72383
-0.90083
1.2569
-0.13269
-0.74322
-0.40609
1.6648
0.62685
1.6573
-0.019416
0.40768
1.7518
-1.0603
-0.61506
0.081063
0.7698
-1.2147
1.2488
-0.77587
-0.081861
0.1925
1.6045
-0.98843
-1.0275
-1.1794
1.4771
-0.12195
0.26185
1.7453
1.3975
0.34223
0.076089
-0.086911
2.5359
-0.29138
1.6034
0.67202
1.0496
-0.46685
1.6268
-1.1017
0.71046
1.412
0.9848
0.82644
0.57565
0.37026
0.10522
0.11818
1.0315
1.9262
1.4905
-0.51276
-0.21825
-1.2323
-0.86604
0.42321
-1.3332
1.156
0.66445
0.83395
0.49526
-2.1529
-1.6759
0.35093
0.091797
-1.0248
1.7275
-0.59479
0.055765
-0.88678
0.033899
0.44338
-0.15168
1.7704
-1.9239
-0.20207
1.4543
-1.5979
-0.61612
0.54791
1.1996
1.294
-0.12947
-0.67045
-0.99582
-0.33484
-0.2716
-0.85322
0.020956
-0.25415
0.35579
-0.8613
-1.5449
-0.44395
-0.17732
-0.49968
-1.0039
0.24959
0.23642
-0.44184
0.65969
-0.072857
-1.3584
1.3358
-1.1932
-1.2674
-1.9266
-1.2963
0.82246
0.62892
-0.25889
-0.567
0.67842
0.93787
0.77534
0.47468
0.72928
-0.22937
-0.068573
0.032449
-0.87058
0.018208
-1.3884
0.82742
-0.094076
1.3692
1.3169
-0.3048
0.37224
-1.6451
-0.33603
0.027917
-1.0444
0.19286
-1.5747
-0.18079
0.41913
0.47601
-0.46779
-1.6201
1.1489
-0.71419
2.0608
-0.85521
1.7064
-0.26206
-1.6435
0.62604
0.75272
-1.775
0.21369
0.50809
0.60719
-0.023419
-0.223
2.1517
-0.77716
-0.55307
0.49753
-0.61433
0.048057
0.31901
0.81149
-1.5042
1.6648
0.64992
0.66999
-2.4502
0.92221
-0.28513
-0.76758
-2.1253
-0.2008
1.6065
-0.71673
0.32205
-1.3894
-0.83932
-3.0868
0.087217
1.6612
-1.4077
0.75905
-0.50639
-0.68614
0.85352
0.6628
-0.062963
0.59938
-1.0997
0.082894
0.74216
-0.43222
-0.56467
-1.3327
1.0902
1.7837
-0.49476
0.85696
2.9479
1.0521
-1.0903
-1.2573
-0.72187
0.44986
-0.8133
0.90859
-1.6516
-0.51447
-1.9899
-1.4197
0.95797
-0.064338
-1.1066
-0.49709
-1.4765
1.0029
0.8943
-0.42359
0.78801
-1.2658
-0.78517
-0.13215
-0.90511
1.4983
-1.6887
-0.80325
0.26716
0.94334
-0.41315
-2.3741
-0.22889
-0.81642
-0.15681
-2.0333
-1.1541
-1.5304
1.6807
0.36251
0.44843
-2.2198
0.077719
-0.68973
-1.4243
-0.76772
0.54335
-0.71509
-0.12021
-0.2539
-1.0033
-0.65518
0.30297
0.65658
-0.24185
-0.47878
-0.82901
-0.9076
1.3609
0.22598
-1.145
-1.7364
-0.39225
2.3235
-0.81154
-1.3266
0.32487
-0.069089
1.772
0.25405
1.11
1.3985
1.0095
1.1944
-0.87406
-0.71815
-0.74124
-1.154
0.51141
0.7668
0.57729
-1.2615
-1.118
-0.37773
0.70074
-0.85481
1.3118
-0.80671
-0.71757
1.4335
0.97158
-1.1041
0.97433
-0.062779
0.085169
0.45438
2.8478
1.7393
0.096894
-1.688
-1.0884
-1.4167
-0.06218
-0.027243
-0.12753
0.5205
2.0198
0.7589
0.17969
0.48717
1.1189
0.33291
-1.1123
-0.52635
1.0924
1.3208
1.6846
1.141
0.13151
1.0457
-0.35722
-1.7282
-0.55568
0.22762
-0.16227
0.96529
-0.25977
-0.21832
1.5306
-0.72944
-0.6696
-0.33527
-1.1102
1.4171
-0.6641
1.6016
0.19489
-0.44859
1.1834
2.046
1.2098
0.016765
-2.2104
0.42804
-1.0146
-1.3288
-0.04764
-0.87675
-0.88453
-0.76896
0.34936
-0.29585
0.69485
-0.55255
-0.65291
2.6851
0.54308
1.6819
-1.6597
-1.4834
0.15143
0.2657
-1.5929
-0.32664
0.63226
3.296
0.99566
-0.46384
-1.5071
1.3634
0.17657
-0.46804
-0.75889
0.52626
1.9723
2.3981
-0.68174
0.21109
-0.84687
-1.241
0.64171
1.4349
1.7129
0.071521
-0.85926
-0.70377
-0.37567
1.4353
1.6991
-0.097596
0.21941
-0.14316
-0.16123
-0.48548
0.78944
0.30928
-0.99846
0.012857
-0.72908
-0.40818
1.2332
-0.95824
1.4811
-0.41992
-1.5655
0.66817
0.59785
0.40136
0.14078
1.049
-0.53612
0.63622
1.2622
0.53235
-0.55807
-0.094149
-0.67734
-1.7556
-1.4041
0.88381
-0.80554
-0.38902
0.65692
-1.1645
1.4383
-1.3511
-0.8402
