0.699060,0.289820,0.289835,0.291948,0.312460
-1.213900,0.198854,0.187097,0.197450,0.190960
1.305300,0.194629,0.197232,0.196583,0.170180
-0.121350,0.342935,0.352597,0.348037,0.396020
0.299530,0.332010,0.344840,0.337389,0.381440
-1.256300,0.190521,0.178119,0.188741,0.181220
-1.899000,0.081968,0.068476,0.078963,0.065744
-0.037593,0.343802,0.354215,0.348968,0.398660
-2.284700,0.038992,0.021682,0.035005,0.029339
-0.869880,0.265486,0.267316,0.269049,0.273270
-0.259020,0.338185,0.347711,0.343522,0.385780
0.565700,0.306607,0.311979,0.310031,0.339950
-0.248710,0.338686,0.348145,0.343991,0.386790
-1.080500,0.225281,0.216293,0.225493,0.222530
0.048817,0.343109,0.354427,0.348436,0.398470
-0.634390,0.303213,0.318000,0.309319,0.326230
0.728530,0.285841,0.284969,0.287729,0.305950
-1.584200,0.130168,0.116604,0.127369,0.113740
1.930100,0.085775,0.062452,0.080609,0.061937
-0.927360,0.254912,0.252870,0.257550,0.259520
-2.940400,0.007527,0.002627,0.006174,0.005289
0.932040,0.256338,0.253759,0.257487,0.258390
0.425370,0.321562,0.332312,0.326266,0.364430
-0.555840,0.313255,0.328386,0.319549,0.341840
-0.386280,0.330014,0.341570,0.335867,0.370260
-0.128850,0.342783,0.352393,0.347886,0.395640
0.329430,0.329807,0.342408,0.335076,0.377870
-0.336850,0.333629,0.344148,0.339267,0.376940
1.365400,0.183065,0.183383,0.184561,0.157070
-0.218360,0.340023,0.349369,0.345245,0.389540
-1.240000,0.193716,0.181557,0.192072,0.184930
-1.115100,0.218430,0.208539,0.218163,0.214250
0.404310,0.323520,0.334828,0.328375,0.367630
-0.437990,0.325622,0.338454,0.331685,0.362450
-1.055800,0.230153,0.221935,0.230728,0.228490
1.414400,0.174918,0.173627,0.176209,0.146710
-0.622730,0.304792,0.319770,0.310948,0.328630
-0.699910,0.293789,0.306517,0.299473,0.312270
-1.433500,0.156807,0.142516,0.154140,0.142790
0.639870,0.297535,0.299727,0.300211,0.325090
0.975010,0.249720,0.247686,0.250930,0.248020
0.677320,0.292699,0.293457,0.295019,0.317170
1.244800,0.205276,0.208222,0.207304,0.183840
-1.982300,0.071064,0.055250,0.067799,0.055930
-0.646350,0.301562,0.316099,0.307610,0.323740
-0.405010,0.328496,0.340501,0.334429,0.367530
1.450200,0.168347,0.164865,0.169269,0.139380
1.068000,0.234969,0.234792,0.236481,0.225550
-0.110590,0.343131,0.352874,0.348234,0.396510
0.788910,0.277434,0.275241,0.278922,0.292250
0.336990,0.329221,0.341740,0.334457,0.376920
0.375480,0.326068,0.338001,0.331105,0.371790
-0.294760,0.336264,0.346138,0.341729,0.381980
2.160000,0.057220,0.042882,0.052629,0.038707
0.612690,0.300942,0.304265,0.303888,0.330670
0.944090,0.254495,0.252043,0.255654,0.255480
-0.777220,0.281544,0.289928,0.286421,0.294940
-0.304430,0.335694,0.345695,0.341197,0.380880
-0.912660,0.257654,0.256553,0.260532,0.263050
0.038151,0.343282,0.354487,0.348587,0.398650
1.396100,0.178261,0.177930,0.179713,0.150540
2.080900,0.066015,0.048344,0.060972,0.045774
-1.202500,0.201105,0.189531,0.199813,0.193610
-0.086094,0.343485,0.353432,0.348597,0.397470
-0.927250,0.254933,0.252898,0.257572,0.259540
0.360410,0.327337,0.339533,0.332458,0.373860
-0.644730,0.301787,0.316361,0.307844,0.324080
0.551360,0.308275,0.314276,0.311844,0.342690
-1.304300,0.181186,0.168110,0.179061,0.170400
-0.165730,0.341858,0.351269,0.346987,0.393500
-0.309510,0.335386,0.345459,0.340910,0.380280
0.229600,0.336449,0.349306,0.341965,0.388560
0.155710,0.340020,0.352397,0.345527,0.394140
0.403320,0.323610,0.334942,0.328472,0.367780
0.807090,0.274841,0.272388,0.276236,0.288050
0.979530,0.249017,0.247054,0.250237,0.246920
1.309600,0.193864,0.196397,0.195805,0.169230
-0.112560,0.343097,0.352824,0.348199,0.396420
-0.089335,0.343446,0.353364,0.348556,0.397350
-0.572180,0.311282,0.326512,0.317564,0.338700
0.966600,0.251025,0.248865,0.252218,0.250050
-1.677100,0.114853,0.102442,0.112077,0.097752
0.542250,0.309320,0.315717,0.312980,0.344400
1.189100,0.214865,0.217259,0.216813,0.196740
0.554550,0.307907,0.313768,0.311444,0.342080
-1.894800,0.082540,0.069146,0.079546,0.066266
-0.429640,0.326374,0.338995,0.332406,0.363770
0.564950,0.306695,0.312100,0.310126,0.340100
-0.083795,0.343511,0.353479,0.348626,0.397540
-1.170400,0.207460,0.196435,0.206512,0.201120
-0.606290,0.306967,0.322127,0.313179,0.331960
-0.757850,0.284719,0.294346,0.289827,0.299360
0.241690,0.335754,0.348648,0.341258,0.387460
-0.884070,0.262914,0.263746,0.266253,0.269890
1.375600,0.181991,0.182591,0.183599,0.154880
-0.736780,0.288093,0.298967,0.293431,0.304110
1.759200,0.112655,0.088998,0.108961,0.084898
1.453500,0.167740,0.164036,0.168624,0.138720
0.958500,0.252278,0.250004,0.253457,0.252010
-1.441100,0.155413,0.141098,0.152730,0.141230
0.164260,0.339666,0.352115,0.345181,0.393600
1.208100,0.211618,0.214274,0.213606,0.192300
0.181950,0.338885,0.351472,0.344411,0.392390
-0.793300,0.278858,0.286155,0.283530,0.291240
0.079085,0.342485,0.354120,0.347873,0.397700
1.739500,0.116010,0.092962,0.112585,0.087870
0.639010,0.297644,0.299871,0.300329,0.325270
1.520400,0.155405,0.146726,0.155415,0.125590
-0.684480,0.296091,0.309453,0.301896,0.315630
0.225810,0.336660,0.349502,0.342180,0.388900
-1.397700,0.163435,0.149345,0.160868,0.150220
1.396700,0.178151,0.177790,0.179598,0.150420
0.952830,0.253152,0.250805,0.254322,0.253380
1.034000,0.240431,0.239497,0.241814,0.233740
-2.666500,0.015645,0.008937,0.013223,0.011400
0.168130,0.339501,0.351982,0.345019,0.393340
1.706000,0.121811,0.100130,0.118878,0.093094
0.384250,0.325309,0.337070,0.330294,0.370550
0.316880,0.330754,0.343469,0.336072,0.379410
1.517500,0.155940,0.147490,0.155992,0.126140
-0.921200,0.256064,0.254412,0.258803,0.261000
0.048482,0.343115,0.354430,0.348441,0.398470
-0.786500,0.280000,0.287761,0.284759,0.292810
0.178230,0.339055,0.351614,0.344579,0.392660
0.806060,0.274989,0.272548,0.276389,0.288290
0.552320,0.308165,0.314124,0.311724,0.342510
-0.236440,0.339251,0.348649,0.344520,0.387950
0.655900,0.295484,0.297042,0.298005,0.321730
1.475600,0.163669,0.158415,0.164287,0.134300
0.069920,0.342695,0.354235,0.348064,0.397970
0.081742,0.342421,0.354084,0.347814,0.397610
1.748900,0.114404,0.091047,0.110848,0.086448
-0.439360,0.325497,0.338364,0.331566,0.362240
-0.466170,0.322963,0.336495,0.329122,0.357870
-1.266700,0.188488,0.175936,0.186626,0.178840
-0.107110,0.343189,0.352959,0.348293,0.396660
0.224620,0.336726,0.349563,0.342246,0.389000
-0.110110,0.343139,0.352886,0.348242,0.396530
-0.599800,0.307808,0.323012,0.314039,0.333260
0.282210,0.333204,0.346101,0.338632,0.383370
-2.523200,0.022389,0.012881,0.019191,0.016537
-0.811860,0.275702,0.281699,0.280123,0.286940
2.921300,0.011477,0.005445,0.009827,0.005595
1.062000,0.235216,0.234245,0.236523,0.227000
-0.372030,0.331114,0.342345,0.336906,0.372270
-0.917210,0.256808,0.255412,0.259612,0.261960
1.323200,0.191436,0.193704,0.193330,0.166240
-0.437400,0.325675,0.338493,0.331737,0.362550
0.337490,0.329182,0.341695,0.334416,0.376860
-0.149860,0.342292,0.351776,0.347406,0.394490
0.290930,0.332611,0.345479,0.338015,0.382410
-0.550200,0.313921,0.329000,0.320216,0.342910
1.687000,0.125150,0.104423,0.122510,0.096141
1.544200,0.151019,0.140437,0.150675,0.121100
1.227500,0.208277,0.211126,0.210293,0.187820
0.382330,0.325477,0.337276,0.330473,0.370820
-0.945030,0.251586,0.248470,0.253933,0.255260
0.404950,0.323462,0.334754,0.328312,0.367540
-0.960120,0.248721,0.244741,0.250819,0.251620
0.397010,0.324180,0.335662,0.329083,0.368710
-1.429700,0.157505,0.143229,0.154847,0.143570
1.054200,0.237195,0.236704,0.238654,0.228860
0.640620,0.297440,0.299601,0.300109,0.324930
1.375200,0.182063,0.182681,0.183675,0.154970
1.115000,0.227288,0.228201,0.228989,0.214250
1.089400,0.231491,0.231810,0.233089,0.220390
-0.377180,0.330722,0.342068,0.336536,0.371550
0.855600,0.267794,0.264957,0.269013,0.276660
-0.141310,0.342504,0.352035,0.347612,0.394980
0.333480,0.329495,0.342053,0.334746,0.377360
1.336500,0.189052,0.190994,0.190889,0.163330
0.227630,0.336559,0.349408,0.342077,0.388740
-1.515100,0.142118,0.127919,0.139334,0.126600
-0.458620,0.323694,0.337042,0.329829,0.359120
0.136270,0.340765,0.352968,0.346250,0.395260
2.382300,0.037661,0.028921,0.034643,0.023361
2.367700,0.038741,0.029870,0.035633,0.024185
-0.175600,0.341560,0.350937,0.346702,0.392840
-0.496900,0.319850,0.334079,0.326088,0.352610
0.293050,0.332464,0.345324,0.337862,0.382180
-1.323900,0.177411,0.164082,0.175170,0.166080
-1.803800,0.095417,0.083433,0.092593,0.078413
-0.512710,0.318161,0.332700,0.324428,0.349810
0.499470,0.314058,0.322243,0.318133,0.352160
0.776340,0.279211,0.277235,0.280770,0.295140
1.295200,0.196422,0.199165,0.198402,0.172440
-0.458450,0.323710,0.337054,0.329845,0.359150
-0.477870,0.321804,0.335613,0.327997,0.355890
-0.108740,0.343162,0.352920,0.348265,0.396590
0.818630,0.273182,0.270596,0.274525,0.285360
-0.487720,0.320803,0.334835,0.327021,0.354210
-0.254020,0.338431,0.347922,0.343752,0.386280
-0.401540,0.328783,0.340703,0.334702,0.368040
-0.832450,0.272135,0.276656,0.276264,0.282120
2.117100,0.061859,0.045744,0.057000,0.042426
-2.035300,0.064569,0.047245,0.061112,0.050277
-0.441400,0.325310,0.338228,0.331386,0.361910
-0.474390,0.322152,0.335880,0.328335,0.356490
0.839540,0.270147,0.267388,0.271413,0.280450
-1.217200,0.198203,0.186394,0.196767,0.190190
2.310800,0.043202,0.033500,0.039711,0.027631
0.157310,0.339955,0.352345,0.345463,0.394040
0.165100,0.339631,0.352087,0.345146,0.393540
-0.440240,0.325416,0.338305,0.331488,0.362100
0.656420,0.295417,0.296955,0.297933,0.321620
0.831280,0.271350,0.268649,0.272644,0.282390
0.954530,0.252890,0.250564,0.254063,0.252970
0.107920,0.341706,0.353635,0.347147,0.396630
-0.148700,0.342322,0.351811,0.347435,0.394560
-0.837230,0.271298,0.275474,0.275356,0.281000
-0.735180,0.288346,0.299309,0.293700,0.304470
-0.506600,0.318820,0.333245,0.325078,0.350900
-0.198700,0.340780,0.350114,0.345959,0.391140
0.385900,0.325165,0.336891,0.330139,0.370320
0.134950,0.340813,0.353003,0.346295,0.395330
-0.046903,0.343781,0.354100,0.348933,0.398500
-1.768500,0.100660,0.088806,0.097868,0.083512
0.652760,0.295889,0.297568,0.298439,0.322390
-0.264440,0.337912,0.347479,0.343267,0.385230
0.179020,0.339019,0.351584,0.344543,0.392600
0.021148,0.343507,0.354532,0.348777,0.398850
1.037600,0.239856,0.239000,0.241252,0.232880
0.358520,0.327493,0.339719,0.332624,0.374110
1.763300,0.111963,0.088197,0.108215,0.084283
-0.737620,0.287960,0.298787,0.293290,0.303920
2.017800,0.073802,0.053478,0.068563,0.052094
-0.566980,0.311917,0.327124,0.318204,0.339710
-1.291300,0.183702,0.170803,0.181662,0.173300
1.190700,0.214593,0.217011,0.216544,0.196370
-1.585200,0.129999,0.116446,0.127199,0.113560
0.145380,0.340426,0.352712,0.345922,0.394750
-1.414200,0.160367,0.146168,0.157750,0.146770
-0.557890,0.313011,0.328158,0.319304,0.341450
0.315520,0.330854,0.343580,0.336178,0.379570
-1.535200,0.138594,0.124535,0.135800,0.122780
-3.319800,0.002249,0.000130,0.001559,0.001613
-0.638120,0.302701,0.317417,0.308791,0.325450
1.505300,0.158191,0.150697,0.158415,0.128480
-0.405020,0.328495,0.340500,0.334428,0.367530
0.887250,0.263101,0.260250,0.264261,0.269130
0.278970,0.333420,0.346325,0.338856,0.383720
1.858600,0.096491,0.071911,0.091731,0.070931
0.268340,0.334115,0.347035,0.339575,0.384830
0.822990,0.272552,0.269923,0.273878,0.284340
1.387000,0.179919,0.180020,0.181443,0.152470
-0.631580,0.302941,0.317145,0.308884,0.326810
-0.719140,0.290852,0.302670,0.296365,0.308040
0.721820,0.286755,0.286071,0.288694,0.307450
0.768360,0.280332,0.278510,0.281940,0.296970
0.534050,0.310250,0.317000,0.313991,0.345920
0.043775,0.343194,0.354459,0.348510,0.398560
1.021000,0.242498,0.241294,0.243836,0.236900
-0.999250,0.241201,0.235229,0.242660,0.242150
-0.746920,0.286480,0.296769,0.291710,0.301830
-0.207180,0.340464,0.349797,0.345660,0.390470
0.340270,0.328964,0.341444,0.334185,0.376500
-0.099198,0.343312,0.353146,0.348418,0.396980
-0.059500,0.343722,0.353917,0.348859,0.398240
-0.310180,0.335345,0.345428,0.340872,0.380200
0.441140,0.320044,0.330322,0.324626,0.361950
2.799200,0.015512,0.008143,0.013675,0.007934
0.931350,0.256443,0.253858,0.257591,0.258560
-1.809100,0.094642,0.082618,0.091811,0.077669
1.117600,0.226859,0.227831,0.228569,0.213630
1.612500,0.138513,0.122591,0.137081,0.108710
1.334600,0.189393,0.191386,0.191239,0.163730
2.197600,0.053402,0.040500,0.049075,0.035663
-0.734590,0.288439,0.299435,0.293800,0.304600
-1.501700,0.144488,0.130220,0.141714,0.129190
0.808910,0.274580,0.272104,0.275967,0.287620
0.773730,0.279578,0.277652,0.281153,0.295740
1.198500,0.213262,0.215794,0.215231,0.194540
0.533730,0.310286,0.317050,0.314031,0.345980
-0.549990,0.313946,0.329023,0.320241,0.342950
-1.315200,0.179083,0.165865,0.176893,0.168010
-0.488030,0.320771,0.334810,0.326990,0.354150
-0.712360,0.291896,0.304049,0.297471,0.309540
1.518000,0.155848,0.147358,0.155892,0.126050
0.619840,0.300054,0.303075,0.302929,0.329220
-0.703420,0.293258,0.305830,0.298912,0.311510
1.302900,0.195056,0.197696,0.197016,0.170730
-0.671130,0.298042,0.311880,0.303942,0.318500
-1.263700,0.189074,0.176565,0.187235,0.179530
-0.267390,0.337761,0.347352,0.343126,0.384930
-0.631580,0.302941,0.317145,0.308884,0.326810
-0.165970,0.341851,0.351261,0.346980,0.393490
1.393900,0.178662,0.178438,0.180132,0.151010
-1.607500,0.126245,0.112967,0.123450,0.109600
1.048800,0.238063,0.237452,0.239501,0.230160
0.444900,0.319676,0.329835,0.324228,0.361350
-0.301140,0.335890,0.345847,0.341380,0.381260
-1.185100,0.204547,0.193264,0.203437,0.197670
-0.313840,0.335120,0.345256,0.340661,0.379770
-0.724890,0.289960,0.301480,0.295417,0.306770
-2.358400,0.033066,0.018110,0.029191,0.024724
-0.962410,0.248285,0.244178,0.250345,0.251060
1.903300,0.089695,0.065745,0.084644,0.065205
-0.614190,0.305929,0.321015,0.312116,0.330370
-0.127010,0.342821,0.352443,0.347924,0.395740
1.690900,0.124462,0.103529,0.121761,0.095513
-1.624400,0.123434,0.110372,0.120643,0.106650
-1.148000,0.211903,0.201301,0.211217,0.206400
1.510900,0.157158,0.149227,0.157303,0.127410
-0.720210,0.290687,0.302450,0.296189,0.307810
-0.508860,0.318578,0.333045,0.324839,0.350500
0.458900,0.318282,0.327977,0.322719,0.359070
-1.852000,0.088480,0.075937,0.085582,0.071795
0.140110,0.340624,0.352862,0.346114,0.395050
0.947160,0.254024,0.251607,0.255187,0.254740
0.603930,0.302020,0.305720,0.305055,0.332440
0.362160,0.327192,0.339360,0.332303,0.373620
0.703900,0.289173,0.289031,0.291259,0.311400
-0.171270,0.341694,0.351084,0.346829,0.393130
0.289130,0.332734,0.345610,0.338144,0.382610
1.255300,0.203445,0.206412,0.205473,0.181450
-1.239500,0.193815,0.181662,0.192175,0.185050
-0.797010,0.278232,0.285272,0.282854,0.290380
-0.648490,0.301263,0.315749,0.307300,0.323290
-1.163900,0.208748,0.197842,0.207875,0.202650
-0.404240,0.328560,0.340546,0.334490,0.367640
-1.314300,0.179257,0.166050,0.177071,0.168200
0.623390,0.299611,0.302482,0.302451,0.328490
1.207300,0.211755,0.214402,0.213742,0.192490
-1.072200,0.226920,0.218179,0.227253,0.224530
0.353590,0.327897,0.340197,0.333053,0.374770
0.413910,0.322638,0.333702,0.327425,0.366190
0.903570,0.260653,0.257863,0.261799,0.265230
-0.218640,0.340011,0.349358,0.345234,0.389520
0.354630,0.327812,0.340097,0.332963,0.374630
-0.300990,0.335899,0.345854,0.341389,0.381270
-1.282600,0.185391,0.172612,0.183412,0.175270
0.909410,0.259773,0.257015,0.260916,0.263830
0.242420,0.335712,0.348607,0.341214,0.387390
1.902000,0.089888,0.065912,0.084843,0.065370
2.227000,0.050571,0.038681,0.046461,0.033419
0.590120,0.303699,0.308000,0.306875,0.335190
-0.908450,0.258435,0.257611,0.261382,0.264060
-0.555280,0.313321,0.328448,0.319616,0.341950
0.202960,0.337871,0.350597,0.343399,0.390810
-0.957130,0.249291,0.245477,0.251438,0.252340
-0.115790,0.343039,0.352742,0.348141,0.396280
0.045119,0.343172,0.354451,0.348491,0.398540
1.050000,0.237870,0.237286,0.239313,0.229890
1.955700,0.082143,0.059566,0.076910,0.058933
1.200400,0.212937,0.215495,0.214910,0.194100
-0.760050,0.284362,0.293852,0.289444,0.298860
0.227680,0.336556,0.349406,0.342074,0.388740
-0.711440,0.292037,0.304235,0.297621,0.309740
-0.785870,0.280105,0.287909,0.284873,0.292950
0.820020,0.272981,0.270381,0.274319,0.285030
0.532460,0.310429,0.317247,0.314186,0.346220
-1.570200,0.132552,0.118828,0.129751,0.116290
-0.392650,0.329507,0.341213,0.335388,0.369340
-0.985430,0.243871,0.238560,0.245554,0.245500
0.223900,0.336766,0.349600,0.342286,0.389070
0.608290,0.301484,0.304996,0.304476,0.331560
1.015200,0.243417,0.242097,0.244736,0.238290
-0.866410,0.266111,0.268188,0.269728,0.274100
0.286980,0.332881,0.345764,0.338297,0.382850
1.018600,0.242879,0.241626,0.244209,0.237460
-0.442600,0.325200,0.338148,0.331280,0.361720
-0.586770,0.309469,0.324717,0.315729,0.335850
2.038400,0.071184,0.051702,0.065988,0.049965
0.860510,0.267071,0.264220,0.268278,0.275500
0.313520,0.331002,0.343743,0.336333,0.379810
1.118400,0.226726,0.227717,0.228440,0.213440
1.260800,0.202483,0.205448,0.204510,0.180190
0.562760,0.306951,0.312453,0.310405,0.340520
1.051000,0.237710,0.237147,0.239156,0.229630
-0.139370,0.342549,0.352092,0.347657,0.395090
0.205240,0.337755,0.350495,0.343283,0.390630
2.345500,0.040432,0.031300,0.037181,0.025487
-1.201500,0.201303,0.189745,0.200021,0.193830
0.841530,0.269857,0.267085,0.271116,0.279980
0.250390,0.335236,0.348147,0.340727,0.386630
-0.358260,0.332133,0.343069,0.337864,0.374140
-0.781070,0.280905,0.289033,0.285734,0.294060
-0.019716,0.343791,0.354387,0.348985,0.398860
-0.704290,0.293127,0.305659,0.298773,0.311320
-0.752770,0.285540,0.295478,0.290706,0.300510
0.520290,0.311787,0.319121,0.315664,0.348440
-0.062386,0.343704,0.353871,0.348837,0.398170
-0.247680,0.338735,0.348188,0.344036,0.386890
0.571230,0.305956,0.311085,0.309324,0.338890
-0.617290,0.305518,0.320568,0.311694,0.329740
-0.816830,0.274847,0.280490,0.279199,0.285780
0.421660,0.321913,0.332767,0.326645,0.365010
0.611400,0.301101,0.304480,0.304061,0.330930
-0.074599,0.343606,0.353658,0.348728,0.397830
-0.962760,0.248218,0.244092,0.250273,0.250980
-0.383620,0.330223,0.341717,0.336065,0.370640
0.379290,0.325740,0.337600,0.330755,0.371250
-0.022388,0.343797,0.354365,0.348987,0.398840
-0.524820,0.316186,0.330305,0.322292,0.347620
-0.032570,0.343806,0.354270,0.348979,0.398730
-0.299180,0.336006,0.345937,0.341488,0.381480
-0.904440,0.259177,0.258619,0.262188,0.265020
-1.419700,0.159349,0.145120,0.156717,0.145620
-0.748870,0.286167,0.296340,0.291376,0.301390
1.391900,0.179026,0.178899,0.180513,0.151430
-0.445460,0.324935,0.337956,0.331026,0.361260
-0.626980,0.304220,0.319135,0.310359,0.327750
0.667820,0.293941,0.295046,0.296349,0.319200
-1.993200,0.069700,0.053562,0.066396,0.054734
-1.821100,0.092897,0.080764,0.090051,0.075992
-0.248620,0.338690,0.348148,0.343995,0.386800
1.168600,0.218340,0.220385,0.220232,0.201550
-0.395810,0.329252,0.341033,0.335146,0.368880
-0.739070,0.287731,0.298475,0.293045,0.303600
1.365400,0.183065,0.183383,0.184561,0.157060
-0.743440,0.287036,0.297528,0.292303,0.302620
1.274400,0.200096,0.203018,0.202111,0.177100
-0.948190,0.250988,0.247686,0.253283,0.254500
0.125970,0.341127,0.353233,0.346597,0.395790
0.456990,0.318475,0.328235,0.322927,0.359390
0.301220,0.331891,0.344711,0.337264,0.381250
0.248100,0.335374,0.348281,0.340869,0.386850
1.194500,0.213945,0.216420,0.215905,0.195470
0.908900,0.259850,0.257089,0.260994,0.263950
0.493240,0.314725,0.323155,0.318857,0.353250
-2.630800,0.017132,0.009928,0.014520,0.012531
-0.282370,0.336962,0.346695,0.342381,0.383350
0.675010,0.293002,0.293843,0.295343,0.317660
-2.530300,0.022004,0.012685,0.018843,0.016241
-0.789000,0.279581,0.287172,0.284308,0.292240
0.533370,0.310327,0.317106,0.314075,0.346050
-0.076344,0.343590,0.353625,0.348709,0.397780
0.702980,0.289296,0.289184,0.291390,0.311600
0.134400,0.340833,0.353018,0.346314,0.395360
0.934830,0.255912,0.253360,0.257063,0.257720
0.529550,0.310756,0.317698,0.314542,0.346750
1.137400,0.223573,0.224986,0.225359,0.208920
0.971700,0.250234,0.248149,0.251437,0.248820
0.609590,0.301324,0.304781,0.304302,0.331300
0.530440,0.310656,0.317560,0.314433,0.346590
1.205100,0.212132,0.214752,0.214115,0.193000
-2.022800,0.066069,0.049081,0.062658,0.051574
0.562320,0.307003,0.312524,0.310461,0.340600
1.191000,0.214541,0.216965,0.216494,0.196280
-0.566360,0.311992,0.327196,0.318280,0.339830
-0.735670,0.288269,0.299204,0.293618,0.304360
-0.398840,0.329005,0.340860,0.334912,0.368440
-1.467700,0.150577,0.136228,0.147844,0.135870
-1.150900,0.210580,0.199218,0.209676,0.205720
0.224190,0.336750,0.349585,0.342270,0.389040
-0.655140,0.300328,0.314645,0.306328,0.321890
0.658340,0.295170,0.296633,0.297667,0.321210
-0.485650,0.321015,0.335001,0.327228,0.354560
-1.423000,0.158740,0.144494,0.156099,0.144950
-0.183290,0.341313,0.350670,0.346466,0.392300
1.398800,0.177768,0.177303,0.179198,0.149980
0.296520,0.332222,0.345067,0.337610,0.381780
-0.156750,0.342111,0.351560,0.347230,0.394070
0.472940,0.316852,0.326050,0.321167,0.356730
0.585570,0.304247,0.308747,0.307469,0.336090
1.063400,0.235713,0.235430,0.237207,0.226650
0.423290,0.321759,0.332568,0.326479,0.364760
-0.224620,0.339764,0.349123,0.345001,0.389000
-1.152200,0.211069,0.200385,0.210333,0.205410
0.525320,0.311229,0.318350,0.315056,0.347530
0.429530,0.321166,0.331796,0.325839,0.363790
-0.296150,0.336183,0.346075,0.341654,0.381830
-0.802880,0.277236,0.283867,0.281780,0.289020
-0.817770,0.274685,0.280261,0.279024,0.285560
-0.765340,0.283500,0.292656,0.288520,0.297660
1.412800,0.175210,0.174008,0.176516,0.147060
0.540910,0.309473,0.315928,0.313146,0.344650
0.793010,0.276852,0.274594,0.278317,0.291310
1.795200,0.106646,0.082249,0.102505,0.079629
-1.017800,0.237597,0.230808,0.238759,0.237650
-0.655350,0.300299,0.314610,0.306297,0.321850
1.618400,0.137442,0.121088,0.135913,0.107690
-1.253300,0.191108,0.178751,0.189352,0.181900
0.283340,0.333128,0.346022,0.338553,0.383250
0.441980,0.319962,0.330214,0.324538,0.361820
1.977100,0.079193,0.057331,0.073933,0.056511
-0.325480,0.334381,0.344702,0.339970,0.378360
-1.014500,0.238239,0.231590,0.239455,0.238470
-0.764520,0.283634,0.292842,0.288664,0.297840
0.127210,0.341085,0.353202,0.346556,0.395730
-0.969950,0.246844,0.242329,0.248780,0.249240
-0.182980,0.341324,0.350681,0.346476,0.392320
1.365300,0.183858,0.184868,0.185536,0.157080
1.269900,0.200887,0.203829,0.202907,0.178120
0.534560,0.310192,0.316921,0.313929,0.345830
1.516100,0.156198,0.147859,0.156270,0.126410
0.797160,0.276261,0.273942,0.277705,0.290350
-1.426800,0.158039,0.143775,0.155388,0.144160
0.001944,0.343685,0.354507,0.348918,0.398940
1.180300,0.216360,0.218612,0.218286,0.198780
0.814930,0.273715,0.271169,0.275074,0.286220
0.955130,0.252798,0.250480,0.253971,0.252820
-1.195300,0.202529,0.191073,0.201310,0.195290
-0.505520,0.318936,0.333339,0.325192,0.351090
-1.244500,0.192833,0.180606,0.191150,0.183910
-0.196240,0.340868,0.350205,0.346043,0.391330
-1.733500,0.105990,0.094054,0.103214,0.088792
1.816700,0.103139,0.078525,0.098762,0.076599
-0.333610,0.333846,0.344307,0.339470,0.377350
-1.125300,0.216407,0.206283,0.216007,0.211800
-0.098956,0.343315,0.353152,0.348421,0.396990
0.166460,0.339573,0.352040,0.345089,0.393450
-0.065065,0.343685,0.353826,0.348816,0.398100
0.401740,0.323754,0.335124,0.328626,0.368010
-0.364340,0.331689,0.342752,0.337446,0.373320
1.636400,0.134186,0.116562,0.132362,0.104580
1.900000,0.090186,0.066170,0.085152,0.065612
-0.565680,0.312074,0.327274,0.318363,0.339960
-1.445900,0.154536,0.140208,0.151842,0.140250
0.739540,0.284333,0.283169,0.286137,0.303490
-2.095600,0.057617,0.038992,0.053946,0.044392
-0.061658,0.343708,0.353883,0.348843,0.398180
0.363450,0.327084,0.339231,0.332189,0.373440
-1.164600,0.208610,0.197690,0.207728,0.202490
-0.472800,0.322310,0.336000,0.328489,0.356750
1.665400,0.128983,0.109487,0.126688,0.099689
-0.512120,0.318225,0.332754,0.324491,0.349910
1.378000,0.181555,0.182054,0.183147,0.154380
-0.209770,0.340364,0.349699,0.345566,0.390260
1.332200,0.189824,0.191878,0.191680,0.164260
-0.367460,0.331457,0.342588,0.337229,0.372900
1.531000,0.153451,0.143927,0.153305,0.123560
-1.891300,0.083018,0.069705,0.080032,0.066712
-1.780500,0.098862,0.086990,0.096062,0.081748
0.287430,0.332851,0.345732,0.338265,0.382800
-2.069200,0.060602,0.042468,0.057022,0.046900
0.226940,0.336598,0.349444,0.342116,0.388800
-1.576500,0.131477,0.117823,0.128676,0.115140
1.793100,0.106992,0.082625,0.102875,0.079939
-1.855500,0.087986,0.075386,0.085081,0.071336
0.238130,0.335962,0.348847,0.341470,0.387790
0.351230,0.328088,0.340423,0.333257,0.375080
-1.099100,0.221601,0.212105,0.221551,0.218080
-0.599710,0.307820,0.323025,0.314050,0.333280
-0.490380,0.320529,0.334619,0.326753,0.353750
-1.200000,0.201599,0.190066,0.200333,0.194200
-1.375700,0.167559,0.153655,0.165072,0.154860
-1.035000,0.234236,0.226761,0.235129,0.233510
-2.140100,0.052794,0.033693,0.048986,0.040396
0.711820,0.288108,0.287720,0.290129,0.309660
-0.468720,0.322713,0.336306,0.328880,0.357440
0.066086,0.342777,0.354277,0.348139,0.398070
-1.603200,0.126965,0.113633,0.124169,0.110360
2.486900,0.030630,0.022094,0.028137,0.018108
0.389980,0.324806,0.336445,0.329755,0.369730
0.048424,0.343116,0.354430,0.348442,0.398470
1.563700,0.147433,0.135287,0.146787,0.117480
2.396200,0.036657,0.028012,0.033721,0.022600
-0.377950,0.330663,0.342027,0.336480,0.371440
-1.670400,0.115928,0.103441,0.113151,0.098857
-1.082200,0.224945,0.215909,0.225133,0.222130
-0.259930,0.338140,0.347672,0.343480,0.385690
-0.682540,0.296376,0.309812,0.302196,0.316050
-0.209380,0.340379,0.349714,0.345581,0.390290
1.468300,0.165015,0.160285,0.165723,0.135770
1.372800,0.182499,0.183215,0.184127,0.155480
1.495600,0.159980,0.153234,0.160337,0.130370
0.243710,0.335635,0.348534,0.341136,0.387270
1.189300,0.214831,0.217228,0.216779,0.196670
0.394480,0.324406,0.335946,0.329326,0.369080
1.296500,0.196192,0.198919,0.198168,0.172160
-0.538730,0.315253,0.330202,0.321546,0.345050
1.041600,0.239217,0.238447,0.240628,0.231910
-0.028643,0.343806,0.354309,0.348985,0.398780
-2.437600,0.027508,0.015341,0.023899,0.020449
-0.435930,0.325809,0.338589,0.331865,0.362780
1.580700,0.144316,0.130822,0.143399,0.114380
0.832010,0.271244,0.268537,0.272535,0.282220
0.355570,0.327735,0.340006,0.332881,0.374500
-2.298500,0.037826,0.020911,0.033849,0.028422
-1.198200,0.201955,0.190452,0.200707,0.194600
-0.898320,0.260305,0.260158,0.263416,0.266490
-0.582830,0.309964,0.325214,0.316230,0.336630
1.201900,0.212680,0.215258,0.214657,0.193730
-1.006400,0.239814,0.233518,0.241159,0.240410
1.401500,0.177276,0.176673,0.178682,0.149410
1.330400,0.190147,0.192246,0.192011,0.164660
-1.084600,0.224471,0.215366,0.224624,0.221550
-1.215500,0.198539,0.186756,0.197119,0.190580
-0.375370,0.330861,0.342166,0.336667,0.371800
1.114100,0.227437,0.228329,0.229134,0.214480
-1.994400,0.069551,0.053377,0.066242,0.054599
0.302250,0.331817,0.344632,0.337187,0.381130
-1.795900,0.096578,0.084644,0.093763,0.079533
-0.319690,0.334752,0.344979,0.340317,0.379070
-1.035800,0.234080,0.226574,0.234960,0.233310
-0.604870,0.307152,0.322322,0.313368,0.332250
-1.679100,0.114533,0.102144,0.111758,0.097422
0.000073,0.343699,0.354501,0.348928,0.398940
-1.774700,0.099729,0.087869,0.096933,0.082598
-0.140810,0.342515,0.352049,0.347624,0.395010
1.597300,0.141281,0.126501,0.140097,0.111390
0.892930,0.262251,0.259416,0.263405,0.267780
-0.701560,0.293540,0.306195,0.299210,0.311910
0.805320,0.275095,0.272664,0.276498,0.288460
0.874250,0.265038,0.262171,0.266216,0.272230
1.931300,0.085602,0.062312,0.080432,0.061800
1.517400,0.155959,0.147516,0.156011,0.126150
0.052649,0.343041,0.354400,0.348376,0.398390
-0.503250,0.319178,0.333537,0.325430,0.351490
0.542360,0.309307,0.315700,0.312966,0.344380
1.192600,0.214269,0.216716,0.216225,0.195910
-0.038047,0.343802,0.354210,0.348967,0.398650
0.350540,0.328144,0.340489,0.333316,0.375170
-0.018152,0.343787,0.354399,0.348983,0.398880
-1.399900,0.163024,0.148919,0.160451,0.149760
-1.106000,0.220234,0.210563,0.220090,0.216420
0.583000,0.304556,0.309168,0.307804,0.336590
-0.370760,0.331210,0.342413,0.336996,0.372440
-0.077376,0.343579,0.353606,0.348699,0.397750
-1.035300,0.234177,0.226691,0.235066,0.233430
0.447430,0.319427,0.329504,0.323958,0.360940
-0.768080,0.283051,0.292031,0.288039,0.297030
0.817440,0.273353,0.270780,0.274702,0.285630
-0.413050,0.327819,0.340023,0.333785,0.366320
1.981200,0.078637,0.056920,0.073375,0.056047
0.807280,0.274814,0.272358,0.276208,0.288000
-0.122140,0.342919,0.352576,0.348022,0.395980
0.840010,0.270079,0.267316,0.271343,0.280340
1.646000,0.132457,0.114188,0.130476,0.102930
-0.722550,0.290324,0.301966,0.295804,0.307280
-0.789910,0.279428,0.286958,0.284144,0.292020
0.272720,0.333832,0.346747,0.339282,0.384380
0.330200,0.329748,0.342341,0.335013,0.377780
1.687400,0.125079,0.104331,0.122433,0.096083
-0.653640,0.300540,0.314896,0.306548,0.322210
-0.539690,0.315143,0.330104,0.321437,0.344880
0.974810,0.249751,0.247714,0.250961,0.248060
0.211840,0.337413,0.350190,0.342940,0.390090
-0.471660,0.322423,0.336086,0.328599,0.356950
1.428700,0.172297,0.170179,0.173449,0.143760
1.343200,0.187847,0.189601,0.189652,0.161850
-1.208200,0.199979,0.188313,0.198630,0.192280
0.062151,0.342859,0.354317,0.348212,0.398170
-0.234700,0.339328,0.348720,0.344593,0.388100
-0.560330,0.312719,0.327885,0.319011,0.340980
0.056805,0.342964,0.354366,0.348307,0.398300
0.667850,0.293937,0.295041,0.296345,0.319190
0.730270,0.285604,0.284684,0.287478,0.305570
0.087165,0.342285,0.354004,0.346894,0.397430
-0.754480,0.285264,0.295098,0.290410,0.300120
-0.879890,0.263675,0.264798,0.267080,0.270890
-0.240000,0.339091,0.348504,0.344370,0.387620
0.301000,0.331906,0.344728,0.337280,0.381270
-0.524820,0.316186,0.330305,0.322292,0.347620
0.022911,0.343486,0.354530,0.348760,0.398840
-0.627950,0.304089,0.318988,0.310224,0.327560
-0.412550,0.327861,0.340053,0.333825,0.366400
-0.316940,0.334926,0.345110,0.340480,0.379400
0.994110,0.246738,0.245022,0.247995,0.243400
-0.821250,0.274084,0.279411,0.278374,0.284740
-1.906900,0.080899,0.067213,0.077873,0.064758
1.312600,0.193329,0.195810,0.195261,0.168580
0.921250,0.257980,0.255306,0.259124,0.260990
-0.141620,0.342496,0.352025,0.347605,0.394960
1.607200,0.139477,0.123949,0.138131,0.109640
-0.048724,0.343775,0.354075,0.348924,0.398470
-0.441340,0.325316,0.338232,0.331391,0.361920
0.463920,0.317775,0.327295,0.322169,0.358240
-0.123400,0.342894,0.352542,0.347997,0.395920
-1.536100,0.138437,0.124386,0.135642,0.122620
-0.982560,0.244423,0.239256,0.246154,0.246190
-1.227900,0.196095,0.184120,0.194559,0.187730
-1.006500,0.239795,0.233494,0.241138,0.240400
-0.488830,0.320689,0.334745,0.326910,0.354020
1.150700,0.221351,0.223045,0.223184,0.205760
2.033900,0.071749,0.052081,0.066542,0.050421
0.064824,0.342804,0.354290,0.348163,0.398100
1.411300,0.175485,0.174365,0.176804,0.147360
0.510770,0.312834,0.320562,0.316802,0.350150
1.296200,0.196245,0.198976,0.198222,0.172230
0.063341,0.342834,0.354306,0.348191,0.398140
-0.256860,0.338292,0.347802,0.343622,0.386000
1.379600,0.181264,0.181695,0.182844,0.154030
0.613560,0.300834,0.304121,0.303772,0.330490
-0.118880,0.342982,0.352662,0.348084,0.396130
-1.759200,0.102063,0.090207,0.099277,0.084894
-0.735500,0.288295,0.299241,0.293647,0.304400
0.159090,0.339882,0.352288,0.345392,0.393930
0.308070,0.331399,0.344179,0.336750,0.380450
0.270570,0.333971,0.346889,0.339427,0.384600
-0.720420,0.290654,0.302406,0.296155,0.307760
0.202720,0.337883,0.350608,0.343411,0.390830
-1.791300,0.097258,0.085346,0.094447,0.080197
-0.664390,0.299012,0.313064,0.304956,0.319930
-0.829120,0.272717,0.277478,0.276894,0.282900
0.686700,0.291463,0.291891,0.293699,0.315150
1.151000,0.221301,0.223001,0.223135,0.205700
-0.598230,0.308011,0.323223,0.314245,0.333580
1.291100,0.197148,0.199938,0.199137,0.173370
1.792200,0.107141,0.082787,0.103034,0.080061
0.379980,0.325680,0.337527,0.330691,0.371160
-0.651860,0.300791,0.315193,0.306809,0.322580
-1.025800,0.236036,0.228919,0.237072,0.235720
-0.462320,0.323337,0.336776,0.329484,0.358510
0.442350,0.319926,0.330166,0.324499,0.361760
-2.035200,0.064581,0.047259,0.061124,0.050293
0.095134,0.342074,0.353874,0.347492,0.397140
-0.301920,0.335844,0.345811,0.341337,0.381170
0.668370,0.293869,0.294954,0.296272,0.319090
3.000800,0.009310,0.004035,0.007808,0.004421
0.024018,0.343473,0.354529,0.348749,0.398830
2.316800,0.042712,0.033123,0.039264,0.027251
1.100000,0.229756,0.230323,0.231397,0.217850
1.395400,0.178389,0.178091,0.179846,0.150690
0.652500,0.295922,0.297611,0.298475,0.322450
-0.882360,0.263226,0.264177,0.266592,0.270300
1.321900,0.191669,0.193964,0.193567,0.166530
-1.090700,0.223264,0.213991,0.223331,0.220080
0.028376,0.343419,0.354521,0.348704,0.398780
-1.095500,0.222314,0.212912,0.222314,0.218930
-0.248310,0.338705,0.348161,0.344008,0.386830
1.081400,0.232795,0.232928,0.234361,0.222320
1.023400,0.242117,0.240962,0.243464,0.236310
1.448900,0.168587,0.165190,0.169522,0.139650
-0.754180,0.285313,0.295165,0.290462,0.300190
0.270000,0.334008,0.346926,0.339465,0.384660
2.316100,0.042768,0.033167,0.039316,0.027294
-1.333900,0.175495,0.162042,0.173199,0.163890
-1.200100,0.201579,0.190045,0.200312,0.194150
-0.210350,0.340341,0.349677,0.345545,0.390210
0.553510,0.308027,0.313934,0.311574,0.342280
-0.438170,0.325605,0.338442,0.331670,0.362430
1.377300,0.181682,0.182211,0.183279,0.154520
-0.395350,0.329289,0.341059,0.335181,0.368950
1.944800,0.083676,0.060766,0.078466,0.060203
-0.030572,0.343806,0.354290,0.348982,0.398760
-0.118390,0.342991,0.352675,0.348093,0.396160
-0.842230,0.270418,0.274233,0.274402,0.279820
0.027540,0.343430,0.354522,0.348713,0.398790
-0.328570,0.334179,0.344553,0.339782,0.377980
0.437150,0.320433,0.330834,0.325046,0.362590
-0.155430,0.342146,0.351602,0.347265,0.394150
-1.365000,0.168789,0.154266,0.166160,0.157150
-1.355100,0.171454,0.157758,0.169054,0.159280
0.887460,0.263070,0.260219,0.264229,0.269080
-1.202400,0.201125,0.189552,0.199834,0.193630
0.535920,0.310039,0.316709,0.313762,0.345580
0.992960,0.246918,0.245182,0.248172,0.243670
-1.690700,0.112686,0.100419,0.109912,0.095544
-0.792220,0.279040,0.286411,0.283725,0.291490
0.012949,0.343593,0.354531,0.348847,0.398910
-0.120340,0.342954,0.352623,0.348056,0.396060
-0.587710,0.309351,0.324597,0.315608,0.335660
-1.871500,0.085748,0.072855,0.082809,0.069238
-0.024206,0.343801,0.354350,0.348987,0.398830
2.441200,0.033556,0.025056,0.030860,0.020267
0.085275,0.342333,0.354032,0.347733,0.397490
-0.077165,0.343582,0.353610,0.348701,0.397760
0.521450,0.311659,0.318943,0.315524,0.348230
0.104630,0.341804,0.353700,0.347239,0.396760
-0.915100,0.257201,0.255941,0.260039,0.262460
-0.665050,0.298918,0.312950,0.304857,0.319790
1.397100,0.178079,0.177698,0.179522,0.150340
1.062000,0.235216,0.234245,0.236523,0.226980
1.275900,0.199832,0.202746,0.201845,0.176760
-0.436600,0.325748,0.338545,0.331807,0.362670
0.462130,0.317956,0.327540,0.322365,0.358540
-0.377120,0.330727,0.342072,0.336540,0.371560
-0.663700,0.299111,0.313184,0.305059,0.320080
2.658700,0.021367,0.012795,0.019330,0.011639
0.554860,0.307871,0.313719,0.311405,0.342020
-0.063831,0.343694,0.353847,0.348826,0.398130
-1.233700,0.194954,0.182890,0.193366,0.186370
-1.187400,0.204092,0.192769,0.202957,0.197130
1.095800,0.230444,0.230913,0.232068,0.218860
0.054454,0.343008,0.354386,0.348346,0.398350
-1.432300,0.157027,0.142741,0.154363,0.143040
-0.630440,0.303751,0.318609,0.309875,0.327040
-0.283260,0.336913,0.346656,0.342335,0.383250
1.811400,0.103997,0.079422,0.099676,0.077344
-1.636900,0.121373,0.108473,0.118586,0.104490
0.769870,0.280120,0.278269,0.281719,0.296630
0.303600,0.331721,0.344528,0.337087,0.380970
0.596190,0.302964,0.307000,0.306078,0.333980
1.723900,0.118697,0.096234,0.115496,0.090278
-1.784500,0.098266,0.086382,0.095462,0.081179
0.164970,0.339636,0.352091,0.345151,0.393550
0.677850,0.292629,0.293369,0.294945,0.317060
2.185900,0.054566,0.041233,0.050154,0.036591
0.528890,0.310830,0.317800,0.314622,0.346870
-0.857960,0.267626,0.270307,0.271373,0.276100
0.044324,0.343185,0.354456,0.348502,0.398550
1.635700,0.134312,0.116736,0.132499,0.104690
2.453700,0.032734,0.024238,0.030098,0.019660
0.058005,0.342941,0.354356,0.348286,0.398270
-0.504820,0.319011,0.333401,0.325265,0.351210
0.132160,0.340912,0.353077,0.346391,0.395470
-0.821520,0.274037,0.279345,0.278323,0.284680
0.221120,0.336918,0.349740,0.342440,0.389310
3.358200,0.003044,0.000256,0.002218,0.001419
-0.463880,0.323186,0.336663,0.329338,0.358250
1.173800,0.217462,0.219600,0.219368,0.200320
-0.345620,0.333029,0.343712,0.338705,0.375810
-0.737450,0.287987,0.298823,0.293318,0.303960
0.096688,0.342031,0.353847,0.347452,0.397080
0.722110,0.286715,0.286024,0.288653,0.307380
-0.500790,0.319440,0.333749,0.325686,0.351930
0.341740,0.328848,0.341309,0.334062,0.376310
-0.836350,0.271452,0.275692,0.275524,0.281200
-0.626390,0.304300,0.319224,0.310441,0.327880
-1.154400,0.210633,0.199906,0.209871,0.204910
-1.330200,0.176203,0.162795,0.173927,0.164700
0.440120,0.320144,0.330454,0.324734,0.362120
-1.824100,0.092464,0.080299,0.089613,0.075583
0.922120,0.257848,0.255181,0.258992,0.260780
-1.511600,0.142735,0.128516,0.139954,0.127270
-0.483550,0.321230,0.335168,0.327437,0.354920
0.110650,0.341623,0.353579,0.347069,0.396510
0.236470,0.336058,0.348938,0.341568,0.387940
-1.710500,0.109564,0.097477,0.106791,0.092373
-1.049700,0.231352,0.223343,0.232020,0.229950
-1.153300,0.210851,0.200146,0.210102,0.205150
0.670140,0.293638,0.294658,0.296025,0.318710
0.785790,0.277877,0.275735,0.279381,0.292970
0.429560,0.321163,0.331792,0.325836,0.363780
0.589380,0.303789,0.308121,0.306972,0.335340
-0.386410,0.330004,0.341562,0.335858,0.370240
-0.799090,0.277880,0.284775,0.282475,0.289900
0.904280,0.260546,0.257760,0.261692,0.265060
-0.833470,0.271957,0.276404,0.276070,0.281880
0.831060,0.271382,0.268683,0.272677,0.282450
0.452250,0.318949,0.328868,0.323441,0.360160
-0.209520,0.340374,0.349709,0.345575,0.390280
-0.090624,0.343429,0.353337,0.348539,0.397310
0.077755,0.342517,0.354138,0.347902,0.397740
0.715030,0.287675,0.287190,0.289669,0.308950
-1.378300,0.167070,0.153141,0.164572,0.154300
-0.969080,0.247010,0.242542,0.248961,0.249450
-0.049436,0.343772,0.354065,0.348921,0.398460
0.345060,0.328584,0.341003,0.333783,0.375880
-0.301220,0.335886,0.345843,0.341376,0.381250
1.640900,0.133375,0.115445,0.131477,0.103810
-0.188090,0.341153,0.350500,0.346313,0.391950
0.436530,0.320493,0.330913,0.325111,0.362690
-1.086300,0.224134,0.214982,0.224264,0.221130
-1.272800,0.187298,0.174658,0.185390,0.177470
-2.015100,0.067003,0.050231,0.063620,0.052376
-0.772120,0.282387,0.291106,0.287326,0.296110
-0.229100,0.339573,0.348945,0.344822,0.388610
0.507790,0.313159,0.321008,0.317155,0.350690
-1.746000,0.104071,0.092187,0.101292,0.086888
-2.705300,0.014160,0.007863,0.011934,0.010273
-1.624100,0.123483,0.110418,0.120692,0.106700
-2.185700,0.048131,0.029055,0.044215,0.036607
-0.219030,0.339995,0.349342,0.345219,0.389490
-1.316700,0.178795,0.165557,0.176595,0.167670
0.989110,0.247521,0.245718,0.248765,0.244610
1.635100,0.134420,0.116886,0.132617,0.104800
-1.572400,0.132176,0.118476,0.129375,0.115890
-1.437500,0.156073,0.141768,0.153397,0.141970
0.788810,0.277449,0.275257,0.278936,0.292280
-0.654260,0.300453,0.314793,0.306457,0.322080
-0.670800,0.298089,0.311938,0.303992,0.318570
-0.041566,0.343796,0.354168,0.348955,0.398600
0.465200,0.317645,0.327120,0.322027,0.358030
-4.392600,0.000037,0.000000,0.000011,0.000026
0.081956,0.342415,0.354081,0.347809,0.397600
-0.207150,0.340465,0.349799,0.345662,0.390470
-1.365000,0.168789,0.154266,0.166160,0.157150
0.750370,0.282838,0.281409,0.284565,0.301050
-0.400120,0.328900,0.340786,0.334813,0.368250
0.355420,0.327747,0.340021,0.332894,0.374520
0.293150,0.332457,0.345317,0.337855,0.382160
2.368700,0.038666,0.029805,0.035564,0.024128
0.514760,0.312397,0.319961,0.316327,0.349440
0.566860,0.306471,0.311792,0.309883,0.339730
-0.051362,0.343764,0.354038,0.348910,0.398420
1.618600,0.137406,0.121038,0.135873,0.107640
-0.193670,0.340960,0.350298,0.346130,0.391530
0.968020,0.250805,0.248665,0.252001,0.249710
-1.528800,0.139712,0.125604,0.136920,0.123990
0.477950,0.316333,0.325347,0.320604,0.355880
1.496200,0.159870,0.153078,0.160218,0.130250
0.888780,0.262873,0.260025,0.264030,0.268770
0.153570,0.340106,0.352464,0.345611,0.394270
-0.995270,0.241971,0.236185,0.243495,0.243110
-1.367800,0.169049,0.155221,0.166594,0.156550
1.931500,0.085573,0.062288,0.080403,0.061778
0.983050,0.248468,0.246562,0.249696,0.246070
0.685580,0.291611,0.292078,0.293857,0.315390
1.005900,0.244885,0.243385,0.246175,0.240550
0.141900,0.340558,0.352812,0.346049,0.394950
-0.256450,0.338312,0.347820,0.343641,0.386040
0.639660,0.297562,0.299762,0.300240,0.325130
-0.827870,0.272934,0.277786,0.277129,0.283190
-1.849900,0.088777,0.076267,0.085883,0.072072
-1.610300,0.125777,0.112535,0.122983,0.109100
-0.778910,0.281264,0.289536,0.286120,0.294560
-2.005000,0.068239,0.051756,0.064893,0.053457
0.250600,0.335223,0.348135,0.340714,0.386610
-0.828080,0.272898,0.277734,0.277090,0.283140
-0.573750,0.311090,0.326325,0.317370,0.338400
0.001183,0.343691,0.354505,0.348922,0.398940
-0.746470,0.286552,0.296867,0.291787,0.301930
0.087167,0.342285,0.354004,0.346894,0.397430
0.150550,0.340226,0.352558,0.345727,0.394450
0.357790,0.327553,0.339790,0.332688,0.374210
1.482300,0.162434,0.156688,0.162966,0.132980
1.536600,0.152419,0.142447,0.152190,0.122520
1.213100,0.210759,0.213473,0.212756,0.191140
0.967030,0.250959,0.248804,0.252152,0.249940
-1.286900,0.184555,0.171717,0.182546,0.174300
-0.494970,0.320052,0.334240,0.326286,0.352950
0.929780,0.256683,0.254082,0.257830,0.258930
-1.514200,0.142276,0.128072,0.139493,0.126780
-0.127890,0.342803,0.352419,0.347906,0.395690
-1.024500,0.236290,0.229225,0.237347,0.236040
0.408410,0.323145,0.334351,0.327972,0.367020
-0.978820,0.245143,0.240165,0.246934,0.247090
-1.234600,0.194777,0.182699,0.193181,0.186180
-0.725470,0.289869,0.301359,0.295321,0.306640
-0.177280,0.341507,0.350879,0.346651,0.392720
0.390540,0.324756,0.336383,0.329702,0.369650
-0.974640,0.245945,0.241183,0.247805,0.248110
-0.555010,0.313353,0.328477,0.319648,0.342000
1.160400,0.219722,0.221611,0.221588,0.203480
0.455540,0.318620,0.328429,0.323085,0.359620
1.207000,0.211807,0.214450,0.213793,0.192570
-0.604960,0.307140,0.322310,0.313356,0.332230
-0.013231,0.343770,0.354433,0.348975,0.398910
-1.159400,0.209641,0.198819,0.208820,0.203710
-0.364250,0.331695,0.342757,0.337452,0.373340
0.144470,0.340461,0.352738,0.345955,0.394800
0.461610,0.318009,0.327610,0.322423,0.358620
1.440700,0.170094,0.167231,0.171120,0.141310
0.849710,0.268660,0.265845,0.269894,0.278050
0.994960,0.246605,0.244904,0.247864,0.243190
-1.633900,0.121866,0.108927,0.119078,0.105010
1.146600,0.222037,0.223646,0.223856,0.206740
2.337100,0.041088,0.031837,0.037781,0.025992
-1.826900,0.092060,0.079864,0.089205,0.075194
-1.440700,0.155487,0.141172,0.152804,0.141330
0.045934,0.343158,0.354446,0.348479,0.398520
0.012979,0.343592,0.354531,0.348846,0.398910
-0.141270,0.342505,0.352036,0.347613,0.394980
0.664640,0.294354,0.295578,0.296792,0.319880
0.294730,0.332347,0.345200,0.337741,0.381990
-0.584210,0.309791,0.325041,0.316055,0.336350
-0.029566,0.343806,0.354300,0.348984,0.398770
0.376180,0.326008,0.337928,0.331041,0.371690
0.958580,0.252265,0.249993,0.253444,0.251990
0.605680,0.301805,0.305429,0.304823,0.332090
1.023000,0.242181,0.241018,0.243526,0.236400
-0.230240,0.339524,0.348899,0.344776,0.388510
0.869490,0.265744,0.262878,0.266931,0.273370
1.293400,0.196741,0.199505,0.198725,0.172850
1.126000,0.225468,0.226630,0.227211,0.211640
0.855300,0.267838,0.265003,0.269058,0.276730
1.110800,0.227981,0.228797,0.229665,0.215260
0.062840,0.342845,0.354311,0.348200,0.398160
0.817020,0.273414,0.270845,0.274764,0.285730
-1.081400,0.225103,0.216090,0.225302,0.222310
-0.393450,0.329442,0.341167,0.335327,0.369230
-0.165650,0.341860,0.351271,0.346989,0.393510
0.631900,0.298543,0.301061,0.301298,0.326740
-0.219080,0.339993,0.349340,0.345217,0.389480
-0.160970,0.341994,0.351424,0.347118,0.393810
1.588200,0.142943,0.128864,0.141906,0.113030
0.786890,0.277721,0.275560,0.279219,0.292720
-1.301400,0.181746,0.168710,0.179640,0.171050
-0.057466,0.343734,0.353948,0.348873,0.398280
0.830260,0.271498,0.268806,0.272796,0.282630
0.351060,0.328102,0.340439,0.333271,0.375100
0.930240,0.256613,0.254016,0.257760,0.258820
2.724700,0.018443,0.010321,0.016505,0.009746
-1.899500,0.081900,0.068396,0.078894,0.065677
-0.210010,0.340355,0.349690,0.345558,0.390240
-0.837580,0.271236,0.275387,0.275290,0.280910
0.550580,0.308365,0.314400,0.311942,0.342830
0.161390,0.339787,0.352212,0.345299,0.393780
1.498600,0.159427,0.152451,0.159743,0.129800
0.094503,0.342091,0.353885,0.347508,0.397160
0.574930,0.305518,0.310484,0.308848,0.338170
1.491500,0.160737,0.154302,0.161148,0.131180
-1.089200,0.223561,0.214328,0.223649,0.220430
0.577680,0.305191,0.310036,0.308493,0.337630
0.098055,0.341993,0.353823,0.347416,0.397030
0.748380,0.283114,0.281731,0.284855,0.301500
0.018102,0.343540,0.354533,0.348804,0.398880
-0.682520,0.296379,0.309816,0.302200,0.316050
-0.976830,0.245525,0.240649,0.247349,0.247580
0.816280,0.273520,0.270960,0.274874,0.285910
-1.150900,0.210580,0.199218,0.209676,0.205710
0.053351,0.343028,0.354394,0.348364,0.398370
-1.008900,0.239329,0.232921,0.240633,0.239810
0.079595,0.342473,0.354113,0.347861,0.397680
0.062510,0.342851,0.354314,0.348206,0.398160
-0.354630,0.332394,0.343255,0.338109,0.374630
-0.088489,0.343456,0.353382,0.348567,0.397380
0.060028,0.342901,0.354337,0.348251,0.398220
0.888250,0.262952,0.260103,0.264110,0.268900
-0.651120,0.300895,0.315316,0.306917,0.322740
-1.101300,0.221165,0.211613,0.221085,0.217540
-0.751550,0.285737,0.295749,0.290916,0.300790
1.151900,0.221150,0.222868,0.222987,0.205500
1.255500,0.203410,0.206377,0.205438,0.181400
-0.138590,0.342567,0.352115,0.347675,0.395130
-1.476400,0.149009,0.134667,0.146264,0.134150
-0.864890,0.266384,0.268569,0.270024,0.274460
