-1.195700,0.324466,0.325956,0.325959,0.299380
-0.367030,0.200776,0.200261,0.200267,0.178390
-1.058200,0.315144,0.315127,0.316404,0.291320
1.594300,0.227816,0.225993,0.227975,0.241160
0.078460,0.213144,0.214015,0.214029,0.235030
-0.671940,0.226001,0.220738,0.224266,0.209790
0.133590,0.212520,0.213439,0.213531,0.225370
-0.825510,0.263087,0.256831,0.262668,0.248000
-0.853580,0.270601,0.264860,0.270476,0.254660
-0.853750,0.270647,0.264909,0.270523,0.254700
-2.117700,0.071223,0.063428,0.070461,0.092919
-1.212100,0.324188,0.325665,0.325703,0.299320
1.028500,0.260218,0.260400,0.260912,0.287640
-1.427100,0.290956,0.286956,0.292483,0.278610
-0.512610,0.205513,0.203777,0.204119,0.179860
-0.745880,0.242417,0.235897,0.241193,0.228160
-0.685300,0.228682,0.223115,0.227011,0.213030
0.554470,0.191600,0.189186,0.189766,0.185580
-1.193900,0.324478,0.325967,0.325968,0.299370
1.644000,0.219969,0.217675,0.220133,0.227620
-1.707600,0.184974,0.166734,0.184049,0.209260
0.753720,0.219507,0.215768,0.219040,0.230150
0.447070,0.189234,0.187376,0.187479,0.175360
1.406200,0.251699,0.250938,0.251801,0.282150
-1.176200,0.324398,0.325849,0.325865,0.299170
0.871810,0.240490,0.238471,0.240832,0.258830
-1.645400,0.210428,0.193645,0.210069,0.227220
0.089557,0.213185,0.214121,0.214122,0.233400
-1.508000,0.264848,0.255885,0.265872,0.262350
-0.891170,0.280489,0.275690,0.280735,0.263120
0.194890,0.209388,0.209562,0.210135,0.211430
0.335060,0.196503,0.194588,0.195708,0.182240
-0.224940,0.201166,0.200377,0.200399,0.204230
1.141800,0.265546,0.266177,0.266188,0.298030
-1.062200,0.315694,0.315762,0.316966,0.291760
-1.566100,0.242801,0.230058,0.243276,0.248450
1.011500,0.258743,0.258774,0.259431,0.285250
-0.037617,0.208998,0.208474,0.208859,0.239300
1.156500,0.265673,0.266298,0.266299,0.298630
1.055100,0.262172,0.262544,0.262867,0.290950
1.153300,0.265656,0.266284,0.266286,0.298520
-1.714900,0.182054,0.163758,0.181074,0.207100
-0.011759,0.210332,0.210121,0.210454,0.240490
1.754900,0.198529,0.194599,0.198259,0.195150
1.210900,0.265084,0.265570,0.265627,0.299330
-0.500210,0.204738,0.203179,0.203436,0.178570
0.942610,0.251022,0.250199,0.251617,0.273610
0.633870,0.199886,0.196456,0.198457,0.200980
0.650650,0.202232,0.198625,0.200923,0.204780
1.332300,0.258486,0.258217,0.258739,0.292130
-1.210100,0.324238,0.325719,0.325751,0.299330
1.477900,0.243647,0.242513,0.243712,0.268850
-0.875700,0.276461,0.271245,0.276559,0.259710
-1.218200,0.324005,0.325467,0.325530,0.299230
-0.611180,0.215681,0.211940,0.213839,0.196090
-0.967660,0.298831,0.296375,0.299684,0.278190
-0.181690,0.202214,0.201266,0.201354,0.214580
-1.338700,0.311346,0.311009,0.313018,0.291430
0.247820,0.205000,0.204190,0.205246,0.198900
-1.085900,0.318627,0.319145,0.319955,0.294150
-2.538600,0.023962,0.019050,0.023625,0.024846
-0.448490,0.202414,0.201437,0.201503,0.175390
-0.862760,0.273044,0.267509,0.273013,0.256780
-1.379300,0.303128,0.301382,0.304779,0.286240
-0.044565,0.208623,0.208025,0.208416,0.238780
0.730350,0.215299,0.211426,0.214637,0.224240
-1.498700,0.268156,0.259807,0.269257,0.264410
-1.689400,0.192332,0.174338,0.191557,0.214600
1.508000,0.239883,0.238603,0.239965,0.262340
-0.546820,0.208184,0.205872,0.206566,0.184390
1.330500,0.258629,0.258373,0.258887,0.292320
0.811400,0.230021,0.226969,0.230000,0.244570
-0.723540,0.237079,0.230812,0.235665,0.222530
1.240400,0.264105,0.264450,0.264588,0.298680
-0.927610,0.289618,0.285907,0.290182,0.270700
-1.984800,0.096847,0.085845,0.095703,0.127210
-1.608700,0.225577,0.210414,0.225602,0.237330
-1.705500,0.185817,0.167598,0.184908,0.209880
-0.148950,0.203373,0.202352,0.202525,0.222090
2.016800,0.145620,0.138774,0.145854,0.118490
1.121600,0.265165,0.265782,0.265825,0.296910
-0.995760,0.304633,0.303024,0.305648,0.282860
-0.521900,0.206158,0.204278,0.204698,0.180960
-1.284300,0.319222,0.320086,0.320845,0.296400
-0.589620,0.212784,0.209565,0.210981,0.191780
0.904100,0.245580,0.244132,0.246061,0.265880
-1.391200,0.300345,0.298097,0.301977,0.284490
-1.352200,0.308834,0.308080,0.310507,0.289840
1.600000,0.226950,0.225079,0.227111,0.239650
-1.037300,0.312020,0.311526,0.313214,0.288790
-0.959080,0.296944,0.294220,0.297741,0.276670
1.364500,0.255740,0.255245,0.255917,0.288280
-0.183590,0.202156,0.201215,0.201298,0.214130
1.214000,0.265002,0.265476,0.265539,0.299290
0.143380,0.212188,0.213040,0.213185,0.223300
-0.440440,0.202162,0.201255,0.201307,0.175240
0.947470,0.251654,0.250904,0.252261,0.274530
-0.909550,0.285167,0.280903,0.285579,0.267030
-1.343400,0.310497,0.310020,0.312170,0.290890
1.313000,0.259955,0.259825,0.260258,0.294070
-1.315600,0.315130,0.315393,0.316789,0.293830
0.372380,0.193279,0.191276,0.192080,0.177890
0.424780,0.190020,0.188119,0.188390,0.175230
1.842400,0.183087,0.178583,0.182990,0.168720
1.888400,0.173671,0.168770,0.173602,0.154960
-1.004000,0.306217,0.304843,0.307272,0.284140
0.516100,0.189538,0.187494,0.187636,0.180260
1.208800,0.265136,0.265631,0.265684,0.299350
0.283290,0.201564,0.200164,0.201393,0.191240
-2.488100,0.028039,0.023033,0.027711,0.029872
-1.501500,0.267168,0.258634,0.268245,0.263800
1.538000,0.235907,0.234469,0.236016,0.255380
1.321700,0.259310,0.259118,0.259591,0.293230
0.729010,0.215060,0.211183,0.214388,0.223900
0.591890,0.194876,0.191982,0.193194,0.192210
-0.494140,0.204393,0.202915,0.203137,0.178000
-1.674600,0.198383,0.180701,0.197740,0.218880
-1.604600,0.227258,0.212307,0.227327,0.238420
0.874460,0.240924,0.238952,0.241279,0.259430
1.714200,0.207803,0.204678,0.207885,0.207300
1.910000,0.169155,0.164052,0.169122,0.148590
-1.693500,0.190665,0.172603,0.189855,0.213390
1.536100,0.236166,0.234738,0.236273,0.255820
2.050400,0.137663,0.129839,0.137956,0.109610
-2.554300,0.022767,0.017898,0.022425,0.023426
0.917050,0.247492,0.246263,0.248017,0.268570
-1.137700,0.323015,0.324221,0.324431,0.297830
-0.804700,0.257532,0.251028,0.256894,0.242920
-1.311600,0.315719,0.316072,0.317374,0.294190
-0.587900,0.212570,0.209391,0.210771,0.191450
-1.541300,0.252470,0.241308,0.253193,0.254590
1.007300,0.258352,0.258341,0.259037,0.284630
1.366600,0.255549,0.255040,0.255722,0.288000
0.884110,0.242480,0.240681,0.242879,0.261570
-0.771410,0.248826,0.242187,0.247845,0.234610
0.265670,0.203299,0.202173,0.203339,0.194920
-0.290610,0.200502,0.199953,0.199953,0.189790
2.073000,0.132135,0.123508,0.132445,0.103850
-0.095093,0.205888,0.204931,0.205265,0.232530
-0.032488,0.209271,0.208804,0.209183,0.239640
-1.441500,0.286786,0.281989,0.288251,0.276020
-2.028400,0.087501,0.077758,0.086500,0.115390
0.595980,0.195305,0.192356,0.193644,0.193010
-1.463800,0.279899,0.273780,0.281243,0.271730
-1.640500,0.212455,0.195858,0.212146,0.228570
-1.832400,0.138934,0.122510,0.137476,0.171740
1.905200,0.170164,0.165108,0.170122,0.149990
1.245900,0.262220,0.262193,0.262351,0.298480
-1.173700,0.324358,0.325800,0.325822,0.299120
1.732000,0.204538,0.201195,0.204588,0.202020
1.339000,0.257944,0.257627,0.258180,0.291400
-1.457000,0.282053,0.276347,0.283437,0.273070
0.915980,0.247337,0.246090,0.247859,0.268350
0.999720,0.257619,0.257531,0.258299,0.283480
1.837300,0.184115,0.179656,0.184019,0.170260
-1.099600,0.320062,0.320802,0.321418,0.295330
-1.638900,0.213117,0.196583,0.212825,0.229040
-1.383500,0.302165,0.300246,0.303810,0.285630
-1.393300,0.299836,0.297496,0.301464,0.284180
-0.798930,0.256003,0.249452,0.255304,0.241490
1.362100,0.255957,0.255478,0.256139,0.288590
0.218880,0.207551,0.207287,0.208096,0.205680
-0.256080,0.200728,0.200063,0.200067,0.197030
2.071000,0.132630,0.124079,0.132939,0.104340
-0.692380,0.230158,0.224441,0.228527,0.214760
1.421700,0.250071,0.249221,0.250154,0.279550
-0.931260,0.290498,0.286900,0.291091,0.271420
1.195200,0.265420,0.265964,0.265991,0.299380
1.217400,0.264906,0.265365,0.265437,0.299250
-1.400300,0.298105,0.295446,0.299717,0.283080
1.982700,0.153395,0.147298,0.153544,0.127800
0.646620,0.201652,0.198085,0.200314,0.203850
-1.462600,0.280282,0.274237,0.281634,0.271970
1.910300,0.169092,0.163986,0.169059,0.148520
-1.322900,0.314005,0.314093,0.315669,0.293120
-0.867020,0.274173,0.268740,0.274184,0.257750
-1.023200,0.309683,0.308833,0.310824,0.286920
1.110800,0.264861,0.265460,0.265530,0.296180
-0.045512,0.208571,0.207964,0.208356,0.238700
-0.120000,0.204644,0.203622,0.203885,0.228090
1.737000,0.203610,0.200205,0.203650,0.200510
0.816190,0.230883,0.227905,0.230895,0.245740
1.111100,0.264871,0.265470,0.265539,0.296210
0.914140,0.247069,0.245792,0.247585,0.267980
-1.058500,0.315186,0.315176,0.316447,0.291350
-0.402650,0.201272,0.200622,0.200639,0.175840
1.712600,0.208093,0.204988,0.208178,0.207780
-0.897540,0.282125,0.277507,0.282430,0.264490
2.220200,0.093100,0.077413,0.092981,0.070515
-0.033743,0.209205,0.208723,0.209104,0.239560
1.546500,0.234739,0.233251,0.234856,0.253330
0.991520,0.256787,0.256610,0.257461,0.282190
0.187220,0.209910,0.210213,0.210712,0.213260
0.267810,0.203090,0.201929,0.203105,0.194460
-1.914700,0.114242,0.100806,0.112879,0.147210
1.183600,0.265584,0.266161,0.266173,0.299280
-1.091300,0.319216,0.319825,0.320555,0.294630
0.738960,0.216838,0.213004,0.216249,0.226410
0.491190,0.188928,0.187024,0.187038,0.177750
-0.299960,0.200482,0.199956,0.199957,0.188010
2.072700,0.132209,0.123594,0.132519,0.103910
1.058800,0.262410,0.262804,0.263104,0.291380
0.243790,0.205373,0.204637,0.205663,0.199820
0.337940,0.196236,0.194306,0.195407,0.181840
0.740260,0.217072,0.213245,0.216494,0.226740
-0.639810,0.220151,0.215684,0.218319,0.202310
-0.719390,0.236119,0.229914,0.234673,0.221480
0.995600,0.257206,0.257073,0.257883,0.282840
-1.477800,0.275323,0.268327,0.276577,0.268890
1.394700,0.252864,0.252173,0.252983,0.283960
-0.891500,0.280574,0.275785,0.280823,0.263190
0.085406,0.213179,0.214093,0.214098,0.234030
0.031533,0.212153,0.212528,0.212698,0.239700
-1.657100,0.205591,0.188403,0.205115,0.223900
-1.435300,0.288609,0.284161,0.290102,0.277140
1.528700,0.237164,0.235777,0.237264,0.257600
0.937340,0.250321,0.249418,0.250905,0.272600
-0.526140,0.206471,0.204523,0.204983,0.181490
0.431800,0.189729,0.187845,0.188056,0.175190
1.176300,0.265649,0.266243,0.266248,0.299170
1.966900,0.156906,0.151084,0.157012,0.132230
-0.436860,0.202058,0.201180,0.201227,0.175210
-0.553340,0.208790,0.206353,0.207135,0.185400
-1.407400,0.296290,0.293295,0.297884,0.281950
0.866210,0.239565,0.237446,0.239879,0.257570
1.995300,0.150555,0.144208,0.150738,0.124320
-0.833640,0.265265,0.259139,0.264932,0.249950
1.233500,0.264373,0.264755,0.264872,0.298900
-0.318420,0.200487,0.199995,0.199996,0.184790
-1.151300,0.323691,0.325008,0.325125,0.298440
0.789060,0.225963,0.222594,0.225778,0.239040
2.020100,0.144852,0.137921,0.145093,0.117600
1.977700,0.154512,0.148507,0.154648,0.129200
-0.833130,0.265129,0.258994,0.264790,0.249830
0.119590,0.212878,0.213852,0.213889,0.228170
2.182700,0.103406,0.089607,0.103477,0.078267
-0.771040,0.248732,0.242092,0.247747,0.234520
-1.308400,0.316177,0.316598,0.317829,0.294480
1.323700,0.259158,0.258951,0.259433,0.293030
-1.111700,0.321167,0.322079,0.322544,0.296250
0.208720,0.208364,0.208291,0.209001,0.208110
1.320600,0.259393,0.259209,0.259677,0.293350
1.755100,0.200209,0.196589,0.200215,0.195100
1.868300,0.177817,0.173091,0.177728,0.160940
1.162500,0.265689,0.266308,0.266308,0.298830
-0.026136,0.209605,0.209213,0.209580,0.239980
-0.629560,0.218469,0.214263,0.216625,0.200020
-1.171000,0.324307,0.325739,0.325767,0.299060
-1.134200,0.322809,0.323981,0.324220,0.297650
-1.323300,0.313941,0.314019,0.315606,0.293070
1.309000,0.260242,0.260141,0.260556,0.294430
1.975500,0.155002,0.149035,0.155131,0.129830
-0.132370,0.204075,0.203045,0.203269,0.225620
2.040300,0.140088,0.132584,0.140367,0.112250
-0.843730,0.267969,0.262025,0.267741,0.252350
2.056400,0.136210,0.128183,0.136509,0.108060
-0.479470,0.203644,0.202348,0.202501,0.176850
1.513800,0.239132,0.237823,0.239219,0.261030
-1.419200,0.293147,0.289562,0.294704,0.279990
1.432500,0.248899,0.247991,0.248973,0.277660
-1.457900,0.281770,0.276010,0.283149,0.272890
1.752400,0.200720,0.197132,0.200731,0.195890
0.893730,0.243993,0.242365,0.244434,0.263670
1.051300,0.261920,0.262268,0.262615,0.290520
-0.125360,0.204393,0.203366,0.203612,0.227040
0.369760,0.193485,0.191482,0.192313,0.178130
0.395630,0.191614,0.189640,0.190201,0.176190
-1.450200,0.284160,0.278859,0.285581,0.274380
-1.700500,0.187831,0.169670,0.186963,0.211350
1.239200,0.264153,0.264505,0.264639,0.298720
-0.241620,0.200901,0.200179,0.200189,0.200320
-1.157500,0.323931,0.325291,0.325374,0.298670
-1.209600,0.324250,0.325732,0.325762,0.299340
1.336100,0.258180,0.257884,0.258424,0.291730
-0.364050,0.200747,0.200238,0.200244,0.178690
-0.639130,0.220037,0.215587,0.218204,0.202150
-1.793400,0.152306,0.134774,0.150916,0.183520
-1.139800,0.323133,0.324357,0.324552,0.297930
-0.614270,0.216130,0.212311,0.214285,0.196730
1.579700,0.229995,0.228286,0.230143,0.244970
0.984470,0.256041,0.255782,0.256707,0.281050
0.925800,0.248737,0.247652,0.249290,0.270340
-1.123500,0.322096,0.323153,0.323491,0.297030
0.092177,0.213182,0.214130,0.214130,0.232990
0.327160,0.197248,0.195381,0.196545,0.183410
-0.503480,0.204933,0.203329,0.203607,0.178890
0.178790,0.210443,0.210879,0.211299,0.215260
0.830240,0.233386,0.230637,0.233492,0.249140
0.999950,0.257642,0.257556,0.258322,0.283510
1.530800,0.236882,0.235484,0.236984,0.257090
0.989250,0.256550,0.256347,0.257222,0.281830
-0.767790,0.247901,0.241266,0.246884,0.233700
0.446900,0.189238,0.187381,0.187484,0.175360
-1.270200,0.320678,0.321741,0.322281,0.297300
-1.205100,0.324344,0.325832,0.325850,0.299370
1.127800,0.265308,0.265932,0.265963,0.297290
0.672850,0.205589,0.201803,0.204451,0.210010
-1.661500,0.203775,0.186450,0.203256,0.222660
0.471320,0.188851,0.186997,0.187004,0.176330
-0.420810,0.201645,0.200885,0.200915,0.175290
-1.911100,0.115222,0.101652,0.113850,0.148270
1.636600,0.221179,0.218963,0.221346,0.229670
0.776490,0.223664,0.220143,0.223382,0.235890
1.129300,0.265339,0.265964,0.265993,0.297380
0.897790,0.244620,0.243063,0.243082,0.264540
-1.336300,0.311770,0.311501,0.313441,0.291700
1.678600,0.214122,0.211434,0.214258,0.217720
-0.874890,0.276248,0.271011,0.276338,0.259530
-1.259800,0.321600,0.322782,0.323187,0.297870
2.061900,0.134868,0.126650,0.135173,0.106660
-1.307900,0.316247,0.316679,0.317898,0.294530
1.850800,0.181387,0.176810,0.181290,0.166190
-2.245500,0.052933,0.046878,0.052405,0.065572
-1.063500,0.315869,0.315964,0.317144,0.291900
1.936500,0.163521,0.158126,0.163546,0.140900
-1.514700,0.262422,0.253015,0.263389,0.260820
1.538500,0.235839,0.234398,0.235948,0.255260
0.396930,0.191530,0.189559,0.190107,0.176120
-1.095500,0.319653,0.320330,0.321001,0.294990
-1.671900,0.199492,0.181877,0.198874,0.219670
1.737100,0.203591,0.200185,0.203631,0.200490
0.651600,0.202370,0.198753,0.201068,0.205000
-1.541100,0.252547,0.241397,0.253272,0.254630
1.574600,0.230742,0.229071,0.230887,0.246300
0.926010,0.248767,0.247685,0.249320,0.270380
-0.916270,0.286842,0.282781,0.287312,0.268410
-1.100000,0.320101,0.320847,0.321457,0.295350
1.872200,0.177017,0.172257,0.176930,0.159780
-0.146080,0.203489,0.202465,0.202647,0.222720
-0.807150,0.258183,0.251702,0.257570,0.243520
1.689000,0.212307,0.209493,0.212429,0.214720
1.363400,0.255840,0.255352,0.256019,0.288420
0.817120,0.231050,0.228087,0.231068,0.245970
-0.318230,0.200486,0.199994,0.199995,0.184820
-1.481400,0.274116,0.266891,0.275346,0.268120
0.692500,0.208768,0.204886,0.207789,0.214790
-1.607800,0.225946,0.210830,0.225981,0.237580
-1.233300,0.323367,0.324763,0.324914,0.298900
1.118800,0.265093,0.265706,0.265756,0.296730
-0.228370,0.201106,0.200330,0.200349,0.203420
-2.355300,0.040455,0.035159,0.040069,0.046877
-0.445070,0.202304,0.201357,0.201417,0.175320
-0.992330,0.303958,0.302248,0.304955,0.282320
1.777700,0.195883,0.192007,0.195848,0.188270
1.905800,0.170038,0.164976,0.169997,0.149820
1.701800,0.210037,0.207066,0.210140,0.210960
-1.217800,0.324018,0.325481,0.325542,0.299240
0.965640,0.253905,0.253409,0.254546,0.277840
-0.743850,0.241921,0.235418,0.240678,0.227650
0.029513,0.212085,0.212433,0.212611,0.239810
-0.338490,0.200558,0.200077,0.200080,0.181760
1.739600,0.203125,0.199689,0.203160,0.199740
1.920000,0.167042,0.161835,0.167029,0.145680
0.163410,0.211303,0.211950,0.212237,0.218840
0.623260,0.198498,0.195195,0.196999,0.198650
-1.945700,0.106162,0.093854,0.104889,0.138250
-0.326560,0.200507,0.200023,0.200025,0.183500
-1.349900,0.309278,0.308598,0.310951,0.290120
0.695220,0.209221,0.205331,0.208264,0.215460
-2.346600,0.041361,0.036027,0.040966,0.048206
-1.217000,0.324044,0.325510,0.325567,0.299250
0.975890,0.255093,0.254730,0.255749,0.279610
-0.954950,0.296018,0.293165,0.296786,0.275920
0.071027,0.213072,0.213886,0.213916,0.236010
1.802400,0.191064,0.186931,0.190994,0.180790
1.142800,0.265559,0.266190,0.266200,0.298080
-0.238850,0.200940,0.200207,0.200219,0.200960
-1.008300,0.307021,0.305768,0.308097,0.284780
0.674940,0.205919,0.202119,0.204798,0.210510
0.201980,0.208876,0.208925,0.209569,0.209730
0.781050,0.224499,0.221030,0.224252,0.237030
-1.110400,0.321056,0.321950,0.322430,0.296160
1.017800,0.259310,0.259399,0.260001,0.286160
-0.979590,0.301368,0.299277,0.302293,0.280240
0.915270,0.247233,0.245975,0.247753,0.268210
-1.696300,0.189530,0.171426,0.188696,0.212560
1.023300,0.259785,0.259923,0.260478,0.286930
2.174700,0.105586,0.092201,0.105692,0.079998
-1.971000,0.100028,0.088583,0.098838,0.131060
-1.647200,0.209683,0.192834,0.209306,0.226710
1.114100,0.264961,0.265566,0.265628,0.296420
-0.805780,0.257819,0.251325,0.257192,0.243180
0.408200,0.190853,0.188909,0.189340,0.175620
-0.976200,0.300658,0.298464,0.301563,0.279670
0.926670,0.248859,0.247788,0.249414,0.270510
-1.761300,0.164059,0.145934,0.162793,0.193210
-1.164500,0.322558,0.323557,0.323608,0.298890
0.189950,0.209728,0.209986,0.210511,0.212610
-1.547100,0.250239,0.238700,0.250906,0.253170
-0.529910,0.206761,0.204750,0.205247,0.181980
-0.518780,0.205935,0.204105,0.204497,0.180580
2.524100,0.022974,0.008480,0.021803,0.026215
-1.337900,0.311488,0.311174,0.313160,0.291520
-2.856900,0.007110,0.004758,0.006834,0.006610
0.426150,0.189960,0.188062,0.188321,0.175220
0.159840,0.211481,0.212170,0.212429,0.219660
1.216100,0.264943,0.265408,0.265477,0.299270
0.710120,0.211752,0.207842,0.210920,0.219160
-1.620700,0.220638,0.204891,0.220536,0.234070
-0.773200,0.249286,0.242645,0.248323,0.235060
-1.287400,0.318870,0.319684,0.320497,0.296180
0.011958,0.211414,0.211524,0.211774,0.240490
-1.731100,0.175654,0.157315,0.174559,0.202280
-0.873780,0.275957,0.270691,0.276035,0.259280
1.636100,0.221260,0.219050,0.221427,0.229810
-1.259000,0.321665,0.322856,0.323251,0.297910
-1.946700,0.105912,0.093639,0.104642,0.137970
0.190040,0.209722,0.209978,0.210505,0.212590
1.219000,0.264859,0.265311,0.265387,0.299220
0.040379,0.212431,0.212920,0.213053,0.239110
1.056600,0.262269,0.262650,0.262964,0.291130
0.156740,0.211628,0.212353,0.212588,0.220360
1.578800,0.230127,0.228425,0.230275,0.245210
-1.033200,0.311359,0.310764,0.312539,0.288270
0.334620,0.196544,0.194632,0.195754,0.182310
-0.659810,0.223692,0.218721,0.221910,0.206920
0.004804,0.211106,0.211118,0.211396,0.240600
-0.898020,0.282248,0.277644,0.282557,0.264590
-1.472600,0.277044,0.270378,0.278333,0.269940
1.716100,0.207457,0.204309,0.207536,0.206740
-0.179640,0.202277,0.201323,0.201415,0.215060
-1.365400,0.306165,0.304954,0.307831,0.288150
-0.670790,0.225777,0.220541,0.224037,0.209520
2.396000,0.047369,0.028148,0.046324,0.041051
-1.993700,0.094854,0.084127,0.093740,0.124770
-1.669500,0.200479,0.182927,0.199884,0.220350
-1.591800,0.232480,0.218220,0.232685,0.241810
-1.329300,0.312964,0.312888,0.314633,0.292450
2.352000,0.057876,0.038379,0.057007,0.047384
-1.399800,0.298230,0.295595,0.299843,0.283160
1.056100,0.262237,0.262615,0.262932,0.291080
-1.408400,0.296030,0.292986,0.297620,0.281790
2.038900,0.140421,0.132960,0.140698,0.112610
-1.421000,0.292654,0.288976,0.294204,0.279670
-1.748700,0.168838,0.150580,0.167637,0.197010
-1.582000,0.236445,0.222746,0.236754,0.244390
-1.404000,0.297166,0.294334,0.298769,0.282500
1.421900,0.250049,0.249199,0.250133,0.279510
1.838100,0.183954,0.179488,0.183858,0.170010
-0.292630,0.200496,0.199953,0.199953,0.189400
0.145360,0.212113,0.212948,0.213105,0.222870
-0.136020,0.203914,0.202884,0.203097,0.224870
1.402300,0.252098,0.251361,0.252206,0.282780
-1.049800,0.313939,0.313737,0.315174,0.290340
-1.156900,0.323910,0.325266,0.325351,0.298650
-2.197200,0.059278,0.052682,0.058671,0.075216
0.172580,0.210809,0.211335,0.211699,0.216720
1.384600,0.253856,0.253229,0.253993,0.285480
-0.444520,0.202287,0.201345,0.201404,0.175310
-0.519880,0.206012,0.204165,0.204567,0.180710
1.480400,0.243343,0.242197,0.243408,0.268330
0.101660,0.213136,0.214113,0.214115,0.231430
-1.678500,0.196783,0.179010,0.196105,0.217750
0.069541,0.213054,0.213855,0.213888,0.236200
-0.743800,0.241909,0.235406,0.240666,0.227640
-0.322780,0.200496,0.200009,0.200011,0.184090
0.974020,0.254881,0.254494,0.255534,0.279290
-0.405720,0.201329,0.200662,0.200681,0.175710
-0.928410,0.289812,0.286125,0.290382,0.270860
2.194000,0.100313,0.085932,0.100331,0.075881
0.997800,0.257428,0.257319,0.258107,0.283180
-0.331220,0.200524,0.200043,0.200045,0.182800
-1.372800,0.304577,0.303088,0.306236,0.287160
-1.422300,0.292296,0.288550,0.293841,0.279450
1.754900,0.198529,0.194599,0.198259,0.195130
0.065598,0.212998,0.213764,0.213808,0.236670
0.370980,0.193389,0.191385,0.192204,0.178010
1.212000,0.265055,0.265537,0.265597,0.299320
-0.772930,0.249217,0.242576,0.248251,0.234990
2.240400,0.087528,0.070905,0.087293,0.066548
1.583500,0.229433,0.227696,0.229585,0.244010
-0.295750,0.200489,0.199954,0.199954,0.188800
2.442900,0.037289,0.019227,0.036130,0.035015
0.246730,0.205102,0.204311,0.205359,0.199140
1.711700,0.208256,0.205162,0.208343,0.208040
1.587900,0.228778,0.227007,0.228933,0.242860
0.601560,0.195912,0.192889,0.194281,0.194120
-0.895370,0.281570,0.276889,0.281854,0.264030
-1.218500,0.323995,0.325456,0.325520,0.299230
1.525600,0.237578,0.236208,0.237675,0.258310
-1.037100,0.311989,0.311489,0.313182,0.288760
1.591900,0.228178,0.226375,0.228335,0.241800
-1.174500,0.324372,0.325817,0.325836,0.299130
-1.495500,0.269278,0.261139,0.270404,0.265110
-0.659000,0.223542,0.218591,0.221757,0.206720
-2.025900,0.088010,0.078201,0.087000,0.116060
2.180800,0.103925,0.090223,0.104004,0.078683
0.108140,0.213068,0.214053,0.214064,0.230300
-0.078719,0.206758,0.205883,0.206252,0.234990
1.404400,0.251884,0.251134,0.251988,0.282430
-1.107300,0.320783,0.321635,0.322152,0.295930
-1.668000,0.201096,0.183584,0.200515,0.220800
0.808810,0.229554,0.226462,0.229514,0.243930
-0.774180,0.249538,0.242897,0.248585,0.235310
-0.303470,0.200478,0.199961,0.199961,0.187370
-0.217440,0.201309,0.200490,0.200520,0.206020
1.180900,0.265611,0.266195,0.266204,0.299250
1.587800,0.228793,0.227022,0.228947,0.242860
2.249800,0.084940,0.067912,0.084649,0.064763
-2.554600,0.022744,0.017877,0.022403,0.023399
-1.014100,0.308080,0.306987,0.309182,0.285620
-0.968550,0.299024,0.296595,0.299882,0.278350
-0.166810,0.202702,0.201714,0.201837,0.218060
-0.712460,0.234542,0.228448,0.233044,0.219740
1.665300,0.216406,0.213874,0.216555,0.221570
-1.433900,0.289015,0.284645,0.290514,0.277400
-1.406400,0.296549,0.293602,0.298145,0.282110
1.870000,0.177469,0.172728,0.177380,0.160440
-1.753000,0.167197,0.148978,0.165973,0.195710
1.817200,0.188136,0.183860,0.188051,0.176310
2.031000,0.140519,0.132970,0.140563,0.114710
-1.849200,0.133501,0.117645,0.132039,0.166680
-0.222140,0.201218,0.200417,0.200442,0.204900
-1.927200,0.110907,0.097933,0.109578,0.143570
0.759680,0.220592,0.216903,0.220174,0.231650
1.034400,0.260689,0.260917,0.261384,0.288420
0.295180,0.200382,0.198822,0.200065,0.188910
-0.950360,0.294975,0.291978,0.295712,0.275070
1.206400,0.265194,0.265698,0.265745,0.299360
0.977370,0.255259,0.254914,0.255917,0.279860
0.413820,0.190548,0.188619,0.188993,0.175440
0.461310,0.188947,0.187099,0.187132,0.175830
0.613000,0.197232,0.194058,0.195668,0.196470
0.105880,0.213095,0.214078,0.214085,0.230700
-0.436280,0.202042,0.201168,0.201214,0.175200
-0.352890,0.200650,0.200160,0.200164,0.179920
-0.416350,0.201545,0.200814,0.200840,0.175380
1.547800,0.234558,0.233063,0.234677,0.253000
2.351700,0.057951,0.038454,0.057083,0.047424
2.105600,0.123906,0.113927,0.124202,0.095816
0.842130,0.235470,0.232924,0.235649,0.251980
-1.075100,0.317360,0.317684,0.318665,0.293110
2.199100,0.098913,0.084272,0.098905,0.074813
-1.338000,0.311470,0.311154,0.313142,0.291510
-3.634000,0.000070,0.000001,0.000055,0.000080
-0.894860,0.281439,0.276744,0.281719,0.263920
0.252160,0.204594,0.203704,0.204790,0.197910
0.989740,0.256602,0.256404,0.257273,0.281910
0.164660,0.211239,0.211870,0.212167,0.218550
0.021073,0.211778,0.212013,0.212226,0.240210
2.229500,0.090534,0.074406,0.090362,0.068682
0.305180,0.199389,0.197713,0.198951,0.187060
0.897780,0.244618,0.243061,0.243081,0.264540
-1.990600,0.095543,0.084721,0.094418,0.125610
1.623200,0.223334,0.221252,0.223502,0.233370
-0.853930,0.270695,0.264961,0.270573,0.254740
-1.606500,0.226480,0.211429,0.226528,0.237910
1.708000,0.208924,0.205876,0.209017,0.209150
1.652700,0.218528,0.216139,0.218687,0.225160
0.915930,0.247329,0.246082,0.247851,0.268340
0.321590,0.197783,0.195956,0.197146,0.184280
0.342090,0.195855,0.193907,0.194979,0.181270
-0.770580,0.248614,0.241975,0.247624,0.234400
-2.003400,0.092733,0.082295,0.091651,0.122110
-0.700280,0.231849,0.225974,0.230267,0.216710
0.021588,0.211798,0.212040,0.212251,0.240190
-0.603390,0.214588,0.211039,0.212755,0.194490
1.433500,0.248789,0.247875,0.248862,0.277470
-0.032461,0.209273,0.208806,0.209185,0.239640
0.238680,0.205839,0.205198,0.206184,0.201000
-0.221940,0.201222,0.200420,0.200445,0.204950
0.407400,0.190899,0.188952,0.189391,0.175650
-1.968900,0.100522,0.089008,0.099325,0.131680
-0.693920,0.230484,0.224735,0.228862,0.215140
1.077600,0.263486,0.263977,0.264175,0.293360
1.656400,0.217909,0.215479,0.218066,0.224110
1.109700,0.264826,0.265422,0.265496,0.296100
0.019794,0.211729,0.211946,0.212165,0.240260
1.567300,0.231801,0.230180,0.231939,0.248150
-0.796860,0.255456,0.248891,0.254735,0.240980
-0.095286,0.205878,0.204920,0.205254,0.232500
-1.277600,0.319944,0.320907,0.321557,0.296850
-1.497500,0.268578,0.260308,0.269688,0.264680
-1.229500,0.323553,0.324969,0.325094,0.299010
2.096600,0.126207,0.116623,0.126512,0.097993
-1.719400,0.180265,0.161945,0.179252,0.205750
1.413400,0.250951,0.250148,0.251043,0.280970
-0.974880,0.300379,0.298145,0.301276,0.279440
1.863800,0.178739,0.174051,0.178646,0.162280
1.684200,0.213148,0.210392,0.213277,0.216110
-0.932400,0.290771,0.287209,0.291373,0.271640
-0.266620,0.200632,0.200006,0.200008,0.194720
-0.468210,0.203146,0.201975,0.202089,0.176160
0.513730,0.189455,0.187428,0.187552,0.179990
-1.468700,0.278319,0.271896,0.279633,0.270730
-1.085400,0.318571,0.319081,0.319898,0.294090
0.158880,0.211527,0.212228,0.212479,0.219870
0.331500,0.196837,0.194942,0.196083,0.182760
-1.163900,0.324135,0.325532,0.325586,0.298870
-0.603250,0.214569,0.211024,0.212736,0.194460
1.437400,0.248357,0.247423,0.248428,0.276770
-1.275200,0.320189,0.321186,0.321799,0.297000
-1.454400,0.282864,0.277314,0.284263,0.273580
1.374700,0.254800,0.254236,0.254955,0.286890
-1.290500,0.318506,0.319268,0.320137,0.295950
-1.394700,0.299495,0.297092,0.301119,0.283960
-0.273830,0.200581,0.199980,0.199981,0.193190
1.520000,0.238320,0.236979,0.238412,0.259620
-0.878350,0.277156,0.272009,0.277279,0.260300
0.222310,0.207266,0.206937,0.207778,0.204860
0.695820,0.209321,0.205430,0.208370,0.215610
1.242400,0.264022,0.264357,0.264502,0.298610
1.419700,0.250285,0.249446,0.250370,0.279890
0.718420,0.213193,0.209290,0.212431,0.221240
-0.429340,0.201854,0.201034,0.201072,0.175200
-1.082900,0.318287,0.318753,0.319609,0.293870
-0.747290,0.242763,0.236232,0.241552,0.228520
-1.196500,0.324460,0.325950,0.325953,0.299380
1.930200,0.164870,0.159551,0.164881,0.142720
-1.411400,0.295243,0.292051,0.296824,0.281290
-0.331990,0.200527,0.200046,0.200048,0.182690
1.768400,0.197673,0.193900,0.197655,0.191080
-1.232600,0.323402,0.324802,0.324948,0.298920
1.280200,0.262116,0.262216,0.262504,0.296680
-1.510700,0.263874,0.254733,0.264876,0.261740
-2.202800,0.058511,0.051984,0.057913,0.074039
-0.974070,0.300207,0.297948,0.301100,0.279300
-0.262080,0.200670,0.200028,0.200031,0.195710
-1.758100,0.165264,0.147100,0.164014,0.194180
0.165600,0.211190,0.211809,0.212114,0.218340
-0.687850,0.229209,0.223588,0.227552,0.213650
-0.830820,0.264509,0.258336,0.264147,0.249280
1.262000,0.263116,0.263335,0.263550,0.297760
-1.351900,0.308893,0.308148,0.310565,0.289880
1.185300,0.265564,0.266138,0.266151,0.299310
0.541200,0.190734,0.188467,0.188866,0.183560
-1.054000,0.314550,0.314442,0.315798,0.290840
1.573400,0.230917,0.229254,0.231061,0.246600
1.179000,0.265628,0.266217,0.266224,0.299220
1.204700,0.265232,0.265743,0.265787,0.299370
1.179800,0.265621,0.266208,0.266216,0.299230
0.556660,0.191759,0.189318,0.189931,0.185930
1.597500,0.227331,0.225481,0.227491,0.240310
0.051902,0.212734,0.213359,0.213448,0.238130
0.205560,0.208607,0.208591,0.209270,0.208870
-1.483900,0.273271,0.265886,0.274483,0.267600
-0.960630,0.297289,0.294613,0.298096,0.276950
1.243600,0.263972,0.264300,0.264449,0.298570
-1.336900,0.311664,0.311379,0.313336,0.291630
-0.265670,0.200640,0.200010,0.200013,0.194930
1.940100,0.162746,0.157307,0.162781,0.139850
1.297900,0.261005,0.260982,0.261347,0.295380
-0.757060,0.245188,0.238592,0.244068,0.230990
-0.221040,0.201239,0.200434,0.200460,0.205160
-2.395300,0.036447,0.031283,0.036092,0.041145
-1.126000,0.322273,0.323359,0.323673,0.297190
1.446200,0.247369,0.246389,0.247435,0.275130
2.109300,0.122954,0.112808,0.123245,0.094927
-1.155100,0.323843,0.325187,0.325282,0.298590
0.570490,0.192855,0.190244,0.191076,0.188260
-0.963940,0.298019,0.295447,0.298848,0.277540
-2.080500,0.077585,0.069071,0.076734,0.101970
2.201300,0.098308,0.083555,0.098289,0.074348
-1.433600,0.289102,0.284748,0.290602,0.277460
-1.009100,0.307168,0.305938,0.308248,0.284900
-0.039359,0.208904,0.208361,0.208748,0.239180
-1.902900,0.117488,0.103611,0.116097,0.150690
1.117700,0.265063,0.265675,0.265727,0.296660
0.836120,0.234421,0.231771,0.234564,0.250550
-1.252700,0.322155,0.323407,0.323731,0.298200
0.784640,0.225155,0.221731,0.224936,0.237930
-1.415200,0.294230,0.290849,0.295800,0.280650
0.838900,0.234907,0.232305,0.235067,0.251210
2.108900,0.123057,0.112929,0.123349,0.095021
-1.895000,0.119715,0.105541,0.118307,0.153000
-1.331100,0.312663,0.312539,0.314332,0.292260
-0.682690,0.228147,0.222638,0.226463,0.212390
0.133790,0.212514,0.213431,0.213524,0.225330
0.689050,0.208197,0.204327,0.207190,0.213950
0.312730,0.198645,0.196894,0.198115,0.185740
-0.707390,0.233409,0.227402,0.231874,0.218480
-1.612000,0.224221,0.208893,0.224211,0.236420
-0.981930,0.301853,0.299833,0.302792,0.280630
-1.924900,0.111512,0.098454,0.110177,0.144260
1.287300,0.261686,0.261738,0.262056,0.296190
2.074500,0.131763,0.123078,0.132073,0.103460
-1.442600,0.286458,0.281599,0.287918,0.275810
0.022015,0.211814,0.212062,0.212271,0.240170
1.733000,0.204353,0.200997,0.204401,0.201720
-1.820900,0.142768,0.125983,0.141321,0.175190
-2.221100,0.056062,0.049750,0.055495,0.070343
-1.642600,0.211586,0.194908,0.211256,0.227990
-1.130300,0.322563,0.323695,0.323969,0.297440
0.487920,0.188891,0.186998,0.187005,0.177480
-0.345320,0.200597,0.200114,0.200117,0.180850
0.676810,0.206216,0.202405,0.205109,0.210970
-1.183500,0.324474,0.325947,0.325950,0.299280
1.126200,0.265273,0.265896,0.265930,0.297200
-0.642480,0.220604,0.216069,0.218777,0.202910
0.839800,0.235064,0.232478,0.235230,0.251420
1.428800,0.249304,0.248415,0.249381,0.278320
2.155100,0.110885,0.098510,0.111066,0.084311
-1.489800,0.271255,0.263488,0.272424,0.266350
2.044400,0.139107,0.131475,0.139392,0.111170
1.265800,0.262919,0.263114,0.263344,0.297550
-1.919300,0.113002,0.099737,0.111652,0.145890
1.648500,0.219226,0.216883,0.219388,0.226350
0.670030,0.205148,0.201380,0.203988,0.209340
-0.486420,0.203984,0.202605,0.202788,0.177360
2.139600,0.115024,0.103431,0.115253,0.087824
0.959890,0.253213,0.252639,0.253844,0.276810
-1.717600,0.180980,0.162668,0.179979,0.206300
-1.691000,0.191681,0.173660,0.190892,0.214130
-1.970400,0.100169,0.088704,0.098977,0.131260
-0.821430,0.261994,0.255681,0.261532,0.247010
-2.194300,0.059679,0.053046,0.059067,0.075809
-1.174000,0.324363,0.325807,0.325827,0.299120
0.385050,0.192333,0.190340,0.191013,0.176860
-0.260660,0.200683,0.200035,0.200039,0.196020
-1.051600,0.314203,0.314042,0.315444,0.290550
-1.434100,0.288957,0.284576,0.290455,0.277370
-1.228900,0.323580,0.324999,0.325121,0.299020
-1.396300,0.299101,0.296626,0.300722,0.283720
1.185900,0.265557,0.266129,0.266143,0.299310
2.222600,0.092438,0.076635,0.092305,0.070042
-0.886140,0.279188,0.274249,0.279386,0.262020
-0.679050,0.227410,0.221983,0.225708,0.211510
-0.993160,0.304122,0.302436,0.305123,0.282450
-2.044400,0.084321,0.074985,0.083368,0.111180
0.318270,0.198104,0.196304,0.197507,0.184820
1.791300,0.193240,0.189220,0.193185,0.184150
1.382100,0.254097,0.253486,0.254239,0.285840
0.803360,0.228567,0.225395,0.228488,0.242590
-0.349200,0.200623,0.200137,0.200141,0.180360
0.380620,0.192653,0.190655,0.191375,0.177190
-0.305820,0.200477,0.199964,0.199965,0.186950
1.224500,0.264687,0.265114,0.265204,0.299120
-1.631800,0.216054,0.199812,0.215835,0.231020
-1.246900,0.322564,0.323866,0.324131,0.298440
-1.537400,0.253959,0.243051,0.254719,0.255530
-0.311120,0.200478,0.199975,0.199975,0.186020
-0.315480,0.200482,0.199986,0.199987,0.185280
-0.904900,0.283996,0.279593,0.284368,0.266050
1.438900,0.248190,0.247248,0.248260,0.276490
1.240500,0.264101,0.264445,0.264584,0.298680
0.890930,0.243557,0.241879,0.243986,0.263070
1.595600,0.227619,0.225786,0.227778,0.240830
1.878600,0.175699,0.170884,0.175618,0.157880
-0.619450,0.216900,0.212950,0.215053,0.197830
-2.186500,0.060770,0.054035,0.060144,0.077467
-0.596080,0.213610,0.210238,0.211791,0.193030
0.784700,0.225166,0.221742,0.224948,0.237950
1.245900,0.262220,0.262193,0.262351,0.298480
-1.302600,0.316974,0.317514,0.318620,0.294990
-0.621600,0.217226,0.213222,0.215379,0.198290
-1.627100,0.217996,0.201958,0.217827,0.232300
0.514480,0.189481,0.187449,0.187578,0.180070
1.048600,0.261735,0.262065,0.262430,0.290190
1.333500,0.258390,0.258112,0.258640,0.292000
0.830950,0.233511,0.230774,0.233622,0.249310
1.326400,0.258950,0.258723,0.259218,0.292760
-0.109220,0.205168,0.204166,0.204462,0.230100
-1.452300,0.283514,0.278089,0.284924,0.273980
-0.876560,0.276687,0.271493,0.276793,0.259900
-1.550600,0.248883,0.237119,0.249515,0.252320
-1.194100,0.324477,0.325966,0.325967,0.299370
2.023000,0.144174,0.137167,0.144422,0.116810
-1.187100,0.324489,0.325969,0.325970,0.299330
-0.370930,0.200818,0.200292,0.200300,0.178020
0.249940,0.204802,0.203953,0.205024,0.198410
-2.266200,0.050390,0.044528,0.049893,0.061708
-1.569300,0.241530,0.228591,0.241972,0.247650
1.746000,0.201926,0.198414,0.201950,0.197810
0.827450,0.232892,0.230097,0.232980,0.248470
0.813550,0.230408,0.227390,0.230402,0.245090
-1.089900,0.319066,0.319652,0.320403,0.294500
0.198420,0.209136,0.209249,0.209857,0.210580
1.313600,0.259912,0.259777,0.260213,0.294020
0.480670,0.188843,0.186971,0.186971,0.176930
1.143400,0.265566,0.266197,0.266206,0.298100
0.119770,0.212874,0.213848,0.213886,0.228130
1.265600,0.262930,0.263126,0.263355,0.297560
-1.149900,0.323631,0.324938,0.325063,0.298390
-1.136200,0.322929,0.324120,0.324342,0.297750
1.374500,0.254819,0.254256,0.254974,0.286930
0.668770,0.204953,0.201193,0.203782,0.209040
0.530960,0.190176,0.188009,0.188288,0.182120
-1.406900,0.296420,0.293449,0.298015,0.282040
-0.626800,0.218032,0.213896,0.216186,0.199420
-0.462940,0.202933,0.201818,0.201916,0.175900
1.484200,0.242878,0.241713,0.242945,0.267540
1.160100,0.265685,0.266306,0.266307,0.298760
1.601200,0.226766,0.224886,0.226928,0.239330
0.114210,0.212979,0.213962,0.213985,0.229190
-0.673050,0.226219,0.220930,0.224488,0.210060
0.860610,0.238630,0.236410,0.238914,0.256290
-0.937890,0.292077,0.288687,0.292721,0.272710
1.070500,0.263105,0.263562,0.263796,0.292640
0.701040,0.210200,0.206297,0.209292,0.216900
1.259200,0.263257,0.263493,0.263697,0.297900
-0.467750,0.203127,0.201961,0.202073,0.176140
1.763200,0.198668,0.194954,0.198659,0.192630
-1.566500,0.242642,0.229875,0.243113,0.248370
1.286100,0.261760,0.261820,0.262134,0.296280
-1.321200,0.314272,0.314402,0.315936,0.293280
-1.453000,0.283298,0.277832,0.284704,0.273840
-1.383000,0.302280,0.300383,0.303926,0.285710
2.031000,0.140519,0.132970,0.140563,0.114680
-0.853320,0.270532,0.264785,0.270404,0.254600
-2.177900,0.061993,0.055143,0.061352,0.079299
-1.122600,0.322030,0.323078,0.323424,0.296980
-0.458810,0.202776,0.201702,0.201790,0.175720
0.077645,0.213137,0.214003,0.214019,0.235140
-1.329500,0.312931,0.312850,0.314600,0.292440
0.098369,0.213159,0.214128,0.214129,0.231990
-0.057624,0.207910,0.207189,0.207581,0.237560
0.815090,0.230685,0.227690,0.230690,0.245470
0.985570,0.256159,0.255913,0.256827,0.281230
0.786840,0.225557,0.222160,0.225356,0.238480
-1.684800,0.194207,0.176300,0.193472,0.215930
0.002489,0.211003,0.210983,0.211270,0.240620
-0.983880,0.302254,0.300293,0.303204,0.280950
-1.829400,0.139925,0.123405,0.138469,0.172630
-2.046700,0.083874,0.074595,0.082928,0.110580
-3.096000,0.002195,0.000789,0.002054,0.002031
2.183100,0.103297,0.089477,0.103366,0.078186
-1.661100,0.203940,0.186627,0.203425,0.222760
-0.088749,0.206222,0.205292,0.205641,0.233530
1.429200,0.249260,0.248370,0.249337,0.278250
-0.350210,0.200630,0.200143,0.200147,0.180240
-1.078100,0.317724,0.318103,0.319035,0.293400
1.685200,0.212973,0.210205,0.213101,0.215810
-0.292750,0.200496,0.199953,0.199953,0.189370
0.194240,0.209433,0.209618,0.210186,0.211590
1.569300,0.231512,0.229878,0.231652,0.247650
1.988600,0.152070,0.145859,0.152235,0.126180
1.624500,0.223127,0.221033,0.223295,0.233010
-1.504200,0.266208,0.257497,0.267264,0.263210
0.378450,0.192814,0.190814,0.191557,0.177370
-1.024100,0.309838,0.309011,0.310982,0.287040
1.833200,0.184940,0.180517,0.184844,0.171500
1.424900,0.249727,0.248860,0.249807,0.279000
-1.057000,0.314976,0.314934,0.316233,0.291180
-1.277100,0.319995,0.320966,0.321608,0.296880
-1.221000,0.323907,0.325359,0.325435,0.299190
-0.656240,0.223035,0.218153,0.221241,0.206080
0.668330,0.204884,0.201128,0.203711,0.208930
-1.638400,0.213324,0.196810,0.213037,0.229170
0.897460,0.244569,0.243006,0.245025,0.264470
0.070444,0.213065,0.213874,0.213905,0.236080
-2.447900,0.031535,0.026473,0.031203,0.034422
-1.402300,0.297599,0.294847,0.299206,0.282780
2.288200,0.074474,0.056057,0.073952,0.057789
-1.209500,0.324252,0.325735,0.325764,0.299340
1.376400,0.254640,0.254065,0.254792,0.286650
-1.303500,0.316853,0.317375,0.318500,0.294910
-0.707960,0.233535,0.227518,0.232005,0.218620
0.949030,0.251855,0.251127,0.252465,0.274820
0.022278,0.211824,0.212075,0.212283,0.240160
-1.349100,0.309431,0.308777,0.311104,0.290220
0.556100,0.191718,0.189284,0.189888,0.185840
-0.801990,0.256813,0.250286,0.256146,0.242250
-0.016278,0.210108,0.209839,0.210184,0.240380
0.248270,0.204958,0.204139,0.205199,0.198790
2.317400,0.066717,0.047595,0.066026,0.052840
0.932370,0.249648,0.248667,0.250218,0.271640
-0.225420,0.201157,0.200370,0.200392,0.204120
-0.028339,0.209490,0.209071,0.209443,0.239870
-0.311560,0.200478,0.199976,0.199977,0.185940
1.532000,0.236721,0.235316,0.236824,0.256810
1.925100,0.165958,0.160696,0.165957,0.144200
0.062301,0.212944,0.213679,0.213733,0.237050
1.301500,0.260763,0.260715,0.261096,0.295090
1.188700,0.265521,0.266085,0.266102,0.299340
-2.048100,0.083603,0.074358,0.082661,0.110220
1.545400,0.234891,0.233410,0.235008,0.253600
0.500390,0.189086,0.187140,0.187186,0.178580
-2.609700,0.018839,0.014208,0.018480,0.018944
0.943840,0.251183,0.250378,0.251782,0.273850
0.859280,0.238406,0.236162,0.238683,0.255980
-0.394960,0.201141,0.200528,0.200542,0.176230
-0.443070,0.202242,0.201312,0.201369,0.175280
-0.074409,0.206992,0.206143,0.206520,0.235570
1.980500,0.153887,0.147831,0.154031,0.128430
-1.801200,0.149549,0.132209,0.148138,0.181170
0.851950,0.237162,0.234788,0.237399,0.254280
-0.997750,0.305021,0.303469,0.306046,0.283170
2.109500,0.122902,0.112747,0.123193,0.094878
0.633060,0.199777,0.196357,0.198343,0.200800
1.116200,0.265022,0.265631,0.265687,0.296560
-1.018900,0.308935,0.307971,0.310058,0.286310
-1.117300,0.321626,0.322610,0.323012,0.296640
-0.637140,0.219705,0.215305,0.217868,0.201710
0.771830,0.222811,0.219240,0.222492,0.234720
-1.541800,0.252279,0.241083,0.252997,0.254470
1.837400,0.184095,0.179635,0.183999,0.170240
-0.833200,0.265147,0.259014,0.264810,0.249850
0.757080,0.220118,0.216407,0.219679,0.230990
1.319400,0.259483,0.259307,0.259770,0.293460
0.202700,0.208822,0.208858,0.209509,0.209560
0.399510,0.191368,0.189403,0.189923,0.175990
0.598490,0.195575,0.192593,0.193928,0.193510
1.060500,0.262516,0.262920,0.263210,0.291570
0.975390,0.255036,0.254667,0.255692,0.279530
1.637000,0.221114,0.218894,0.221281,0.229570
1.000300,0.257676,0.257594,0.258357,0.283570
-1.179200,0.324436,0.325898,0.325907,0.299220
0.053766,0.212776,0.213422,0.213504,0.237950
-0.303910,0.200478,0.199961,0.199961,0.187290
1.601900,0.226659,0.224772,0.226822,0.239140
-1.356800,0.307928,0.307020,0.309599,0.289270
0.073192,0.213096,0.213928,0.213953,0.235730
-1.133400,0.322760,0.323924,0.324170,0.297610
1.200800,0.265315,0.265841,0.265877,0.299380
-1.548500,0.249698,0.238068,0.250350,0.252830
-0.370990,0.200818,0.200293,0.200300,0.178010
-1.355100,0.308266,0.307416,0.309938,0.289480
2.247600,0.085546,0.068610,0.085268,0.065173
1.633600,0.221666,0.219481,0.221833,0.230500
1.393700,0.252964,0.252279,0.253084,0.284110
1.109100,0.264807,0.265402,0.265477,0.296060
2.076100,0.131365,0.122619,0.131676,0.103050
-0.996440,0.304766,0.303176,0.305784,0.282970
-1.108900,0.320925,0.321799,0.322297,0.296040
-0.067386,0.207375,0.206576,0.206961,0.236460
-1.959200,0.102839,0.090999,0.101610,0.134410
1.607100,0.225858,0.223927,0.226023,0.237760
-1.447600,0.284953,0.279805,0.286388,0.274880
0.738360,0.216730,0.212893,0.216136,0.226260
0.125040,0.212755,0.213713,0.213769,0.227100
0.556460,0.191744,0.189306,0.189915,0.185900
1.514300,0.239067,0.237756,0.239154,0.260920
-0.902110,0.283290,0.278804,0.283636,0.265460
-0.408350,0.201379,0.200697,0.200718,0.175610
-0.890290,0.280262,0.275438,0.280500,0.262930
1.523700,0.237831,0.236471,0.237926,0.258750
-0.004125,0.210699,0.210589,0.210898,0.240610
0.620820,0.198190,0.194917,0.196675,0.198130
-0.340690,0.200569,0.200089,0.200091,0.181460
-0.046448,0.208521,0.207904,0.208296,0.238620
-1.415400,0.294177,0.290786,0.295746,0.280630
-2.321000,0.044102,0.038636,0.043679,0.052249
2.018600,0.145201,0.138309,0.145440,0.117990
0.618680,0.197924,0.194677,0.196395,0.197670
-1.238700,0.323074,0.324437,0.324629,0.298740
1.234700,0.264328,0.264704,0.264824,0.298860
1.130200,0.265357,0.265983,0.266010,0.297430
1.444800,0.247527,0.246555,0.247594,0.275390
-0.901610,0.283163,0.278663,0.283504,0.265360
0.029967,0.212100,0.212455,0.212631,0.239780
1.529300,0.237084,0.235694,0.237184,0.257440
0.173730,0.210743,0.211253,0.211627,0.216450
-1.459900,0.281140,0.275259,0.282507,0.272510
1.103600,0.264620,0.265201,0.265294,0.295640
-1.411300,0.295269,0.292083,0.296851,0.281320
1.714100,0.207821,0.204698,0.207903,0.207330
1.377100,0.254574,0.253995,0.254724,0.286560
-0.949120,0.294691,0.291655,0.295419,0.274840
1.327500,0.258864,0.258630,0.259130,0.292640
0.570420,0.192849,0.190239,0.191070,0.188250
-1.101000,0.320198,0.320959,0.321556,0.295440
-2.299600,0.046486,0.040884,0.046036,0.055812
-1.164500,0.322558,0.323557,0.323608,0.298890
0.958000,0.252981,0.252381,0.253609,0.276470
-1.397400,0.298829,0.296304,0.300448,0.283540
-0.485810,0.203953,0.202581,0.202761,0.177310
-1.137400,0.322998,0.324201,0.324414,0.297810
1.804300,0.190690,0.186538,0.190618,0.180230
1.716000,0.207476,0.204329,0.207555,0.206780
1.743400,0.202414,0.198933,0.202442,0.198610
-1.857500,0.130892,0.115329,0.129433,0.164170
1.897400,0.171797,0.166815,0.171742,0.152290
1.374200,0.254847,0.254287,0.255003,0.286960
2.336300,0.061833,0.042442,0.061041,0.049803
-1.201600,0.324401,0.325892,0.325902,0.299380
-0.960000,0.297149,0.294454,0.297952,0.276830
-0.819320,0.261430,0.255088,0.260946,0.246500
1.736900,0.203628,0.200225,0.203669,0.200550
0.520060,0.189688,0.187614,0.187788,0.180730
-0.343690,0.200587,0.200105,0.200108,0.181060
-2.813600,0.008520,0.005766,0.008207,0.008046
0.142290,0.212228,0.213088,0.213227,0.223540
0.259640,0.203882,0.202859,0.203992,0.196240
0.610770,0.196967,0.193822,0.195389,0.196010
-1.028400,0.310566,0.309850,0.311727,0.287620
1.319900,0.259446,0.259266,0.259731,0.293410
-1.527800,0.257581,0.247306,0.258432,0.257800
1.091600,0.264148,0.264693,0.264829,0.294650
-0.858030,0.271787,0.266143,0.271708,0.255690
-0.995970,0.304674,0.303071,0.305690,0.282900
-1.136400,0.322940,0.324133,0.324354,0.297770
-1.120700,0.321889,0.322914,0.323280,0.296860
0.574260,0.193183,0.190523,0.191420,0.188930
1.081300,0.263673,0.264179,0.264359,0.293720
1.416100,0.250667,0.249849,0.250756,0.280520
0.967690,0.254147,0.253679,0.254792,0.278200
-0.037179,0.209021,0.208502,0.208887,0.239340
-0.397370,0.201181,0.200556,0.200572,0.176100
0.422800,0.190109,0.188203,0.188491,0.175250
-1.208900,0.324266,0.325750,0.325777,0.299350
-1.731600,0.175458,0.157120,0.174360,0.202130
0.106430,0.213089,0.214073,0.214081,0.230600
-0.981950,0.301857,0.299838,0.302796,0.280630
1.028000,0.260177,0.260355,0.260871,0.287570
-2.284200,0.048257,0.042543,0.047786,0.058492
0.364740,0.193890,0.191889,0.192769,0.178620
-1.059500,0.315325,0.315336,0.316589,0.291460
-0.273680,0.200582,0.199981,0.199981,0.193220
0.819440,0.231465,0.228539,0.231500,0.246530
1.588100,0.228748,0.226975,0.228903,0.242790
