0.130070,0.040596,0.046933,0.046783,0.067094
-0.623220,0.101649,0.122746,0.118670,0.112390
-1.388900,0.203418,0.189692,0.205302,0.184190
-2.532000,0.624504,0.653430,0.651942,0.655680
2.553700,0.000000,0.000000,0.000000,0.001913
-2.766800,1.217229,0.994048,1.172621,1.303300
-0.668810,0.109525,0.122614,0.113574,0.115530
-1.751000,0.277093,0.258281,0.262489,0.242220
-2.530400,0.620826,0.650854,0.648848,0.653710
-0.351120,0.126169,0.109200,0.119283,0.094930
-2.499700,0.579944,0.603594,0.596587,0.618320
-1.018400,0.211043,0.185385,0.209499,0.144540
-0.699820,0.110990,0.123305,0.113638,0.117720
-2.835700,1.197630,0.818618,1.094272,1.245400
-1.737700,0.271450,0.254535,0.257975,0.239410
-2.900400,0.564370,0.478018,0.603209,0.508680
-2.524200,0.608141,0.640972,0.637190,0.646320
-2.244500,0.354318,0.383484,0.372587,0.410870
-2.650300,0.851360,0.866075,0.868482,0.874710
-2.215800,0.354748,0.371136,0.372577,0.396200
-2.104800,0.307250,0.322085,0.314112,0.343420
-0.569640,0.142513,0.122550,0.129565,0.108810
-0.817900,0.122285,0.138753,0.130534,0.126680
-0.360610,0.125476,0.110390,0.120057,0.095518
-2.502700,0.582036,0.608022,0.601113,0.621690
-2.557600,0.699844,0.696043,0.704853,0.689260
-2.727400,1.014363,0.986712,1.051458,1.119200
-2.794300,1.316749,0.955745,1.207549,1.386500
-2.730100,1.024377,0.989031,1.060253,1.131000
-1.556400,0.237818,0.232811,0.232818,0.206360
-1.923800,0.363433,0.299275,0.331417,0.282400
-2.503600,0.582707,0.609359,0.602492,0.622700
-2.550000,0.675287,0.683129,0.688687,0.678700
-2.658100,0.861503,0.880674,0.881247,0.894800
-2.186700,0.390355,0.358357,0.374036,0.381700
-1.286300,0.113779,0.144640,0.120727,0.172610
-1.623000,0.202177,0.234773,0.216556,0.217280
-1.769600,0.274122,0.263821,0.264735,0.246210
-2.868500,0.895371,0.654942,0.868750,0.893690
-2.813500,1.293546,0.900585,1.175584,1.369400
-2.739700,1.066207,0.995405,1.091857,1.175200
-0.736140,0.109451,0.125613,0.112986,0.120370
-2.649500,0.850429,0.864570,0.867212,0.872690
-2.829700,1.236405,0.844092,1.124158,1.290300
-2.790500,1.310468,0.963528,1.207178,1.381200
-2.750700,1.124821,0.998627,1.127328,1.227700
-2.248000,0.356756,0.385007,0.373105,0.412710
-0.904820,0.150428,0.163753,0.160848,0.133990
-2.190200,0.386977,0.359922,0.374203,0.383420
-0.290150,0.086506,0.099233,0.097820,0.091177
-1.439200,0.251616,0.213591,0.237767,0.190250
1.152600,0.042244,0.028752,0.036616,0.026055
-1.487800,0.231847,0.227347,0.238153,0.196520
-1.111600,0.159741,0.161444,0.166440,0.153940
-2.867400,0.906928,0.660916,0.877556,0.906750
-0.737460,0.109251,0.125734,0.112967,0.120470
-2.805200,1.319200,0.928831,1.199016,1.386600
-2.667800,0.876920,0.898552,0.898372,0.920410
-2.655100,0.857366,0.875077,0.876247,0.886920
-1.786100,0.262817,0.268925,0.264143,0.249810
-2.030400,0.234966,0.302692,0.258640,0.314320
-1.602300,0.221763,0.233756,0.223205,0.213720
-2.700800,0.931921,0.951095,0.965049,1.017800
-2.862100,0.961975,0.689364,0.919124,0.972070
-1.812900,0.239089,0.277275,0.264744,0.255790
-2.594200,0.796863,0.760951,0.779080,0.749130
-2.814100,1.303454,0.901831,1.180844,1.367600
-2.125300,0.336379,0.330521,0.337087,0.352520
-2.540600,0.646878,0.667459,0.669111,0.666390
-2.106000,0.308982,0.322551,0.315481,0.343930
-1.865300,0.288635,0.291551,0.298328,0.267910
-2.180200,0.394374,0.355428,0.373273,0.378510
-2.063100,0.254567,0.308768,0.272547,0.326340
-0.990670,0.210913,0.184503,0.201112,0.141870
-2.438000,0.512130,0.522477,0.515197,0.551790
-1.031300,0.209792,0.184361,0.210295,0.145820
-2.372700,0.423895,0.458097,0.440657,0.490940
-2.421100,0.486801,0.503703,0.493747,0.534650
-2.666800,0.875192,0.896728,0.896531,0.917720
-2.688000,0.916584,0.933932,0.940228,0.977320
-2.552700,0.683928,0.687693,0.694410,0.682370
-1.657000,0.190906,0.237993,0.214127,0.223410
-0.315350,0.108798,0.103725,0.108789,0.092723
-2.851400,1.067516,0.744649,0.997525,1.094800
-0.408450,0.108917,0.114752,0.112633,0.098498
-1.081900,0.205590,0.172205,0.191564,0.150890
-2.754600,1.147325,0.998593,1.139275,1.246800
0.765620,0.041378,0.032341,0.038979,0.039375
-1.875800,0.311160,0.293704,0.308522,0.270430
-2.583400,0.775323,0.741370,0.758522,0.729610
-0.389210,0.117752,0.113287,0.117266,0.097296
-2.751900,1.131691,0.998686,1.131053,1.233500
-2.641800,0.842400,0.850041,0.855266,0.853570
-1.782600,0.265755,0.267833,0.264352,0.249040
-0.981860,0.205719,0.183415,0.196839,0.141030
-2.505200,0.571755,0.608245,0.597582,0.624490
-0.067944,0.110374,0.080503,0.092856,0.077947
-2.173100,0.394932,0.352200,0.371654,0.375000
-0.762810,0.102884,0.128605,0.113742,0.122370
-2.296000,0.384780,0.407609,0.390945,0.438770
-1.782900,0.265513,0.267927,0.264335,0.249120
-2.741300,1.074106,0.996160,1.097114,1.182700
-1.927200,0.362070,0.299417,0.330556,0.283290
-2.453400,0.535214,0.540891,0.534881,0.567950
-1.607200,0.216612,0.233944,0.221548,0.214550
-2.700100,0.942255,0.953124,0.970214,1.015700
-2.048600,0.244692,0.305598,0.263605,0.320850
-2.464000,0.549794,0.554285,0.548400,0.579330
-2.929700,0.310327,0.326430,0.381377,0.246730
-2.532500,0.625687,0.654237,0.652916,0.656270
-1.075200,0.210501,0.174415,0.196087,0.150210
-2.766900,1.217773,0.993981,1.172861,1.304000
0.161160,0.035277,0.040821,0.039252,0.065493
-0.968230,0.191105,0.181082,0.189275,0.139750
-2.066700,0.257688,0.309676,0.275343,0.327730
-1.858900,0.275073,0.290092,0.292163,0.266390
-2.406300,0.465096,0.488488,0.475709,0.520370
-1.332100,0.139836,0.160487,0.152498,0.177690
-2.451800,0.532873,0.538920,0.532839,0.566220
-2.268800,0.370290,0.394312,0.378732,0.423650
-1.370100,0.183427,0.179570,0.187580,0.182010
-2.182600,0.393263,0.356512,0.373629,0.379690
-2.818600,1.289269,0.886501,1.167715,1.351100
-1.561800,0.228519,0.229143,0.224669,0.207180
-1.015300,0.211555,0.185492,0.208999,0.144240
1.357200,0.050202,0.025298,0.036867,0.019989
0.807720,0.044014,0.036299,0.043133,0.037821
-1.595100,0.229267,0.233528,0.225558,0.212520
-2.779500,1.266091,0.978436,1.190586,1.353200
-2.785100,1.296952,0.973179,1.203908,1.369400
-2.453800,0.535795,0.541386,0.535391,0.568370
-1.539400,0.224024,0.232359,0.233314,0.203800
-2.645700,0.846266,0.857408,0.861261,0.863310
-1.073800,0.211220,0.174860,0.196959,0.150070
0.069894,0.062787,0.059499,0.057276,0.070275
-2.760900,1.184018,0.997118,1.157399,1.276800
-2.474300,0.537032,0.560765,0.546763,0.590430
-2.314500,0.398147,0.417762,0.400839,0.449810
-2.073700,0.264752,0.311577,0.281341,0.330490
-0.891700,0.157651,0.159626,0.157940,0.132840
-2.510500,0.588789,0.619733,0.613430,0.630500
1.194300,0.029763,0.030877,0.033756,0.024756
-0.342740,0.125163,0.108052,0.117825,0.094412
-2.716900,0.981757,0.975779,1.018267,1.076100
-1.923500,0.363514,0.299261,0.331475,0.282340
-2.615300,0.821544,0.800033,0.814938,0.792080
-1.562800,0.228986,0.229159,0.224578,0.207340
-2.779900,1.279151,0.980934,1.197946,1.354300
-0.688730,0.110973,0.122945,0.113610,0.116930
0.271470,0.020457,0.025123,0.020530,0.060047
-2.829400,1.238162,0.845320,1.125539,1.292100
-2.763400,1.198327,0.996022,1.164084,1.288200
-2.858600,0.997509,0.707799,0.945671,1.012900
-0.510460,0.109120,0.120351,0.116198,0.104960
0.459240,0.045511,0.027551,0.037080,0.051565
-2.528200,0.616036,0.647329,0.644649,0.651050
-2.822500,1.273574,0.872329,1.154202,1.333100
-2.375000,0.425953,0.459999,0.442730,0.492780
-2.577100,0.747480,0.726729,0.738634,0.719000
-2.712500,0.970419,0.970392,1.005006,1.059500
-1.391900,0.206571,0.191289,0.207989,0.184540
-2.739400,1.053031,0.992250,1.083968,1.173600
-1.507100,0.219347,0.230122,0.235230,0.199160
-2.818400,1.289988,0.887205,1.168355,1.351900
-2.820400,1.282417,0.880061,1.161723,1.343400
-2.632600,0.834563,0.832635,0.841384,0.831330
1.354600,0.049418,0.025638,0.036688,0.020060
-1.938400,0.351906,0.299712,0.325271,0.286280
-2.691900,0.924793,0.940326,0.949463,0.989460
-2.634400,0.835984,0.836040,0.844086,0.835670
-2.584800,0.778520,0.743890,0.761270,0.732090
-0.029634,0.103185,0.077430,0.089904,0.075764
-1.829600,0.236130,0.282285,0.270233,0.259580
-2.519600,0.600365,0.633748,0.628900,0.640910
-2.511000,0.589308,0.620494,0.614248,0.631120
-2.371700,0.423049,0.457278,0.439772,0.490080
-2.694200,0.929661,0.944009,0.955100,0.996650
-2.697100,0.935827,0.948552,0.962411,1.005900
-1.371500,0.184991,0.180323,0.188929,0.182170
-2.419000,0.483690,0.501475,0.491128,0.532590
-2.337000,0.408560,0.431690,0.414075,0.464380
-2.863600,0.946524,0.681373,0.907515,0.953530
-0.396830,0.114697,0.113906,0.115568,0.097772
-1.798100,0.251558,0.272679,0.263638,0.252470
-2.587700,0.784757,0.749127,0.766886,0.737170
-2.613000,0.819613,0.795729,0.811275,0.786960
-0.106700,0.057736,0.081667,0.075278,0.080189
-2.483900,0.569726,0.580988,0.574304,0.600930
-2.540300,0.646030,0.666965,0.668499,0.665980
-2.217100,0.353595,0.371696,0.372462,0.396860
-2.038000,0.238845,0.303765,0.259782,0.316980
-2.794200,1.316619,0.955961,1.207561,1.386400
0.217560,0.022540,0.031112,0.029168,0.062663
-2.478000,0.564978,0.572862,0.566471,0.594420
-2.873400,0.843580,0.628098,0.828919,0.832080
-2.496900,0.578135,0.599500,0.592460,0.615210
-2.104500,0.306816,0.321969,0.313770,0.343280
-2.363600,0.417306,0.450819,0.432935,0.483730
-2.756600,1.158994,0.998319,1.145205,1.256400
0.161860,0.035029,0.040688,0.039092,0.065457
-2.393300,0.446987,0.476057,0.460990,0.508510
-2.541300,0.648872,0.668614,0.670544,0.667350
-2.860900,0.974246,0.695719,0.928314,0.986070
-2.805900,1.318548,0.926870,1.197959,1.385800
-1.434700,0.249587,0.211797,0.236257,0.189690
-0.351650,0.126176,0.109270,0.119351,0.094963
-1.089900,0.196512,0.169417,0.185474,0.151710
-1.378900,0.192988,0.184314,0.196011,0.183020
-1.423800,0.241349,0.207119,0.231319,0.188350
-2.831900,1.211420,0.831582,1.106818,1.274600
-2.769700,1.232639,0.991911,1.179333,1.316100
-2.390300,0.443080,0.473311,0.457787,0.505850
-1.453200,0.252333,0.218618,0.240530,0.192010
-1.899600,0.351564,0.297350,0.327087,0.276250
-0.032821,0.106998,0.077786,0.091120,0.075945
-1.081700,0.205773,0.172272,0.191707,0.150870
1.155400,0.042214,0.028949,0.036836,0.025965
-2.789800,1.309015,0.964872,1.206932,1.379900
-2.708700,0.961350,0.965407,0.993922,1.045300
-0.872650,0.160516,0.153711,0.153450,0.131200
-2.752700,1.136301,0.998691,1.133513,1.237700
0.816320,0.041151,0.036628,0.042721,0.037507
-2.428100,0.497228,0.511297,0.502572,0.541740
-2.762200,1.191492,0.996585,1.160916,1.282800
-2.845700,1.107265,0.769101,1.028532,1.154300
-2.001200,0.234120,0.300242,0.267654,0.304580
-2.778600,1.274021,0.982641,1.196057,1.350000
-2.811200,1.298895,0.907929,1.181095,1.375900
-2.703300,0.949206,0.957845,0.978806,1.026300
-1.370500,0.183876,0.179785,0.187966,0.182050
-2.152700,0.376837,0.342835,0.361727,0.365210
-2.691400,0.923737,0.939516,0.948256,0.987940
-1.177600,0.112347,0.142028,0.117088,0.160870
-2.680800,0.901689,0.921702,0.924210,0.956460
-2.329200,0.406095,0.426645,0.409299,0.459150
-1.866300,0.290798,0.291769,0.299305,0.268140
-2.690200,0.921207,0.937561,0.945388,0.984250
-2.817100,1.294465,0.891734,1.172386,1.357300
-2.073500,0.264532,0.311520,0.281160,0.330420
-2.364500,0.417847,0.451521,0.433665,0.484420
-2.185400,0.391408,0.357773,0.373933,0.381060
-0.318960,0.111918,0.104338,0.110265,0.092945
-1.965300,0.298691,0.299754,0.301301,0.293740
-2.720700,0.992520,0.980066,1.030054,1.091400
-2.763200,1.197193,0.996121,1.163562,1.287300
-2.627200,0.830500,0.822427,0.833264,0.818790
-1.029300,0.209838,0.184581,0.210310,0.145620
-2.690500,0.921839,0.938051,0.946101,0.985120
-2.769100,1.229515,0.992388,1.177990,1.313500
-0.902830,0.151584,0.163128,0.160380,0.133810
-2.769300,1.230560,0.992231,1.178441,1.314100
-2.824500,1.264306,0.864751,1.146513,1.322300
-2.779500,1.266091,0.978436,1.190586,1.353200
-1.372200,0.185766,0.180700,0.189603,0.182240
-2.384300,0.435733,0.467953,0.451622,0.500630
-0.395650,0.115207,0.113813,0.115847,0.097698
-1.527200,0.217169,0.231789,0.233611,0.202010
-0.396060,0.115032,0.113845,0.115750,0.097723
-1.171700,0.114141,0.143149,0.120086,0.160240
-1.459800,0.250111,0.220688,0.240901,0.192850
-2.912600,0.449734,0.412351,0.505552,0.385280
-2.764600,1.205084,0.995390,1.167174,1.293600
-1.966500,0.295824,0.299750,0.300035,0.294090
-2.310700,0.395470,0.415589,0.398740,0.447490
-2.968800,0.112701,0.169503,0.172822,0.072775
-2.574100,0.751218,0.724782,0.739721,0.714190
-1.907100,0.358989,0.298130,0.330329,0.278140
-2.850400,1.076826,0.749638,1.004397,1.105700
-0.825290,0.129187,0.140521,0.134124,0.127270
-2.577100,0.747480,0.726729,0.738634,0.718960
-2.905800,0.512359,0.448611,0.559262,0.452140
-2.500400,0.580415,0.604624,0.597633,0.619190
-2.000800,0.234420,0.300224,0.267921,0.304450
-2.493500,0.576029,0.594578,0.587563,0.611450
-2.640700,0.841376,0.847960,0.853592,0.850950
-0.021112,0.090889,0.076389,0.086064,0.075284
-2.284100,0.377730,0.401589,0.385129,0.432030
-1.837400,0.241149,0.284513,0.274653,0.261360
-2.879400,0.779973,0.594836,0.779123,0.757780
-1.270900,0.104980,0.141531,0.113328,0.170930
1.337900,0.037960,0.027500,0.033808,0.020528
-1.234100,0.086548,0.138046,0.104212,0.166930
-2.162300,0.388325,0.347249,0.367403,0.369800
-2.177100,0.395125,0.354022,0.372674,0.376950
-1.349900,0.159318,0.168990,0.168314,0.179700
0.456780,0.043717,0.027460,0.036469,0.051670
-1.645200,0.191370,0.236631,0.213113,0.221250
-0.258280,0.074260,0.093583,0.086629,0.089232
-2.783300,1.291300,0.976032,1.202142,1.364800
-2.713300,0.972405,0.971404,1.007384,1.062200
-2.693300,0.927754,0.942576,0.952877,0.993770
-1.796500,0.253100,0.272179,0.263661,0.252100
-0.643520,0.102398,0.122607,0.115079,0.113770
-2.715600,0.978296,0.974233,1.014304,1.071100
-2.704800,0.952516,0.959998,0.982928,1.031500
-0.325590,0.117056,0.105434,0.112796,0.093354
-1.358800,0.170170,0.173567,0.176710,0.180710
-2.117700,0.325609,0.327285,0.328760,0.349100
-2.661400,0.866402,0.886799,0.886898,0.903190
-2.857000,1.013465,0.716120,0.957532,1.031800
-2.034100,0.236809,0.303189,0.259022,0.315620
-2.140800,0.359310,0.337402,0.352360,0.359640
-2.587400,0.784136,0.748584,0.766310,0.736620
-2.883200,0.739882,0.573639,0.747229,0.710630
-0.016038,0.082591,0.075707,0.083481,0.074999
-2.575500,0.755143,0.727262,0.742606,0.716310
-1.118600,0.147360,0.158871,0.160001,0.154670
1.007300,0.000738,0.022461,0.006621,0.030797
-2.582300,0.772729,0.739394,0.756347,0.727800
-2.683600,0.895544,0.923399,0.923221,0.964350
-1.871800,0.302688,0.292920,0.304676,0.269460
-2.684000,0.908251,0.927200,0.931168,0.965730
-1.189400,0.106023,0.140212,0.111969,0.162130
1.244600,0.017712,0.031294,0.022792,0.023230
-2.429600,0.499475,0.512958,0.504477,0.543200
-2.809900,1.312909,0.915129,1.190706,1.378800
-0.870280,0.159995,0.152991,0.152784,0.131000
-1.319300,0.129876,0.155092,0.142227,0.176250
-0.872220,0.160435,0.153580,0.153331,0.131170
-2.821900,1.276193,0.874562,1.156409,1.336100
-2.454600,0.536952,0.542378,0.536411,0.569180
-1.904200,0.356481,0.297849,0.329264,0.277400
-0.576020,0.141469,0.122661,0.129140,0.109230
-2.275100,0.373381,0.397253,0.381182,0.427100
-2.188600,0.388615,0.359208,0.374146,0.382610
-1.411100,0.227887,0.201138,0.223422,0.186820
-2.148100,0.370272,0.340726,0.358394,0.363020
-2.038700,0.239217,0.303874,0.259956,0.317230
-2.335600,0.408186,0.430767,0.413199,0.463420
-0.731810,0.109998,0.125237,0.113069,0.120050
-2.868800,0.892213,0.653309,0.866339,0.889990
-2.911000,0.464153,0.420794,0.518002,0.400210
-2.830400,1.232237,0.841208,1.120893,1.285100
-2.289800,0.380858,0.404428,0.387845,0.435230
-0.073133,0.105212,0.080740,0.091233,0.078245
-2.810200,1.312354,0.914212,1.190078,1.378100
-2.914200,0.435525,0.403968,0.493227,0.370570
-1.910900,0.361540,0.298460,0.331346,0.279100
-2.727100,1.013295,0.986441,1.050485,1.118200
-0.196410,0.076887,0.085517,0.074178,0.085495
-2.438200,0.512433,0.522709,0.515453,0.551990
-2.365300,0.418347,0.452149,0.434321,0.485020
-2.886700,0.703248,0.554082,0.717744,0.666880
-2.474300,0.537032,0.560765,0.546763,0.590460
-2.852200,1.059987,0.740633,0.991966,1.086000
-2.832700,1.217872,0.831567,1.109749,1.268700
-0.994480,0.212128,0.184860,0.202752,0.142230
-0.650450,0.104631,0.122578,0.114375,0.114250
-1.850000,0.258099,0.287898,0.284130,0.264310
-0.773980,0.100493,0.130221,0.115248,0.123230
-2.694800,0.930934,0.944958,0.956594,0.998530
-1.575600,0.242843,0.233122,0.230558,0.209360
-1.445900,0.252986,0.216103,0.239445,0.191080
-0.993930,0.211988,0.184813,0.202524,0.142180
-2.616200,0.822271,0.801720,0.816358,0.793900
-2.935800,0.268124,0.298036,0.341606,0.207600
-0.644640,0.102738,0.122601,0.114948,0.113850
-0.324820,0.116507,0.105309,0.112516,0.093306
-1.831400,0.236895,0.282807,0.271146,0.259990
-2.119200,0.327724,0.327915,0.330432,0.349740
-2.767900,1.223163,0.993287,1.175232,1.308100
-2.623100,0.827504,0.814692,0.827043,0.809390
-2.806900,1.317444,0.924020,1.196340,1.384300
-2.002500,0.233222,0.300301,0.266811,0.305010
-2.183900,0.392474,0.357098,0.373785,0.380320
-1.685300,0.207755,0.242396,0.225452,0.228800
-2.603000,0.809426,0.777132,0.794696,0.766360
-1.763000,0.276506,0.261822,0.264420,0.244780
-2.337700,0.408739,0.432155,0.414516,0.464870
-0.917710,0.144802,0.167759,0.164384,0.135130
-2.590000,0.789335,0.753298,0.771265,0.741400
-2.846700,1.110217,0.767795,1.029047,1.144100
-2.642500,0.831121,0.848137,0.849199,0.855180
-2.472500,0.559679,0.565445,0.559311,0.588470
-2.155800,0.380953,0.344260,0.363753,0.366700
-0.982430,0.206161,0.183496,0.197134,0.141090
-2.907000,0.501061,0.442144,0.549640,0.439220
-2.837900,1.181744,0.808862,1.082266,1.226700
0.907640,0.037560,0.029847,0.032615,0.034234
-2.895200,0.616059,0.506714,0.646325,0.566970
-0.960250,0.179912,0.179397,0.184606,0.139000
-2.481700,0.568059,0.577937,0.571360,0.598500
-2.833000,1.215924,0.830291,1.108248,1.266100
-2.614300,0.820718,0.798161,0.813352,0.789950
-2.791400,1.312202,0.961759,1.207414,1.382700
-1.640500,0.192623,0.236163,0.213316,0.220390
-1.100700,0.179579,0.165486,0.176321,0.152820
-2.779800,1.278766,0.981069,1.197807,1.353900
-1.400600,0.216001,0.195847,0.215412,0.185570
-1.221600,0.086920,0.137953,0.104339,0.165580
-1.597000,0.227331,0.233583,0.224953,0.212840
-2.665200,0.872490,0.893800,0.893623,0.913310
-2.381700,0.432781,0.465687,0.449054,0.498360
-2.151700,0.375449,0.342376,0.361035,0.364740
-2.789000,1.295764,0.963308,1.199798,1.378400
-1.427100,0.244281,0.208583,0.233003,0.188760
-1.926000,0.362643,0.299370,0.330901,0.283000
-2.803900,1.320148,0.932399,1.200812,1.387800
-1.630400,0.197223,0.235296,0.214770,0.218580
-2.855400,1.029211,0.724368,0.969208,1.050900
-1.870700,0.300322,0.292697,0.303606,0.269190
-2.755500,1.140936,0.995495,1.135111,1.250900
-1.279100,0.109890,0.143051,0.117042,0.171820
-2.550900,0.678152,0.684647,0.690591,0.679870
-0.941020,0.154171,0.174575,0.173952,0.137230
-2.767200,1.219399,0.993778,1.173579,1.305500
-2.474300,0.537032,0.560765,0.546763,0.590440
-2.417800,0.481916,0.500212,0.489638,0.531450
-2.597200,0.801607,0.766446,0.784519,0.754900
-0.437670,0.092885,0.116529,0.106065,0.100330
-2.946200,0.206292,0.252803,0.279902,0.151810
-1.923300,0.363566,0.299251,0.331513,0.282300
-2.694900,0.931146,0.945116,0.956844,0.998900
-2.529700,0.619267,0.649730,0.647505,0.652930
-1.428200,0.245181,0.209062,0.233528,0.188890
-2.684400,0.909079,0.927881,0.932055,0.966640
-2.601500,0.795582,0.771037,0.784905,0.763260
-1.687600,0.210264,0.242824,0.226828,0.229250
-2.847700,1.101365,0.762936,1.022509,1.134300
0.717320,0.015023,0.026064,0.022148,0.041190
-0.645890,0.103130,0.122595,0.114809,0.113930
-2.807700,1.316414,0.921699,1.194952,1.383100
-2.321700,0.402599,0.422015,0.404909,0.454300
-2.607700,0.814645,0.785847,0.802631,0.775820
-2.081700,0.274400,0.313968,0.288980,0.333730
-2.635900,0.837203,0.838879,0.846341,0.839190
-2.815000,1.300953,0.898854,1.178431,1.364800
-2.884800,0.723094,0.564700,0.733756,0.691150
-2.647900,0.848625,0.861557,0.864691,0.868760
-0.968410,0.191341,0.181117,0.189379,0.139760
-2.802500,1.320789,0.936133,1.202506,1.388800
0.080203,0.061206,0.057310,0.056271,0.069723
1.371200,0.049078,0.023227,0.036350,0.019605
-1.617400,0.206759,0.234437,0.218198,0.216300
-2.831900,1.211420,0.831582,1.106818,1.274400
-2.720800,0.992818,0.980174,1.030368,1.091700
-2.314000,0.397805,0.417473,0.400561,0.449470
-2.714800,0.964403,0.970219,1.004902,1.068200
-1.722800,0.257184,0.250616,0.250131,0.236320
-2.592000,0.793052,0.756936,0.775016,0.745030
-1.873600,0.306530,0.293279,0.306417,0.269890
-2.601200,0.807177,0.773807,0.791584,0.762760
-2.783900,1.293246,0.975101,1.202767,1.366400
-1.471900,0.243281,0.223980,0.240353,0.194410
-2.811100,1.310579,0.911431,1.188124,1.376100
-2.109600,0.314145,0.323972,0.319590,0.345520
-1.766300,0.275486,0.262818,0.264634,0.245490
-2.472400,0.559575,0.565311,0.559181,0.588370
-2.250500,0.358564,0.386100,0.373555,0.413970
-1.558100,0.238961,0.232843,0.232713,0.206620
-2.647100,0.847752,0.860049,0.863439,0.866810
0.228990,0.023318,0.029501,0.027665,0.062101
-2.816900,1.295122,0.892422,1.172986,1.358000
-0.043386,0.115681,0.078829,0.094030,0.076544
-0.511750,0.109741,0.120415,0.116660,0.105040
-2.209500,0.361661,0.368410,0.373179,0.393040
-2.761900,1.189774,0.996715,1.160112,1.281500
-2.846800,1.109338,0.767311,1.028397,1.143400
-1.640600,0.192590,0.236173,0.213308,0.220400
-2.738100,1.046833,0.991554,1.079681,1.167700
-2.919900,0.386728,0.374637,0.450427,0.321240
-2.541700,0.650022,0.669275,0.671365,0.667780
-2.679500,0.899060,0.919443,0.921455,0.952550
-1.071700,0.212113,0.175515,0.198218,0.149860
-2.877300,0.802217,0.606515,0.796650,0.784150
-2.455000,0.537527,0.542876,0.536921,0.569630
-2.333300,0.407514,0.429267,0.411779,0.461900
-1.008300,0.212609,0.185538,0.207446,0.143570
-2.776100,1.263447,0.985668,1.192006,1.341200
-2.306200,0.392149,0.413076,0.396297,0.444770
-0.496260,0.102409,0.119629,0.111367,0.104050
-2.330200,0.406470,0.427279,0.409898,0.459780
-1.976000,0.273614,0.299735,0.290002,0.296870
-2.315500,0.398820,0.418342,0.401397,0.450390
-2.784200,1.294196,0.974628,1.203066,1.367100
-2.040800,0.240344,0.304210,0.260548,0.318020
-0.833660,0.136712,0.142631,0.138213,0.127950
-1.786600,0.262379,0.269081,0.264113,0.249930
-2.207300,0.364483,0.367454,0.373388,0.391930
-1.062300,0.213715,0.178248,0.203096,0.148900
-2.495500,0.577262,0.597466,0.590429,0.613640
-2.816800,1.295448,0.892766,1.173285,1.358300
-2.381600,0.432671,0.465600,0.448956,0.498310
-0.176740,0.069156,0.084024,0.069485,0.084319
-2.761700,1.188626,0.996799,1.159574,1.280400
0.137730,0.040002,0.045395,0.044900,0.066697
-0.250480,0.074182,0.092304,0.084708,0.088758
-2.848900,1.090570,0.757058,1.014540,1.121400
-0.822500,0.126592,0.139843,0.132760,0.127050
-2.328800,0.405939,0.426393,0.409060,0.458870
-2.285200,0.378302,0.402131,0.385642,0.432680
-2.428000,0.497079,0.511187,0.502445,0.541570
-2.828300,1.244451,0.849787,1.130508,1.299400
-1.437800,0.251079,0.213042,0.237330,0.190070
-2.897400,0.594015,0.494536,0.628005,0.541960
-1.314900,0.127257,0.153401,0.138938,0.175770
-2.363800,0.417424,0.450974,0.433097,0.483850
-2.825700,1.258352,0.860104,1.141655,1.315600
-1.897400,0.348826,0.297088,0.325847,0.275690
-2.129300,0.342152,0.332266,0.341289,0.354300
-2.810400,1.300499,0.910414,1.182850,1.377800
-2.544500,0.658267,0.673919,0.677151,0.671460
-1.964400,0.300837,0.299758,0.302247,0.293490
-2.666700,0.875021,0.896545,0.896348,0.917220
-2.883800,0.733579,0.570288,0.742179,0.703400
0.899510,0.038504,0.030906,0.034261,0.034521
-2.155600,0.380697,0.344168,0.363628,0.366590
-1.758900,0.277273,0.260598,0.263974,0.243900
-2.517400,0.597125,0.630326,0.625047,0.638390
-0.958740,0.177701,0.179055,0.183724,0.138860
-2.037400,0.238527,0.303673,0.259642,0.316800
-2.395900,0.450476,0.478475,0.463829,0.510820
-2.609000,0.815943,0.788266,0.804779,0.778670
-2.796300,1.318947,0.951317,1.207071,1.388300
-2.867000,0.911121,0.663082,0.880744,0.911940
-1.561800,0.228519,0.229143,0.224669,0.207180
-2.787200,1.302832,0.969621,1.205548,1.374500
-1.404800,0.220721,0.197995,0.218756,0.186070
-2.485200,0.570661,0.582801,0.576058,0.602320
-2.000500,0.234653,0.300211,0.268124,0.304350
-1.507800,0.219021,0.230199,0.235144,0.199260
-0.588700,0.132921,0.122799,0.127192,0.110070
-0.679950,0.110710,0.122754,0.113553,0.116310
-2.456900,0.540232,0.545249,0.539344,0.571660
-2.396100,0.450748,0.478662,0.464050,0.510970
-0.895190,0.155932,0.160724,0.158687,0.133150
-0.470230,0.091577,0.118267,0.105428,0.102390
-2.097600,0.296766,0.319375,0.305963,0.340340
1.116700,0.028549,0.025879,0.028148,0.027196
-2.779600,1.277990,0.981336,1.197524,1.353500
-2.689000,0.918683,0.935588,0.942557,0.980370
-2.176900,0.395147,0.353931,0.372630,0.376890
-2.034200,0.236861,0.303204,0.259037,0.315660
-2.847100,1.106692,0.765856,1.026443,1.140200
-2.765600,1.210647,0.994809,1.169686,1.298400
-1.758200,0.277347,0.260390,0.263877,0.243740
-2.528900,0.617526,0.648448,0.645978,0.651920
-2.265600,0.368567,0.392844,0.377605,0.421970
-1.972400,0.281844,0.299734,0.293783,0.295800
-0.230480,0.075885,0.089338,0.080794,0.087547
-1.731100,0.266094,0.252760,0.254823,0.238040
-2.642200,0.842779,0.850797,0.855877,0.854600
-2.810400,1.300499,0.910414,1.182850,1.377700
-2.584100,0.776936,0.742629,0.759899,0.730810
-1.915200,0.363370,0.298783,0.331957,0.280190
-1.959200,0.313048,0.299781,0.307615,0.291990
-2.106700,0.309990,0.322824,0.316280,0.344250
-2.409400,0.469588,0.491581,0.479393,0.523320
-1.482300,0.235914,0.226300,0.239020,0.195790
-2.853200,1.050480,0.735585,0.984943,1.075700
-2.829600,1.236993,0.844502,1.124619,1.290700
-2.828100,1.245568,0.850593,1.131395,1.300800
-1.944000,0.343685,0.299776,0.321361,0.287790
-2.843400,1.138440,0.783561,1.049937,1.177600
-2.765000,1.207317,0.995164,1.168186,1.295300
-2.291000,0.381574,0.405036,0.388434,0.435910
-2.913200,0.444381,0.409200,0.500915,0.379300
-1.998700,0.236179,0.300139,0.269380,0.303780
-2.869700,0.882727,0.648402,0.859083,0.878870
-2.776000,1.263006,0.985782,1.191833,1.340700
-1.876600,0.312821,0.293855,0.309279,0.270620
-2.349400,0.411524,0.440223,0.422275,0.473100
-1.455700,0.251653,0.219425,0.240734,0.192320
-0.361780,0.125290,0.110528,0.120088,0.095591
-2.197800,0.377574,0.363293,0.374101,0.387180
-1.064200,0.213664,0.177724,0.202212,0.149090
-2.923100,0.360681,0.358568,0.427217,0.294930
-2.204200,0.368681,0.366102,0.373665,0.390370
-2.831100,1.227973,0.838301,1.117568,1.280200
-2.713700,0.973410,0.971904,1.008579,1.063900
-2.787100,1.302570,0.969796,1.205481,1.374300
-2.350400,0.411798,0.440940,0.422977,0.473810
-1.710700,0.241128,0.247688,0.242267,0.233860
-1.060100,0.213639,0.178836,0.204056,0.148680
-1.501400,0.222454,0.229438,0.236001,0.198370
-2.369300,0.421140,0.455332,0.437684,0.488240
-2.773800,1.252953,0.988158,1.187816,1.332700
-2.839300,1.171194,0.802542,1.074344,1.215300
-2.677900,0.895860,0.916643,0.918119,0.948180
1.891200,0.000000,0.000000,0.000000,0.008345
-2.811200,1.298895,0.907929,1.181095,1.375900
-2.615000,0.821298,0.799471,0.814463,0.791380
-0.168620,0.063146,0.083545,0.067689,0.083836
-2.813500,1.293546,0.900585,1.175584,1.369600
-2.390100,0.442824,0.473129,0.457576,0.505690
-2.825100,1.261366,0.862437,1.144106,1.318600
-2.595200,0.798501,0.762780,0.780906,0.751120
-2.154200,0.378867,0.343524,0.362730,0.365950
-2.498300,0.579027,0.601542,0.594512,0.616810
0.563920,0.006420,0.023491,0.016257,0.047204
-2.896900,0.599003,0.497300,0.632160,0.547080
-2.601500,0.795582,0.771037,0.784905,0.763330
-2.184600,0.391997,0.357413,0.373858,0.380670
-3.013600,0.024367,0.064028,0.053215,0.016462
-2.162500,0.388518,0.347341,0.367502,0.369910
-1.173900,0.113578,0.142714,0.118934,0.160480
-0.984810,0.207846,0.183819,0.198338,0.141310
-2.324000,0.403802,0.423413,0.406237,0.455790
-2.570100,0.739511,0.717731,0.731392,0.707720
-1.167200,0.114953,0.144099,0.122573,0.159770
-2.607400,0.814338,0.785289,0.802132,0.775310
-2.824800,1.262845,0.863596,1.145315,1.320400
-2.633400,0.835189,0.834148,0.842585,0.833300
-2.792900,1.314753,0.958708,1.207605,1.384800
-2.593200,0.795166,0.759124,0.777241,0.747280
-2.439000,0.513644,0.523635,0.516476,0.552870
-2.552800,0.684251,0.687862,0.694623,0.682570
-1.515500,0.216475,0.230949,0.234337,0.200330
1.242400,0.018324,0.031311,0.023198,0.023296
-2.773700,1.252481,0.988260,1.187624,1.332200
-2.958800,0.147941,0.203762,0.215708,0.101560
-2.070200,0.261052,0.310604,0.278254,0.329120
0.079821,0.061338,0.057391,0.056313,0.069743
-2.536600,0.635955,0.660897,0.661020,0.661340
-2.882100,0.751460,0.579781,0.756479,0.723470
-2.533400,0.627855,0.655693,0.654677,0.657460
-2.877900,0.795858,0.603181,0.791651,0.776000
-2.683600,0.895544,0.923399,0.923221,0.964440
0.059807,0.059945,0.061637,0.058127,0.070819
-2.419800,0.484874,0.502321,0.492124,0.533370
-2.891400,0.654675,0.527844,0.678166,0.611030
-2.577500,0.760579,0.730815,0.746696,0.719610
-2.842300,1.147490,0.788721,1.056658,1.187500
-1.760500,0.277041,0.261074,0.264173,0.244260
-1.562900,0.241578,0.232925,0.232330,0.207360
-1.039000,0.210229,0.183308,0.209746,0.146580
-1.734000,0.268650,0.253532,0.256277,0.238630
-1.223800,0.086485,0.137931,0.104195,0.165820
-2.563700,0.719592,0.706559,0.717864,0.698110
-2.703400,0.949426,0.957989,0.979079,1.026700
-1.814400,0.238193,0.277735,0.265029,0.256130
-0.872250,0.160441,0.153590,0.153340,0.131170
0.929220,0.026288,0.027141,0.026789,0.033478
-1.689000,0.211863,0.243090,0.227689,0.229520
-2.795300,1.317944,0.953560,1.207369,1.387500
-1.621000,0.203735,0.234648,0.217119,0.216920
-2.862500,0.957866,0.687238,0.916041,0.966670
0.472310,0.051358,0.027877,0.039240,0.051008
-2.727300,1.014006,0.986622,1.051133,1.118900
-0.580780,0.139201,0.122725,0.128566,0.109540
0.070046,0.062797,0.059467,0.057263,0.070267
-2.211600,0.359139,0.369321,0.372975,0.394120
-1.181300,0.110740,0.141398,0.115357,0.161270
-1.570900,0.230874,0.229285,0.223590,0.208610
-0.348120,0.126011,0.108800,0.118843,0.094745
-0.874820,0.160827,0.154375,0.154033,0.131390
-2.728500,1.018353,0.987683,1.055032,1.124200
-2.633800,0.835505,0.834905,0.843186,0.834290
-2.820200,1.283211,0.880785,1.162410,1.344100
-2.109900,0.314573,0.324092,0.319933,0.345620
-2.308400,0.393785,0.414297,0.397486,0.446080
-2.093900,0.291374,0.318043,0.301854,0.338750
-2.783400,1.291629,0.975879,1.202249,1.364900
-0.446460,0.090182,0.117009,0.104998,0.100890
-0.578880,0.140256,0.122701,0.128820,0.109420
-2.709800,0.963920,0.966880,0.997094,1.049400
-1.170200,0.114458,0.143457,0.120896,0.160080
-0.866410,0.158767,0.151825,0.151624,0.130680
-2.745200,1.094344,0.997603,1.109826,1.201300
-2.704100,0.950966,0.958998,0.980997,1.029200
-2.912400,0.451525,0.413403,0.507101,0.386980
-2.780200,1.280298,0.980527,1.198360,1.355500
-0.817690,0.122089,0.138704,0.130434,0.126660
0.806690,0.044287,0.036247,0.043163,0.037859
-2.755500,1.140936,0.995495,1.135111,1.251100
-2.435300,0.508050,0.519377,0.511745,0.549000
-2.787000,1.302306,0.969970,1.205412,1.374100
-1.731200,0.266187,0.252786,0.254875,0.238050
-2.702300,0.947020,0.956388,0.976092,1.023000
-2.943800,0.219424,0.262871,0.293444,0.163470
-0.547520,0.132198,0.121951,0.127709,0.107360
-1.928100,0.361575,0.299451,0.330268,0.283530
-1.463400,0.248383,0.221735,0.240887,0.193310
-2.854700,1.036029,0.727953,0.974256,1.058800
-1.871200,0.301398,0.292799,0.304093,0.269310
-1.950600,0.331651,0.299801,0.315864,0.289610
-1.950800,0.331251,0.299801,0.315684,0.289660
-2.714800,0.964403,0.970219,1.004902,1.068200
-1.117200,0.149747,0.159382,0.161286,0.154520
-1.122700,0.140742,0.157389,0.156263,0.155090
-2.430100,0.500224,0.513514,0.505113,0.543700
-2.978000,0.086977,0.141625,0.139272,0.053283
-2.835200,1.201119,0.820805,1.096924,1.249100
-0.083616,0.091791,0.081123,0.086884,0.078849
-1.033600,0.209821,0.184081,0.210213,0.146040
-1.242500,0.088897,0.138404,0.105082,0.167840
-2.719300,0.988435,0.978527,1.025678,1.085500
-2.730300,1.025149,0.989195,1.060907,1.131900
-2.908600,0.486155,0.433564,0.536901,0.423940
-2.185500,0.391331,0.357818,0.373942,0.381110
-0.574340,0.141967,0.122634,0.129292,0.109120
-2.976000,0.092110,0.147393,0.146107,0.057034
-2.640600,0.841284,0.847771,0.853440,0.850580
-2.642500,0.831121,0.848137,0.849199,0.855180
-0.816950,0.121399,0.138532,0.130081,0.126600
-0.969910,0.193277,0.181408,0.190247,0.139910
-1.842100,0.246279,0.285810,0.277874,0.262450
-1.357800,0.168955,0.173045,0.175756,0.180600
-2.505200,0.571755,0.608245,0.597582,0.624460
-0.574550,0.141914,0.122638,0.129275,0.109130
-2.828500,1.243325,0.848979,1.129615,1.298100
-2.871100,0.867938,0.640742,0.847729,0.861210
-2.559600,0.706357,0.699477,0.709123,0.692120
-1.121700,0.142299,0.157748,0.157171,0.154990
1.369100,0.049802,0.023563,0.036590,0.019660
-2.739400,1.053031,0.992250,1.083968,1.173900
-2.715000,0.976731,0.973506,1.012487,1.068900
-1.502900,0.221567,0.229628,0.235787,0.198570
-2.822100,1.275328,0.873820,1.155679,1.335100
-2.134500,0.349817,0.334569,0.346502,0.356690
-2.172400,0.394765,0.351880,0.371446,0.374670
-2.751000,1.126533,0.998648,1.128263,1.229100
-1.719400,0.252955,0.249769,0.248019,0.235620
-0.887100,0.159450,0.158183,0.156948,0.132440
-1.935400,0.355473,0.299657,0.327037,0.285480
-2.722900,0.999254,0.982382,1.037004,1.100300
-2.244800,0.354520,0.383614,0.372626,0.411030
-2.719100,0.987863,0.978304,1.025056,1.084900
0.893710,0.038043,0.031652,0.035246,0.034726
-2.364300,0.417724,0.451365,0.433502,0.484250
-2.655900,0.858440,0.876572,0.877569,0.888900
-0.721890,0.110706,0.124483,0.113308,0.119320
-1.483000,0.235398,0.226440,0.238913,0.195880
-2.036700,0.238159,0.303567,0.259489,0.316520
-1.965100,0.299168,0.299755,0.301511,0.293690
-2.649200,0.850085,0.864005,0.866737,0.872080
-0.238040,0.075090,0.090401,0.082158,0.088004
-1.092500,0.192862,0.168485,0.183355,0.151970
-2.622900,0.827357,0.814315,0.826738,0.808930
-2.786600,1.301232,0.970663,1.205126,1.373300
-2.320600,0.401984,0.421354,0.404279,0.453640
-2.541600,0.649734,0.669110,0.671160,0.667620
0.512840,0.031805,0.026929,0.033664,0.049303
-1.010800,0.212275,0.185553,0.208067,0.143800
-2.810500,1.311781,0.913290,1.189438,1.377500
-2.872100,0.857355,0.635253,0.839574,0.849240
-2.566200,0.727513,0.710907,0.723171,0.701830
-2.256500,0.362855,0.388748,0.374897,0.417140
-1.964500,0.300598,0.299758,0.302142,0.293510
-2.127600,0.339686,0.331521,0.339521,0.353540
-1.933700,0.357224,0.299618,0.327928,0.285030
-1.580100,0.241152,0.233197,0.229638,0.210070
-2.415100,0.477934,0.497397,0.486308,0.528830
-1.392500,0.207206,0.191607,0.208520,0.184610
-2.827200,1.250498,0.854193,1.135327,1.306300
-2.257800,0.363743,0.389327,0.375236,0.417830
-0.846900,0.147385,0.146182,0.144326,0.129040
-2.581400,0.770552,0.737780,0.754556,0.726160
-2.559900,0.707332,0.699993,0.709763,0.692440
-2.125600,0.336809,0.330651,0.337407,0.352630
-2.326000,0.404753,0.424644,0.407405,0.457080
-1.799800,0.249930,0.273211,0.263637,0.252850
-2.856500,1.018410,0.718706,0.961201,1.037400
0.494770,0.045473,0.027711,0.038234,0.050059
-2.672500,0.885425,0.907052,0.907292,0.933120
-2.666400,0.874509,0.895997,0.895799,0.916450
-2.819000,1.287804,0.885084,1.166420,1.349400
-2.593900,0.796360,0.760403,0.778530,0.748540
-2.477400,0.564443,0.572045,0.565684,0.593850
-2.428200,0.497378,0.511408,0.502699,0.541780
0.629170,0.001702,0.021980,0.006852,0.044596
-2.567200,0.730635,0.712651,0.725287,0.703370
-1.951700,0.329431,0.299801,0.314868,0.289920
-2.445100,0.522870,0.530812,0.524280,0.559240
-0.202590,0.077529,0.086091,0.075551,0.085866
-2.382800,0.434011,0.466641,0.450132,0.499350
-2.624100,0.828235,0.816577,0.828567,0.811520
-0.030006,0.103656,0.077473,0.090053,0.075785
-2.767000,1.218316,0.993914,1.173101,1.304200
-2.757600,1.164834,0.998115,1.148112,1.261300
-2.774900,1.258059,0.987002,1.189873,1.336700
-1.298700,0.119572,0.147954,0.127939,0.173970
-2.469200,0.556076,0.561068,0.555059,0.584920
-1.683100,0.205503,0.241996,0.224185,0.228370
-1.476500,0.240118,0.225063,0.239833,0.195010
-0.423280,0.100224,0.115701,0.108903,0.099427
-2.415400,0.478376,0.497708,0.486677,0.529100
-2.886000,0.710547,0.557994,0.723644,0.675480
-1.887900,0.334413,0.295779,0.319207,0.273370
-2.671600,0.883750,0.905434,0.905549,0.930670
-2.888900,0.680412,0.541792,0.699204,0.641080
-2.139700,0.357644,0.336904,0.351377,0.359120
-2.731700,1.030669,0.990302,1.065497,1.138200
-1.164600,0.115263,0.144686,0.124089,0.159500
-2.786500,1.300959,0.970834,1.205052,1.372900
-2.637400,0.838460,0.841717,0.848599,0.842900
-2.678300,0.896656,0.917345,0.918947,0.949230
-1.525200,0.216619,0.231668,0.233697,0.201720
-1.674800,0.198396,0.240574,0.219916,0.226780
-1.731800,0.266739,0.252945,0.255184,0.238180
-2.460900,0.545740,0.550308,0.544444,0.576000
-1.659400,0.191315,0.238304,0.214611,0.223870
-2.718700,0.986728,0.977853,1.023814,1.083200
-2.347200,0.410962,0.438661,0.420755,0.471460
-2.569700,0.738305,0.717028,0.730553,0.707110
-2.667100,0.863795,0.894113,0.889985,0.918400
-2.605000,0.811756,0.780834,0.798105,0.770270
-1.026600,0.210000,0.184843,0.210249,0.145360
-2.755600,1.153154,0.998479,1.142259,1.251400
-2.388300,0.440555,0.471505,0.455696,0.504050
-0.513840,0.110761,0.120518,0.117412,0.105180
-2.581300,0.770307,0.737601,0.754357,0.726040
-2.738100,1.046833,0.991554,1.079681,1.167500
-1.715100,0.247250,0.248725,0.245226,0.234750
-0.298640,0.093458,0.100773,0.101508,0.091697
-2.636100,0.837369,0.839257,0.846641,0.839660
-1.727900,0.262924,0.251921,0.253102,0.237380
-0.163130,0.058435,0.083261,0.066653,0.083510
-2.475400,0.562584,0.569336,0.563072,0.591630
-0.218720,0.077056,0.087837,0.078720,0.086837
-1.562800,0.228986,0.229159,0.224578,0.207330
-2.202700,0.370767,0.365446,0.373787,0.389610
-1.570900,0.230874,0.229285,0.223590,0.208600
-0.771200,0.100908,0.129798,0.114785,0.123010
-2.263300,0.367240,0.391798,0.376849,0.420730
-0.772520,0.100692,0.129997,0.114997,0.123110
-2.667100,0.863795,0.894113,0.889985,0.918380
0.379580,0.001463,0.023560,0.010058,0.055050
-2.586100,0.781380,0.746234,0.763801,0.734450
-0.953680,0.170316,0.177859,0.180799,0.138390
-2.197500,0.377981,0.363161,0.374115,0.387060
-1.894000,0.344132,0.296652,0.323697,0.274860
-2.618400,0.823994,0.805849,0.819802,0.798800
-2.606000,0.812858,0.782689,0.799791,0.772430
-0.710090,0.110946,0.123772,0.113548,0.118460
-2.810900,1.310988,0.912053,1.188567,1.376700
-2.387000,0.438953,0.470342,0.454355,0.502900
1.172400,0.038757,0.029987,0.036761,0.025432
-2.655300,0.857632,0.875451,0.876577,0.887540
-2.572400,0.746327,0.721779,0.736196,0.711380
-1.676600,0.199744,0.240870,0.220767,0.227130
-0.497310,0.102904,0.119683,0.111699,0.104120
-1.902700,0.355001,0.297694,0.328618,0.277030
-1.045000,0.211151,0.182265,0.208765,0.147170
-2.494600,0.576706,0.596164,0.589134,0.612660
-2.295200,0.384243,0.407193,0.390537,0.438310
-0.048314,0.117454,0.079246,0.094715,0.076824
-1.438400,0.251320,0.213278,0.237521,0.190150
-0.989530,0.210434,0.184382,0.200595,0.141760
-2.739900,1.067181,0.995505,1.092515,1.176200
-2.742200,1.078657,0.996544,1.100063,1.186800
-2.678100,0.896258,0.916994,0.918533,0.948680
-2.545900,0.662507,0.676252,0.680068,0.673250
-2.422700,0.489177,0.505416,0.495753,0.536250
-2.759100,1.173580,0.997724,1.152394,1.268400
-1.570700,0.243417,0.233046,0.231383,0.208580
-0.466330,0.090557,0.118062,0.105007,0.102140
-0.699540,0.110990,0.123295,0.113639,0.117700
-2.420600,0.486060,0.503170,0.493122,0.534250
-2.624400,0.828454,0.817142,0.829023,0.812220
-1.883500,0.326487,0.295077,0.315545,0.272280
-2.036300,0.237949,0.303508,0.259406,0.316400
0.773380,0.043796,0.033298,0.040666,0.039087
-2.345200,0.410487,0.437260,0.419399,0.470030
-1.533800,0.220202,0.232130,0.233416,0.202970
-2.651000,0.852190,0.867391,0.869598,0.876560
-0.175340,0.068226,0.083936,0.069160,0.084236
-2.442400,0.518790,0.527612,0.520826,0.556390
1.117600,0.029159,0.025953,0.028464,0.027165
-2.850700,1.074045,0.748145,1.002345,1.102900
-1.731900,0.266830,0.252972,0.255235,0.238200
-2.887200,0.698044,0.551288,0.713529,0.661770
-2.629600,0.832277,0.826961,0.836879,0.824250
-2.170300,0.394032,0.350920,0.370766,0.373660
-2.771700,1.242787,0.990189,1.183626,1.324200
-2.332800,0.407357,0.428944,0.411473,0.461540
-1.914800,0.363249,0.298755,0.331925,0.280100
-2.477900,0.564889,0.572726,0.566339,0.594310
-0.531360,0.120588,0.121325,0.123474,0.106310
-1.300900,0.120538,0.148620,0.129329,0.174220
-2.239300,0.351179,0.381235,0.372053,0.408200
0.045234,0.050107,0.064688,0.059689,0.071610
-1.762000,0.276745,0.261522,0.264330,0.244570
-1.431100,0.247349,0.210303,0.234825,0.189250
-2.699500,0.940964,0.952220,0.968634,1.013600
-2.595700,0.799298,0.763695,0.781815,0.752010
-2.821500,1.277898,0.876040,1.157855,1.337800
-2.247000,0.356044,0.384571,0.372944,0.412170
-0.555260,0.137498,0.122197,0.128942,0.107860
-2.796900,1.319455,0.949944,1.206835,1.388600
-0.584120,0.136897,0.122761,0.128045,0.109760
-2.672900,0.886176,0.907769,0.908072,0.934280
-0.075972,0.101927,0.080856,0.090182,0.078408
0.748110,0.033510,0.030011,0.033779,0.040029
-2.620400,0.825509,0.809608,0.822901,0.803200
-2.257500,0.363540,0.389193,0.375157,0.417640
1.407900,0.019785,0.016125,0.024383,0.018614
-1.833300,0.237959,0.283353,0.272181,0.260440
-2.088900,0.284200,0.316313,0.296432,0.336690
-2.755000,1.149655,0.998553,1.140473,1.248700
-2.468500,0.555272,0.560147,0.554160,0.584170
-0.277380,0.078826,0.096918,0.092713,0.090397
-2.309300,0.394448,0.414800,0.397975,0.446640
-2.245800,0.355204,0.384048,0.372764,0.411540
-1.492700,0.228277,0.228179,0.237354,0.197190
-2.498800,0.579351,0.602274,0.595251,0.617370
-1.730700,0.265717,0.252654,0.254615,0.237950
-2.597000,0.801307,0.766079,0.784160,0.754420
-2.270700,0.371255,0.395192,0.379440,0.424710
-0.088744,0.084245,0.081271,0.084393,0.079146
-2.852900,1.053343,0.737103,0.987058,1.079100
-2.528400,0.616458,0.647648,0.645028,0.651380
-2.733600,1.038493,0.991706,1.071746,1.147100
-2.761200,1.185749,0.997002,1.158218,1.278000
-2.851100,1.070321,0.746149,0.999596,1.098700
-0.530780,0.120212,0.121300,0.123290,0.106270
-2.812600,1.307249,0.906694,1.184631,1.372200
-2.547900,0.668680,0.679599,0.684260,0.675910
-1.947100,0.338323,0.299793,0.318887,0.288640
-1.349100,0.158352,0.168588,0.167572,0.179600
-2.483200,0.569208,0.580014,0.573364,0.600160
-2.193100,0.383661,0.361213,0.374232,0.384850
-2.543900,0.656473,0.672921,0.675906,0.670600
-2.459200,0.543433,0.548148,0.542276,0.574140
-2.509700,0.587983,0.618519,0.612128,0.629540
-2.031200,0.235355,0.302795,0.258694,0.314610
-1.435000,0.249750,0.211919,0.236367,0.189730
-1.882900,0.325354,0.294976,0.315023,0.272140
-1.259000,0.097502,0.139838,0.108940,0.169630
-0.829260,0.132816,0.141508,0.136071,0.127590
-1.076100,0.209983,0.174126,0.195513,0.150300
-2.792700,1.314437,0.959123,1.207594,1.384600
-2.729300,1.021332,0.988367,1.057639,1.127800
-0.053437,0.117725,0.079635,0.094935,0.077116
-0.661920,0.108091,0.122576,0.113725,0.115040
-2.154800,0.379659,0.343800,0.363119,0.366210
-1.656700,0.190868,0.237955,0.214073,0.223350
-2.604200,0.810845,0.779352,0.796747,0.768800
-2.483700,0.569579,0.580709,0.574035,0.600720
-1.794400,0.255126,0.271521,0.263719,0.251640
-2.777300,1.268635,0.984257,1.194018,1.345600
-0.913650,0.146042,0.166508,0.163159,0.134770
-1.597500,0.226814,0.233598,0.224792,0.212920
-2.572000,0.745157,0.721073,0.735363,0.710810
-0.408350,0.108972,0.114745,0.112659,0.098491
-2.781800,1.286173,0.978273,1.200427,1.360300
-2.624000,0.828162,0.816388,0.828415,0.811480
-2.563600,0.719273,0.706386,0.717651,0.697940
0.279020,0.017898,0.024638,0.018842,0.059687
-2.239500,0.351284,0.381321,0.372068,0.408270
-2.713800,0.973662,0.972029,1.008878,1.064100
-2.793800,1.316079,0.956816,1.207595,1.385900
-1.575100,0.242964,0.233114,0.230651,0.209270
-2.873100,0.846760,0.629751,0.831383,0.836240
-2.095500,0.293702,0.318614,0.303622,0.339430
-2.417300,0.481177,0.499688,0.489019,0.530910
-2.649100,0.849971,0.863817,0.866579,0.871700
-1.810800,0.240499,0.276629,0.264407,0.255310
-2.902000,0.548769,0.469258,0.590087,0.491140
-2.827500,1.248873,0.852998,1.134027,1.304400
-2.843300,1.139270,0.784032,1.050553,1.178200
-2.781100,1.283653,0.979277,1.199553,1.358000
-0.468060,0.090978,0.118153,0.105177,0.102250
-1.869700,0.298163,0.292491,0.302630,0.268960
-2.684600,0.909493,0.928221,0.932501,0.967380
-1.706700,0.235443,0.246775,0.239525,0.233050
-2.829800,1.235815,0.843681,1.123695,1.289400
-1.692200,0.215711,0.243712,0.229717,0.230160
-2.654400,0.856444,0.873768,0.875098,0.885140
-1.773400,0.272148,0.264985,0.264731,0.247040
-2.845700,1.107265,0.769101,1.028532,1.154200
-2.861900,0.964026,0.690426,0.920662,0.974210
-1.479300,0.238109,0.225678,0.239458,0.195390
-0.590040,0.131610,0.122807,0.126916,0.110160
-1.994000,0.241247,0.299981,0.272976,0.302330
-1.927100,0.362122,0.299414,0.330587,0.283270
-2.866700,0.914263,0.664706,0.883130,0.915940
-2.720600,0.992223,0.979958,1.029740,1.090800
-2.668300,0.877795,0.899462,0.899300,0.921780
-2.307900,0.393414,0.414018,0.397215,0.445770
-2.782900,1.289970,0.976642,1.201706,1.363600
-1.912100,0.362166,0.298556,0.331575,0.279400
-2.789000,1.295764,0.963308,1.199798,1.378400
-2.262900,0.367001,0.391617,0.376722,0.420510
-2.236600,0.349916,0.380072,0.371884,0.406780
-1.805700,0.244539,0.275050,0.263860,0.254180
-0.754720,0.105231,0.127571,0.113175,0.121760
-1.968300,0.291527,0.299743,0.298129,0.294590
0.476930,0.051739,0.027921,0.039525,0.050811
-2.266400,0.369010,0.393209,0.377879,0.422370
-0.941130,0.154285,0.174605,0.174007,0.137240
-2.910100,0.472352,0.425568,0.525059,0.408630
-1.434400,0.249421,0.211675,0.236145,0.189660
-2.401400,0.458101,0.483701,0.470013,0.515860
-2.252500,0.360016,0.386979,0.373961,0.415020
-1.627700,0.198880,0.235095,0.215362,0.218100
-2.820800,1.280803,0.878606,1.160335,1.341200
-2.639000,0.839846,0.844745,0.851015,0.846740
-2.774500,1.256220,0.987430,1.189136,1.335200
0.855430,0.028980,0.035676,0.039328,0.036091
-2.088600,0.283777,0.316211,0.296112,0.336570
-1.318300,0.129249,0.154700,0.141468,0.176150
-2.700000,0.942039,0.952974,0.969950,1.015300
-2.725600,1.008091,0.985048,1.045641,1.111500
-2.270200,0.371004,0.394960,0.379251,0.424420
-1.504400,0.220726,0.229811,0.235580,0.198780
-2.573100,0.748357,0.723014,0.737650,0.712540
-2.700800,0.931921,0.951095,0.965049,1.017800
-1.075800,0.210160,0.174223,0.195706,0.150270
-1.277000,0.108676,0.142633,0.116041,0.171590
